0
0.00369004
0.00738007
0.0110701
0.0147601
0.0184502
0.0221402
0.0258303
0.0295203
0.0332103
0.0369004
0.0405904
0.0442804
0.0479705
0.0516605
0.0553506
0.0590406
0.0627306
0.0664207
0.0701107
0.0738007
0.0774908
0.0811808
0.0848708
0.0885609
0.0922509
0.095941
0.099631
0.103321
0.107011
0.110701
0.114391
0.118081
0.121771
0.125461
0.129151
0.132841
0.136531
0.140221
0.143911
0.147601
0.151292
0.154982
0.158672
0.162362
0.166052
0.169742
0.173432
0.177122
0.180812
0.184502
0.188192
0.191882
0.195572
0.199262
0.202952
0.206642
0.210332
0.214022
0.217712
