0.221402
0.225092
0.228782
0.232472
0.236162
0.239852
0.243542
0.247232
0.250923
0.254613
0.258303
0.261993
0.265683
0.269373
0.273063
0.276753
0.280443
0.284133
0.287823
0.291513
0.295203
0.298893
0.302583
0.306273
0.309963
0.313653
0.317343
0.321033
0.324723
0.328413
0.332103
0.335793
0.339483
0.343173
0.346863
0.350554
0.354244
0.357934
0.361624
0.365314
0.369004
0.372694
0.376384
0.380074
0.383764
0.387454
0.391144
0.394834
0.398524
0.402214
0.405904
0.409594
0.413284
0.416974
0.420664
0.424354
0.428044
0.431734
0.435424
0.439114
0.442804
0.446494
0.450185
0.453875
0.457565
0.461255
0.464945
0.468635
0.472325
0.476015
0.479705
0.483395
0.487085
0.490775
0.494465
0.498155
0.501845
0.505535
0.509225
0.512915
0.516605
0.520295
0.523985
0.527675
0.531365
0.535055
0.538745
0.542435
0.546125
0.549815
0.553506
0.557196
0.560886
0.564576
0.568266
0.571956
0.575646
0.579336
0.583026
0.586716
0.590406
0.594096
0.597786
0.601476
0.605166
0.608856
0.612546
0.616236
0.619926
0.623616
0.627306
0.630996
0.634686
0.638376
0.642066
0.645756
0.649446
0.653137
0.656827
0.660517
0.664207
0.667897
0.671587
0.675277
0.678967
0.682657
0.686347
0.690037
0.693727
0.697417
