0.701107
0.704797
0.708487
0.712177
0.715867
0.719557
0.723247
0.726937
0.730627
0.734317
0.738007
0.741697
0.745387
0.749077
0.752768
0.756458
0.760148
0.763838
0.767528
0.771218
0.774908
0.778598
0.782288
0.785978
0.789668
0.793358
0.797048
0.800738
0.804428
0.808118
0.811808
0.815498
0.819188
0.822878
0.826568
0.830258
0.833948
0.837638
0.841328
0.845018
0.848708
0.852399
0.856089
0.859779
0.863469
0.867159
0.870849
0.874539
0.878229
0.881919
0.885609
0.889299
0.892989
0.896679
0.900369
0.904059
0.907749
0.911439
0.915129
0.918819
0.922509
0.926199
0.929889
0.933579
0.937269
0.940959
0.944649
0.948339
0.95203
0.95572
0.95941
0.9631
0.96679
0.97048
0.97417
0.97786
0.98155
0.98524
0.98893
0.99262
0.99631
1
1.00369
1.00738
1.01107
1.01476
1.01845
1.02214
1.02583
1.02952
1.03321
1.0369
1.04059
1.04428
1.04797
1.05166
1.05535
1.05904
1.06273
1.06642
1.07011
1.0738
1.07749
1.08118
1.08487
1.08856
1.09225
1.09594
1.09963
1.10332
1.10701
1.1107
1.11439
1.11808
1.12177
1.12546
1.12915
1.13284
1.13653
1.14022
1.14391
1.1476
1.15129
1.15498
1.15867
1.16236
1.16605
1.16974
1.17343
1.17712
1.18081
1.1845
1.18819
1.19188
1.19557
1.19926
1.20295
1.20664
1.21033
1.21402
1.21771
1.2214
1.22509
1.22878
1.23247
1.23616
1.23985
1.24354
1.24723
1.25092
1.25461
1.2583
1.26199
1.26568
1.26937
1.27306
1.27675
1.28044
1.28413
1.28782
1.29151
1.2952
1.29889
