0
0.767705
1.53541
2.30312
3.07082
3.83853
4.60623
5.37394
6.14164
6.90935
7.67705
8.44476
9.21246
9.98017
10.7479
11.5156
12.2833
13.051
13.8187
14.5864
15.3541
16.1218
16.8895
17.6572
18.4249
19.1926
19.9603
20.728
21.4958
22.2635
23.0312
23.7989
24.5666
25.3343
26.102
26.8697
27.6374
28.4051
29.1728
29.9405
30.7082
31.4759
32.2436
33.0113
33.779
34.5467
35.3144
36.0822
36.8499
37.6176
38.3853
39.153
39.9207
40.6884
41.4561
42.2238
42.9915
43.7592
44.5269
45.2946
46.0623
46.83
47.5977
48.3654
49.1331
49.9008
50.6686
51.4363
52.204
52.9717
53.7394
54.5071
55.2748
56.0425
56.8102
57.5779
58.3456
59.1133
59.881
60.6487
61.4164
62.1841
62.9518
63.7195
64.4873
65.255
66.0227
66.7904
67.5581
68.3258
69.0935
69.8612
70.6289
71.3966
72.1643
72.932
73.6997
74.4674
75.2351
76.0028
76.7705
77.5382
78.3059
79.0737
79.8414
80.6091
81.3768
82.1445
82.9122
83.6799
84.4476
85.2153
85.983
86.7507
87.5184
88.2861
89.0538
89.8215
90.5892
91.3569
92.1246
92.8924
93.6601
94.4278
95.1955
95.9632
96.7309
97.4986
98.2663
99.034
99.8017
100.569
101.337
102.105
102.873
103.64
104.408
105.176
105.943
106.711
107.479
108.246
109.014
109.782
110.55
111.317
112.085
112.853
113.62
114.388
115.156
115.924
116.691
117.459
118.227
118.994
119.762
120.53
121.297
122.065
122.833
123.601
124.368
125.136
125.904
126.671
127.439
128.207
128.975
129.742
130.51
131.278
132.045
132.813
133.581
134.348
135.116
135.884
136.652
137.419
138.187
138.955
139.722
140.49
141.258
142.025
142.793
143.561
144.329
145.096
145.864
146.632
147.399
148.167
148.935
149.703
150.47
151.238
152.006
152.773
153.541
154.309
155.076
155.844
156.612
157.38
158.147
158.915
159.683
160.45
161.218
161.986
162.754
163.521
164.289
165.057
165.824
166.592
167.36
168.127
168.895
169.663
170.431
171.198
171.966
172.734
173.501
174.269
175.037
175.805
176.572
177.34
178.108
178.875
179.643
180.411
181.178
181.946
182.714
183.482
184.249
185.017
185.785
186.552
187.32
188.088
188.856
189.623
190.391
191.159
191.926
192.694
193.462
194.229
194.997
195.765
196.533
197.3
198.068
198.836
199.603
200.371
201.139
201.907
202.674
203.442
204.21
204.977
205.745
206.513
207.28
208.048
208.816
209.584
210.351
211.119
211.887
212.654
213.422
214.19
214.958
215.725
216.493
217.261
218.028
218.796
219.564
220.331
221.099
221.867
222.635
223.402
224.17
224.938
225.705
226.473
227.241
228.008
228.776
229.544
230.312
231.079
231.847
232.615
233.382
234.15
234.918
235.686
236.453
237.221
237.989
238.756
239.524
240.292
241.059
241.827
242.595
243.363
244.13
244.898
245.666
246.433
247.201
247.969
248.737
249.504
250.272
251.04
251.807
252.575
253.343
254.11
254.878
255.646
256.414
257.181
257.949
258.717
259.484
260.252
261.02
261.788
262.555
263.323
264.091
264.858
265.626
266.394
267.161
267.929
268.697
269.465
270.232
