0
0.00369004
0.00738007
0.0110701
0.0147601
0.0184502
0.0221402
0.0258303
0.0295203
0.0332103
0.0369004
0.0405904
0.0442804
0.0479705
0.0516605
0.0553506
0.0590406
0.0627306
0.0664207
0.0701107
0.0738007
0.0774908
0.0811808
0.0848708
0.0885609
0.0922509
0.095941
0.099631
0.103321
0.107011
0.110701
0.114391
0.118081
0.121771
0.125461
0.129151
0.132841
0.136531
0.140221
0.143911
0.147601
0.151292
0.154982
0.158672
0.162362
0.166052
0.169742
0.173432
0.177122
0.180812
0.184502
0.188192
0.191882
0.195572
0.199262
0.202952
0.206642
0.210332
0.214022
0.217712
0.221402
0.225092
0.228782
0.232472
0.236162
0.239852
0.243542
0.247232
0.250923
0.254613
0.258303
0.261993
0.265683
0.269373
0.273063
0.276753
0.280443
0.284133
0.287823
0.291513
0.295203
0.298893
0.302583
0.306273
0.309963
0.313653
0.317343
0.321033
0.324723
0.328413
0.332103
0.335793
0.339483
0.343173
0.346863
0.350554
0.354244
0.357934
0.361624
0.365314
0.369004
0.372694
0.376384
0.380074
0.383764
0.387454
0.391144
0.394834
0.398524
0.402214
0.405904
0.409594
0.413284
0.416974
0.420664
0.424354
0.428044
0.431734
0.435424
0.439114
0.442804
0.446494
0.450185
0.453875
0.457565
0.461255
0.464945
0.468635
0.472325
0.476015
0.479705
0.483395
0.487085
0.490775
0.494465
0.498155
0.501845
0.505535
0.509225
0.512915
0.516605
0.520295
0.523985
0.527675
0.531365
0.535055
0.538745
0.542435
0.546125
0.549815
0.553506
0.557196
0.560886
0.564576
0.568266
0.571956
0.575646
0.579336
0.583026
0.586716
0.590406
0.594096
0.597786
0.601476
0.605166
0.608856
0.612546
0.616236
0.619926
0.623616
0.627306
0.630996
0.634686
0.638376
0.642066
0.645756
0.649446
0.653137
0.656827
0.660517
0.664207
0.667897
0.671587
0.675277
0.678967
0.682657
0.686347
0.690037
0.693727
0.697417
0.701107
0.704797
0.708487
0.712177
0.715867
0.719557
0.723247
0.726937
0.730627
0.734317
0.738007
0.741697
0.745387
0.749077
0.752768
0.756458
0.760148
0.763838
0.767528
0.771218
0.774908
0.778598
0.782288
0.785978
0.789668
0.793358
0.797048
0.800738
0.804428
0.808118
0.811808
0.815498
0.819188
0.822878
0.826568
0.830258
0.833948
0.837638
0.841328
0.845018
0.848708
0.852399
0.856089
0.859779
0.863469
0.867159
0.870849
0.874539
0.878229
0.881919
0.885609
0.889299
0.892989
0.896679
0.900369
0.904059
0.907749
0.911439
0.915129
0.918819
0.922509
0.926199
0.929889
0.933579
0.937269
0.940959
0.944649
0.948339
0.95203
0.95572
0.95941
0.9631
0.96679
0.97048
0.97417
0.97786
0.98155
0.98524
0.98893
0.99262
0.99631
1
1.00369
1.00738
1.01107
1.01476
1.01845
1.02214
1.02583
1.02952
1.03321
1.0369
1.04059
1.04428
1.04797
1.05166
1.05535
1.05904
1.06273
1.06642
1.07011
1.0738
1.07749
1.08118
1.08487
1.08856
1.09225
1.09594
1.09963
1.10332
1.10701
1.1107
1.11439
1.11808
1.12177
1.12546
1.12915
1.13284
1.13653
1.14022
1.14391
1.1476
1.15129
1.15498
1.15867
1.16236
1.16605
1.16974
1.17343
1.17712
1.18081
1.1845
1.18819
1.19188
1.19557
1.19926
1.20295
1.20664
1.21033
1.21402
1.21771
1.2214
1.22509
1.22878
1.23247
1.23616
1.23985
1.24354
1.24723
1.25092
1.25461
1.2583
1.26199
1.26568
1.26937
1.27306
1.27675
1.28044
1.28413
1.28782
1.29151
1.2952
1.29889
