0
-0.807109
-0.335952
0.801694
-0.844462
0.725042
-0.325558
-0.377548
0.793142
-0.173498
-0.707575
0.163308
0.689825
0.193228
-0.481683
-0.576393
-0.141436
0.34744
0.534262
0.377086
0.0452365
-0.258323
-0.409883
-0.388562
-0.244773
-0.0544343
0.116175
0.227356
0.267648
0.246735
0.18558
0.107638
0.0328676
-0.0252603
-0.060343
-0.0720672
-0.064473
-0.04406
-0.0181123
0.00657485
0.0245183
0.0319635
0.026974
0.00929069
-0.0199511
-0.0585716
-0.103709
-0.152156
-0.200649
-0.246094
-0.285741
-0.31729
-0.338954
-0.349479
-0.348134
-0.33467
-0.309274
-0.272505
-0.225225
-0.168541
