0.0786497
0.0194797
-0.0458114
-0.10349
-0.141001
-0.149703
-0.126834
-0.0762905
-0.00799753
0.0640337
0.124578
0.160416
0.163213
0.131437
0.0708809
-0.00637589
-0.084368
-0.146544
-0.17928
-0.174854
-0.133249
-0.0623504
0.0235331
0.106551
0.169025
0.197206
0.1843
0.132072
0.050672
-0.0433239
-0.130288
-0.19164
-0.213813
-0.191248
-0.127745
-0.0358629
0.0655568
0.155252
0.214
0.228728
0.195421
0.120148
0.0179848
-0.0900007
-0.181093
-0.235706
-0.241591
-0.196574
-0.109203
0.00285578
0.116387
0.207435
0.256358
0.252061
0.194498
0.094877
-0.0265086
-0.144413
-0.233887
-0.275558
-0.259817
-0.189018
-0.0771803
0.0527804
0.173743
0.260043
0.292915
0.264567
0.180004
0.05617
-0.0814366
-0.204015
-0.285488
-0.308051
-0.26605
-0.167365
-0.0319491
0.112203
0.234841
0.309804
0.320603
0.264037
0.151058
0.00466595
-0.14477
-0.265814
-0.332572
-0.330232
-0.258338
-0.131083
0.0254865
0.178792
0.29651
0.353379
0.336623
0.248806
0.107488
-0.0582718
-0.213895
-0.326495
-0.371823
-0.339492
-0.235333
-0.0803705
0.0934122
0.249677
0.355328
0.387518
0.338589
0.217859
0.0498726
-0.130591
-0.285714
-0.382567
-0.400098
-0.3337
-0.196372
-0.0161843
0.169454
0.321562
0.407774
0.409221
0.324656
0.170907
-0.0204587
-0.209615
-0.356766
-0.430519
-0.414576
-0.311327
