0.784233
0.797807
0.811823
0.826263
0.841111
0.856349
0.871961
0.887929
0.904234
0.920858
0.937783
0.95499
0.97246
0.990174
1.00811
1.02626
1.04459
1.06308
1.08172
1.10049
1.11936
1.13832
1.15734
1.17641
1.1955
1.2146
1.23369
1.25274
1.27173
1.29065
1.30948
1.32819
1.34676
1.36519
1.38344
1.40149
1.41934
1.43695
1.45432
1.47142
1.48824
1.50475
1.52095
1.53681
1.55231
1.56745
1.58219
1.59654
1.61047
1.62396
1.63701
1.6496
1.66171
1.67333
1.68445
1.69506
1.70514
1.71469
1.72368
1.73212
1.73999
1.74728
1.75398
1.76008
1.76559
1.77048
1.77475
1.7784
1.78142
1.7838
1.78555
1.78665
1.7871
1.78691
1.78606
1.78456
1.7824
1.77959
1.77613
1.77201
1.76723
1.76181
1.75573
1.74901
1.74165
1.73365
1.72502
1.71575
1.70587
1.69537
1.68426
1.67255
1.66025
1.64737
1.6339
1.61988
1.60529
1.59016
1.5745
1.55832
1.54162
1.52443
1.50675
1.4886
1.47
1.45095
1.43147
1.41158
1.39129
1.37062
1.34958
1.32819
1.30647
1.28443
1.2621
1.23948
1.2166
1.19347
1.17012
1.14656
1.12281
1.09889
1.07481
1.05061
1.02629
1.00187
0.977388
0.952846
0.92827
0.903678
0.879091
0.854528
0.830008
0.805553
0.78118
0.756911
0.732764
0.708758
0.684913
0.661249
0.637784
0.614536
0.591526
0.56877
0.546288
0.524097
0.502215
0.48066
0.459448
0.438598
0.418124
0.398045
0.378375
0.359131
0.340327
0.321979
0.3041
0.286706
0.26981
0.253424
0.237562
0.222237
0.20746
