4.18495
5.46945
8.10429
12.0131
22.4468
12.0881
9.55214
8.08155
7.04708
6.24787
5.59514
5.04224
4.56173
4.13617
3.75382
3.40636
3.08772
2.79332
2.5196
2.26377
2.02358
1.79718
1.58304
1.3799
1.18667
1.00243
0.826385
0.657838
0.496188
0.340905
0.191518
0.0476095
-0.0911929
-0.225224
-0.354786
-0.480151
-0.601565
-0.719255
-0.833426
-0.944265
-1.05195
-1.15663
-1.25845
-1.35756
-1.45408
-1.54812
-1.6398
-1.7292
-1.81644
-1.90159
-1.98474
-2.06596
-2.14533
-2.22292
-2.29878
-2.37299
-2.4456
-2.51665
-2.58621
-2.65432
-2.72102
-2.78636
-2.85038
-2.91313
-2.97463
-3.03492
-3.09403
-3.15201
-3.20887
-3.26465
-3.31937
-3.37306
-3.42576
-3.47747
-3.52823
-3.57806
-3.62697
-3.675
-3.72215
-3.76845
-3.81392
-3.85857
-3.90243
-3.94549
-3.9878
-4.02934
-4.07015
-4.11024
-4.14961
-4.18829
-4.22628
-4.2636
-4.30025
-4.33625
-4.37162
-4.40635
-4.44046
-4.47397
-4.50687
-4.53918
-4.57091
-4.60207
-4.63266
-4.66269
-4.69217
-4.72111
-4.74952
-4.77739
-4.80474
-4.83158
-4.85791
-4.88374
-4.90907
-4.93391
-4.95827
-4.98215
-5.00555
-5.02848
-5.05095
-5.07296
-5.09451
-5.11562
-5.13627
-5.15649
-5.17627
-5.19561
-5.21453
-5.23302
-5.25109
-5.26874
-5.28597
-5.30279
-5.31921
-5.33521
-5.35082
-5.36602
-5.38083
-5.39524
-5.40927
-5.4229
-5.43614
-5.44901
-5.46149
-5.47359
-5.48531
-5.49665
-5.50763
-5.51823
-5.52846
-5.53832
-5.54782
-5.55695
-5.56572
-5.57412
-5.58217
-5.58985
-5.59718
-5.60415
-5.61077
-5.61703
-5.62294
-5.6285
-5.6337
-5.63855
-5.64306
-5.64721
-5.65102
-5.65447
-5.65759
-5.66035
-5.66277
-5.66484
-5.66656
-5.66794
-5.66898
-5.66967
-5.67001
-5.67001
-5.66967
-5.66898
-5.66794
-5.66656
-5.66484
-5.66277
-5.66035
-5.65759
-5.65447
-5.65102
-5.64721
-5.64306
-5.63855
-5.6337
-5.6285
-5.62294
-5.61703
-5.61077
-5.60415
-5.59718
-5.58985
-5.58217
-5.57412
-5.56572
-5.55695
-5.54782
-5.53832
-5.52846
-5.51823
-5.50763
-5.49665
-5.48531
-5.47359
-5.46149
-5.44901
-5.43614
-5.4229
-5.40927
-5.39524
-5.38083
-5.36602
-5.35082
-5.33521
-5.31921
-5.30279
-5.28597
-5.26874
-5.25109
-5.23302
-5.21453
-5.19561
-5.17627
-5.15649
-5.13627
-5.11562
-5.09451
-5.07296
-5.05095
-5.02848
-5.00555
-4.98215
-4.95827
-4.93391
-4.90907
-4.88374
-4.85791
-4.83158
-4.80474
-4.77739
-4.74952
-4.72111
-4.69217
-4.66269
-4.63266
-4.60207
-4.57091
-4.53918
-4.50687
-4.47397
-4.44046
-4.40635
-4.37162
-4.33625
-4.30025
-4.2636
-4.22628
-4.18829
-4.14961
-4.11024
-4.07015
-4.02934
-3.9878
-3.94549
-3.90243
-3.85857
-3.81392
-3.76845
-3.72215
-3.675
-3.62697
-3.57806
-3.52823
-3.47747
-3.42576
-3.37306
-3.31937
-3.26465
-3.20887
-3.15201
-3.09403
-3.03492
-2.97463
-2.91313
-2.85038
-2.78636
-2.72102
-2.65432
-2.58621
-2.51665
-2.4456
-2.37299
-2.29878
-2.22292
-2.14533
-2.06596
-1.98474
-1.90159
-1.81644
-1.7292
-1.6398
-1.54812
-1.45408
-1.35756
-1.25845
-1.15663
-1.05195
-0.944265
-0.833426
-0.719255
-0.601565
-0.480151
-0.354786
-0.225224
-0.0911929
0.0476095
0.191518
0.340905
0.496188
0.657838
0.826385
1.00243
1.18667
1.3799
1.58304
1.79718
2.02358
2.26377
2.5196
2.79332
3.08772
3.40636
3.75382
4.13617
4.56173
5.04224
5.59514
6.24787
7.04708
8.08155
9.55214
12.0881
22.4468
12.0131
8.10429
5.46945
