9.67993e-14
-0.0694995
-0.138663
-0.207156
-0.274647
-0.340809
-0.405324
-0.467879
-0.52817
-0.585908
-0.640812
-0.692617
-0.741073
-0.785945
-0.827015
-0.864087
-0.89698
-0.925534
-0.949613
-0.9691
-0.9839
-0.993942
-0.999177
-0.99958
-0.995149
-0.985906
-0.971894
-0.953183
-0.929862
-0.902044
-0.869864
-0.833477
-0.793059
-0.748806
-0.700932
-0.649668
-0.595263
-0.537978
-0.478092
-0.415894
-0.351685
-0.285775
-0.218483
-0.150134
-0.0810591
-0.0115923
0.0579305
0.127173
0.195801
0.263482
0.329888
0.394699
0.457602
0.518291
0.576474
0.63187
0.684209
0.73324
0.778724
0.820443
0.858194
0.891795
0.921083
0.945916
0.966175
0.981762
0.992601
0.99864
0.999849
0.996223
0.987779
0.974558
0.956624
0.934064
0.906987
0.875524
0.839826
0.800067
0.756439
0.709153
0.658437
0.604538
0.547714
0.488242
0.426409
0.362513
0.296864
0.22978
0.161585
0.0926079
0.0231831
-0.0463538
-0.115666
-0.18442
-0.252281
-0.318923
-0.384022
-0.447264
-0.508343
-0.566963
-0.622842
-0.675709
-0.725308
-0.771399
-0.81376
-0.852186
-0.88649
-0.916507
-0.942092
-0.963121
-0.979492
-0.991127
-0.997968
-0.999983
-0.997162
-0.989519
-0.977091
-0.959937
-0.938141
-0.911808
-0.881066
-0.846063
-0.806968
-0.763971
-0.717279
-0.667118
-0.613731
-0.557376
-0.498326
-0.436866
-0.373293
-0.307914
-0.241047
-0.173014
-0.104144
-0.0347708
0.0347708
0.104144
0.173014
0.241047
0.307914
0.373293
0.436866
0.498326
0.557376
0.613731
0.667118
0.717279
0.763971
0.806968
0.846063
0.881066
0.911808
0.938141
0.959937
0.977091
0.989519
0.997162
0.999983
0.997968
0.991127
0.979492
0.963121
0.942092
0.916507
0.88649
0.852186
0.81376
0.771399
0.725308
0.675709
0.622842
0.566963
0.508343
0.447264
0.384022
0.318923
0.252281
0.18442
0.115666
0.0463538
-0.0231831
-0.0926079
-0.161585
-0.22978
-0.296864
-0.362513
-0.426409
-0.488242
-0.547714
-0.604538
-0.658437
-0.709153
-0.756439
-0.800067
-0.839826
-0.875524
-0.906987
-0.934064
-0.956624
-0.974558
-0.987779
-0.996223
-0.999849
-0.99864
-0.992601
-0.981762
-0.966175
-0.945916
-0.921083
-0.891795
-0.858194
-0.820443
-0.778724
-0.73324
-0.684209
-0.63187
-0.576474
-0.518291
-0.457602
-0.394699
-0.329888
-0.263482
-0.195801
-0.127173
-0.0579305
0.0115923
0.0810591
0.150134
0.218483
0.285775
0.351685
0.415894
0.478092
0.537978
0.595263
0.649668
0.700932
0.748806
0.793059
0.833477
0.869864
0.902044
0.929862
0.953183
0.971894
0.985906
0.995149
0.99958
0.999177
0.993942
0.9839
0.9691
0.949613
0.925534
0.89698
0.864087
0.827015
0.785945
0.741073
0.692617
0.640812
0.585908
0.52817
0.467879
0.405324
0.340809
0.274647
0.207156
0.138663
0.0694995
4.63865e-15
-0.0694995
-0.138663
-0.207156
-0.274647
-0.340809
-0.405324
-0.467879
-0.52817
-0.585908
-0.640812
-0.692617
-0.741073
-0.785945
-0.827015
-0.864087
-0.89698
-0.925534
-0.949613
-0.9691
-0.9839
-0.993942
-0.999177
-0.99958
-0.995149
-0.985906
-0.971894
-0.953183
-0.929862
-0.902044
-0.869864
-0.833477
-0.793059
-0.748806
-0.700932
-0.649668
-0.595263
-0.537978
-0.478092
-0.415894
-0.351685
-0.285775
-0.218483
-0.150134
-0.0810591
-0.0115923
0.0579305
0.127173
0.195801
0.263482
0.329888
0.394699
0.457602
0.518291
0.576474
0.63187
0.684209
0.73324
0.778724
0.820443
0.858194
0.891795
0.921083
0.945916
0.966175
0.981762
0.992601
0.99864
0.999849
0.996223
0.987779
0.974558
0.956624
0.934064
0.906987
0.875524
0.839826
0.800067
0.756439
0.709153
0.658437
0.604538
