2.62117
3.52326
6.46292
15.8968
175.663
16.1736
9.02015
6.42918
5.0665
4.21489
3.62672
3.19318
2.85873
2.5919
2.37346
2.19097
2.03597
1.90253
1.78632
1.68414
1.59352
1.51258
1.43981
1.37401
1.31422
1.25963
1.20959
1.16355
1.12103
1.08166
1.04509
1.01102
0.979221
0.949462
0.921555
0.895334
0.87065
0.847373
0.825387
0.804588
0.784884
0.766192
0.748436
0.731549
0.715471
0.700145
0.68552
0.671552
0.658197
0.645418
0.633179
0.621447
0.610192
0.599388
0.589008
0.57903
0.56943
0.560189
0.551289
0.542711
0.534439
0.526458
0.518754
0.511314
0.504124
0.497174
0.490452
0.483949
0.477654
0.471558
0.465654
0.459932
0.454385
0.449007
0.443789
0.438727
0.433813
0.429042
0.424409
0.419908
0.415535
0.411285
0.407153
0.403135
0.399227
0.395426
0.391728
0.388129
0.384626
0.381216
0.377896
0.374663
0.371514
0.368447
0.365459
0.362548
0.359711
0.356947
0.354252
0.351626
0.349067
0.346572
0.344139
0.341768
0.339455
0.337201
0.335003
0.332859
0.33077
0.328732
0.326745
0.324807
0.322918
0.321077
0.319281
0.317531
0.315824
0.314161
0.31254
0.31096
0.30942
0.30792
0.306459
0.305036
0.30365
0.3023
0.300986
0.299708
0.298463
0.297253
0.296076
0.294931
0.293819
0.292738
0.291688
0.290668
0.289679
0.288719
0.287789
0.286887
0.286013
0.285167
0.284349
0.283558
0.282793
0.282056
0.281344
0.280658
0.279997
0.279362
0.278752
0.278167
0.277606
0.277069
0.276556
0.276067
0.275602
0.27516
0.274741
0.274345
0.273972
0.273622
0.273294
0.272989
0.272706
0.272445
0.272206
0.27199
0.271795
0.271622
0.271471
0.271342
0.271234
0.271148
0.271083
0.27104
0.271018
0.271018
0.27104
0.271083
0.271148
0.271234
0.271342
0.271471
0.271622
0.271795
0.27199
0.272206
0.272445
0.272706
0.272989
0.273294
0.273622
0.273972
0.274345
0.274741
0.27516
0.275602
0.276067
0.276556
0.277069
0.277606
0.278167
0.278752
0.279362
0.279997
0.280658
0.281344
0.282056
0.282793
0.283558
0.284349
0.285167
0.286013
0.286887
0.287789
0.288719
0.289679
0.290668
0.291688
0.292738
0.293819
0.294931
0.296076
0.297253
0.298463
0.299708
0.300986
0.3023
0.30365
0.305036
0.306459
0.30792
0.30942
0.31096
0.31254
0.314161
0.315824
0.317531
0.319281
0.321077
0.322918
0.324807
0.326745
0.328732
0.33077
0.332859
0.335003
0.337201
0.339455
0.341768
0.344139
0.346572
0.349067
0.351626
0.354252
0.356947
0.359711
0.362548
0.365459
0.368447
0.371514
0.374663
0.377896
0.381216
0.384626
0.388129
0.391728
0.395426
0.399227
0.403135
0.407153
0.411285
0.415535
0.419908
0.424409
0.429042
0.433813
0.438727
0.443789
0.449007
0.454385
0.459932
0.465654
0.471558
0.477654
0.483949
0.490452
0.497174
0.504124
0.511314
0.518754
0.526458
0.534439
0.542711
0.551289
0.560189
0.56943
0.57903
0.589008
0.599388
0.610192
0.621447
0.633179
0.645418
0.658197
0.671552
0.68552
0.700145
0.715471
0.731549
0.748436
0.766192
0.784884
0.804588
0.825387
0.847373
0.87065
0.895334
0.921555
0.949462
0.979221
1.01102
1.04509
1.08166
1.12103
1.16355
1.20959
1.25963
1.31422
1.37401
1.43981
1.51258
1.59352
1.68414
1.78632
1.90253
2.03597
2.19097
2.37346
2.5919
2.85873
3.19318
3.62672
4.21489
5.0665
6.42918
9.02015
16.1736
175.663
15.8968
6.46292
3.52326
