34.5919
29.3865
26.2451
24.4593
23.2015
22.2288
21.4353
20.7652
20.1853
19.6742
19.2172
18.8042
18.4274
18.081
17.7606
17.4625
17.1839
16.9224
16.6761
16.4434
16.2228
16.0132
15.8136
15.6231
15.4409
15.2665
15.099
14.9382
14.7834
14.6342
14.4904
14.3515
14.2172
14.0873
13.9615
13.8396
13.7213
13.6066
13.4951
13.3867
13.2813
13.1787
13.0789
12.9816
12.8868
12.7944
12.7042
12.6162
12.5302
12.4463
12.3643
12.2842
12.2058
12.1292
12.0543
11.9809
11.9091
11.8389
11.77
11.7026
11.6366
11.5719
11.5085
11.4463
11.3853
11.3256
11.2669
11.2094
11.153
11.0977
11.0434
10.9901
10.9378
10.8864
10.836
10.7865
10.7379
10.6902
10.6433
10.5973
10.5521
10.5077
10.4641
10.4213
10.3792
10.3379
10.2973
10.2574
10.2183
10.1798
10.142
10.1049
10.0684
10.0325
9.99735
9.96278
9.92882
9.89546
9.8627
9.83053
9.79893
9.76791
9.73744
9.70753
9.67817
9.64935
9.62105
9.59329
9.56604
9.5393
9.51307
9.48733
9.46209
9.43734
9.41307
9.38928
9.36596
9.34311
9.32071
9.29878
9.2773
9.25626
9.23567
9.21552
9.1958
9.17652
9.15766
9.13923
9.12122
9.10362
9.08644
9.06967
9.05331
9.03735
9.02179
9.00663
8.99187
8.97749
8.96351
8.94992
8.93671
8.92389
8.91144
8.89937
8.88768
8.87637
8.86543
8.85486
8.84465
8.83482
8.82535
8.81624
8.80749
8.79911
8.79109
8.78342
8.77611
8.76916
8.76256
8.75631
8.75042
8.74488
8.73969
8.73485
8.73036
8.72621
8.72242
8.71897
8.71587
8.71311
8.7107
8.70863
8.70691
8.70553
8.7045
8.70381
8.70347
8.70347
8.70381
8.7045
8.70553
8.70691
8.70863
8.7107
8.71311
8.71587
8.71897
8.72242
8.72621
8.73036
8.73485
8.73969
8.74488
8.75042
8.75631
8.76256
8.76916
8.77611
8.78342
8.79109
8.79911
8.80749
8.81624
8.82535
8.83482
8.84465
8.85486
8.86543
8.87637
8.88768
8.89937
8.91144
8.92389
8.93671
8.94992
8.96351
8.97749
8.99187
9.00663
9.02179
9.03735
9.05331
9.06967
9.08644
9.10362
9.12122
9.13923
9.15766
9.17652
9.1958
9.21552
9.23567
9.25626
9.2773
9.29878
9.32071
9.34311
9.36596
9.38928
9.41307
9.43734
9.46209
9.48733
9.51307
9.5393
9.56604
9.59329
9.62105
9.64935
9.67817
9.70753
9.73744
9.76791
9.79893
9.83053
9.8627
9.89546
9.92882
9.96278
9.99735
10.0325
10.0684
10.1049
10.142
10.1798
10.2183
10.2574
10.2973
10.3379
10.3792
10.4213
10.4641
10.5077
10.5521
10.5973
10.6433
10.6902
10.7379
10.7865
10.836
10.8864
10.9378
10.9901
11.0434
11.0977
11.153
11.2094
11.2669
11.3256
11.3853
11.4463
11.5085
11.5719
11.6366
11.7026
11.77
11.8389
11.9091
11.9809
12.0543
12.1292
12.2058
12.2842
12.3643
12.4463
12.5302
12.6162
12.7042
12.7944
12.8868
12.9816
13.0789
13.1787
13.2813
13.3867
13.4951
13.6066
13.7213
13.8396
13.9615
14.0873
14.2172
14.3515
14.4904
14.6342
14.7834
14.9382
15.099
15.2665
15.4409
15.6231
15.8136
16.0132
16.2228
16.4434
16.6761
16.9224
17.1839
17.4625
17.7606
18.081
18.4274
18.8042
19.2172
19.6742
20.1853
20.7652
21.4353
22.2288
23.2015
24.4593
26.2451
29.3865
