2878.66
868.252
421.225
279.211
209
167.061
139.166
119.268
104.359
92.7718
83.5072
75.9311
69.6208
64.2838
59.7113
55.7504
52.2862
49.2311
46.5168
44.0895
41.9062
39.9319
38.1382
36.5015
35.0021
33.6237
32.3521
31.1757
30.084
29.0685
28.1215
27.2363
26.4071
25.629
24.8972
24.208
23.5578
22.9433
22.3618
21.8107
21.2878
20.7909
20.3183
19.8683
19.4393
19.0298
18.6388
18.2648
17.907
17.5643
17.2358
16.9207
16.6182
16.3276
16.0482
15.7795
15.5208
15.2717
15.0316
14.8001
14.5767
14.3611
14.1529
13.9517
13.7573
13.5692
13.3873
13.2112
13.0408
12.8756
12.7156
12.5605
12.4101
12.2642
12.1227
11.9853
11.852
11.7225
11.5967
11.4744
11.3556
11.2402
11.1279
11.0187
10.9125
10.8091
10.7086
10.6107
10.5154
10.4227
10.3324
10.2444
10.1587
10.0752
9.9939
9.91466
9.83743
9.76216
9.6888
9.61729
9.54758
9.47962
9.41335
9.34875
9.28575
9.22433
9.16443
9.10602
9.04906
8.99352
8.93936
8.88655
8.83506
8.78485
8.73589
8.68816
8.64163
8.59628
8.55207
8.50899
8.467
8.42609
8.38624
8.34741
8.30961
8.27279
8.23695
8.20206
8.16812
8.13509
8.10297
8.07174
8.04139
8.01189
7.98324
7.95542
7.92842
7.90223
7.87683
7.85221
7.82836
7.80528
7.78295
7.76135
7.74049
7.72035
7.70092
7.6822
7.66417
7.64683
7.63018
7.61419
7.59888
7.58422
7.57022
7.55687
7.54416
7.5321
7.52066
7.50985
7.49967
7.49011
7.48116
7.47283
7.4651
7.45798
7.45147
7.44555
7.44023
7.43551
7.43139
7.42785
7.42491
7.42256
7.42079
7.41962
7.41903
7.41903
7.41962
7.42079
7.42256
7.42491
7.42785
7.43139
7.43551
7.44023
7.44555
7.45147
7.45798
7.4651
7.47283
7.48116
7.49011
7.49967
7.50985
7.52066
7.5321
7.54416
7.55687
7.57022
7.58422
7.59888
7.61419
7.63018
7.64683
7.66417
7.6822
7.70092
7.72035
7.74049
7.76135
7.78295
7.80528
7.82836
7.85221
7.87683
7.90223
7.92842
7.95542
7.98324
8.01189
8.04139
8.07174
8.10297
8.13509
8.16812
8.20206
8.23695
8.27279
8.30961
8.34741
8.38624
8.42609
8.467
8.50899
8.55207
8.59628
8.64163
8.68816
8.73589
8.78485
8.83506
8.88655
8.93936
8.99352
9.04906
9.10602
9.16443
9.22433
9.28575
9.34875
9.41335
9.47962
9.54758
9.61729
9.6888
9.76216
9.83743
9.91466
9.9939
10.0752
10.1587
10.2444
10.3324
10.4227
10.5154
10.6107
10.7086
10.8091
10.9125
11.0187
11.1279
11.2402
11.3556
11.4744
11.5967
11.7225
11.852
11.9853
12.1227
12.2642
12.4101
12.5605
12.7156
12.8756
13.0408
13.2112
13.3873
13.5692
13.7573
13.9517
14.1529
14.3611
14.5767
14.8001
15.0316
15.2717
15.5208
15.7795
16.0482
16.3276
16.6182
16.9207
17.2358
17.5643
17.907
18.2648
18.6388
19.0298
19.4393
19.8683
20.3183
20.7909
21.2878
21.8107
22.3618
22.9433
23.5578
24.208
24.8972
25.629
26.4071
27.2363
28.1215
29.0685
30.084
31.1757
32.3521
33.6237
35.0021
36.5015
38.1382
39.9319
41.9062
44.0895
46.5168
49.2311
52.2862
55.7504
59.7113
64.2838
69.6208
75.9311
83.5072
92.7718
104.359
119.268
139.166
167.061
209
279.211
421.225
868.252
