3
3.0038
3.00782
3.01205
3.0165
3.02117
3.02606
3.03117
3.03649
3.04203
3.04779
3.05377
3.05997
3.06638
3.07301
3.07986
3.08693
3.09421
3.10171
3.10943
3.11737
3.12553
3.1339
3.1425
3.15131
3.16033
3.16958
3.17904
3.18872
3.19862
3.20874
3.21907
3.22963
3.2404
3.25139
3.26259
3.27402
3.28566
3.29752
3.3096
3.32189
3.3344
3.34714
3.36008
3.37325
3.38664
3.40024
3.41406
3.4281
3.44236
3.45683
3.47152
3.48643
3.50156
3.5169
3.53247
3.54825
3.56425
3.58047
3.5969
3.61355
3.63042
3.64751
3.66482
3.68234
3.70009
3.71805
3.73622
3.75462
3.77323
3.79206
3.81111
3.83038
3.84987
3.86957
3.88949
3.90963
3.92998
3.95056
3.97135
3.99236
4.01359
4.03503
4.0567
4.07858
4.10068
4.123
4.14553
4.16828
4.19126
4.21444
4.23785
4.26148
4.28532
4.30938
4.33366
4.35815
4.38287
4.4078
4.43295
4.45831
4.4839
4.5097
4.53572
4.56196
4.58842
4.61509
4.64198
4.66909
4.69642
4.72397
4.75173
4.77971
4.80791
4.83633
4.86497
4.89382
4.92289
4.95218
4.98169
5.01141
5.04135
5.07151
5.10189
5.13249
5.1633
5.19433
5.22558
5.25705
5.28874
5.32064
5.35276
5.3851
5.41765
5.45043
5.48342
5.51663
5.55006
5.58371
5.61757
5.65165
5.68595
5.72047
5.7552
5.79016
5.82533
5.86072
5.89632
5.93215
5.96819
6.00445
6.04093
6.07763
6.11454
6.15167
6.18902
6.22659
6.26438
6.30238
6.3406
6.37904
6.4177
6.45657
6.49566
6.53497
6.5745
6.61425
6.65421
6.69439
6.73479
6.77541
6.81625
6.8573
6.89857
6.94006
6.98177
7.02369
7.06584
7.1082
7.15077
7.19357
7.23658
7.27982
7.32327
7.36693
7.41082
7.45492
7.49924
7.54378
7.58854
7.63352
7.67871
7.72412
7.76975
7.81559
7.86166
7.90794
7.95444
8.00116
8.04809
8.09525
8.14262
8.19021
8.23801
8.28604
8.33428
8.38274
8.43142
8.48032
8.52943
8.57876
8.62831
8.67808
8.72807
8.77827
8.82869
8.87933
8.93019
8.98126
9.03256
9.08407
9.1358
9.18774
9.23991
9.29229
9.34489
9.39771
9.45074
9.504
9.55747
9.61116
9.66506
9.71919
9.77353
9.82809
9.88287
9.93787
9.99308
10.0485
10.1042
10.16
10.2161
10.2724
10.3289
10.3857
10.4426
10.4998
10.5572
10.6148
10.6726
10.7307
10.789
10.8474
10.9061
10.9651
11.0242
11.0836
11.1431
11.2029
11.2629
11.3231
11.3836
11.4442
11.5051
11.5662
11.6275
11.6891
11.7508
11.8128
11.875
11.9374
12
12.0628
12.1259
12.1892
12.2527
12.3164
12.3803
12.4445
12.5088
12.5734
12.6382
12.7032
12.7685
12.8339
12.8996
12.9655
13.0316
13.0979
13.1644
13.2312
13.2982
13.3654
13.4328
13.5004
13.5683
13.6363
13.7046
13.7731
13.8419
13.9108
13.98
14.0493
14.1189
14.1887
14.2588
14.329
14.3995
14.4702
14.5411
14.6122
14.6835
14.7551
14.8268
14.8988
14.971
15.0435
15.1161
15.189
15.262
15.3353
15.4089
15.4826
15.5565
15.6307
15.7051
15.7797
15.8545
15.9296
16.0048
16.0803
16.156
16.2319
16.308
16.3844
16.4609
16.5377
16.6147
16.6919
16.7694
16.847
16.9249
17.003
17.0813
17.1598
17.2386
17.3175
17.3967
17.4761
17.5557
17.6356
17.7156
17.7959
