63765.5
31600.2
16827.7
11330.2
8526.61
6832.4
5699.13
4888.19
4279.37
3805.56
3426.39
3116.12
2857.56
2638.8
2451.32
2288.87
2146.78
2021.44
1910.06
1810.46
1720.85
1639.82
1566.2
1499.01
1437.46
1380.87
1328.67
1280.37
1235.55
1193.85
1154.96
1118.62
1084.57
1052.62
1022.57
994.269
967.565
942.332
918.451
895.821
874.346
853.943
834.535
816.052
798.433
781.618
765.557
750.201
735.505
721.431
707.94
694.998
682.574
670.638
659.165
648.127
637.503
627.27
617.409
607.9
598.727
589.872
581.321
573.059
565.072
557.349
549.877
542.645
535.642
528.86
522.288
515.917
509.74
503.749
497.936
492.293
486.816
481.497
476.33
471.309
466.43
461.687
457.076
452.591
448.229
443.984
439.854
435.834
431.921
428.111
424.401
420.788
417.268
413.84
410.499
407.244
404.072
400.981
397.968
395.03
392.167
389.375
386.654
384
381.413
378.89
376.429
374.03
371.691
369.41
367.185
365.016
362.901
360.838
358.828
356.867
354.956
353.093
351.277
349.508
347.783
346.103
344.466
342.871
341.318
339.806
338.334
336.901
335.507
334.15
332.831
331.548
330.301
329.09
327.913
326.77
325.661
324.585
323.542
322.531
321.552
320.604
319.686
318.799
317.942
317.115
316.317
315.548
314.808
314.095
313.411
312.755
312.126
311.524
310.949
310.4
309.878
309.383
308.913
308.469
308.051
307.658
307.29
306.948
306.631
306.338
306.071
305.828
305.609
305.416
305.246
305.101
304.98
304.883
304.811
304.763
304.738
304.738
304.763
304.811
304.883
304.98
305.101
305.246
305.416
305.609
305.828
306.071
306.338
306.631
306.948
307.29
307.658
308.051
308.469
308.913
309.383
309.878
310.4
310.949
311.524
312.126
312.755
313.411
314.095
314.808
315.548
316.317
317.115
317.942
318.799
319.686
320.604
321.552
322.531
323.542
324.585
325.661
326.77
327.913
329.09
330.301
331.548
332.831
334.15
335.507
336.901
338.334
339.806
341.318
342.871
344.466
346.103
347.783
349.508
351.277
353.093
354.956
356.867
358.828
360.838
362.901
365.016
367.185
369.41
371.691
374.03
376.429
378.89
381.413
384
386.654
389.375
392.167
395.03
397.968
400.981
404.072
407.244
410.499
413.84
417.268
420.788
424.401
428.111
431.921
435.834
439.854
443.984
448.229
452.591
457.076
461.687
466.43
471.309
476.33
481.497
486.816
492.293
497.936
503.749
509.74
515.917
522.288
528.86
535.642
542.645
549.877
557.349
565.072
573.059
581.321
589.872
598.727
607.9
617.409
627.27
637.503
648.127
659.165
670.638
682.574
694.998
707.94
721.431
735.505
750.201
765.557
781.618
798.433
816.052
834.535
853.943
874.346
895.821
918.451
942.332
967.565
994.269
1022.57
1052.62
1084.57
1118.62
1154.96
1193.85
1235.55
1280.37
1328.67
1380.87
1437.46
1499.01
1566.2
1639.82
1720.85
1810.46
1910.06
2021.44
2146.78
2288.87
2451.32
2638.8
2857.56
3116.12
3426.39
3805.56
4279.37
4888.19
5699.13
6832.4
8526.61
11330.2
16827.7
31600.2
