48.0459
44.9969
42.2603
40.5424
39.3078
38.3457
37.5581
36.8915
36.3138
35.8042
35.3484
34.9361
34.56
34.2141
33.894
33.5962
33.3179
33.0566
32.8105
32.5779
32.3574
32.148
31.9485
31.758
31.576
31.4015
31.2342
31.0733
30.9186
30.7695
30.6257
30.4868
30.3526
30.2227
30.0969
29.975
29.8568
29.742
29.6306
29.5222
29.4168
29.3143
29.2144
29.1172
29.0224
28.9299
28.8398
28.7518
28.6659
28.5819
28.5
28.4198
28.3415
28.2649
28.1899
28.1166
28.0448
27.9745
27.9057
27.8383
27.7723
27.7076
27.6442
27.582
27.521
27.4613
27.4027
27.3452
27.2887
27.2334
27.1791
27.1258
27.0735
27.0221
26.9717
26.9222
26.8736
26.8259
26.7791
26.7331
26.6879
26.6435
26.5999
26.5571
26.515
26.4737
26.4331
26.3932
26.354
26.3156
26.2778
26.2406
26.2042
26.1683
26.1331
26.0985
26.0646
26.0312
25.9985
25.9663
25.9347
25.9037
25.8732
25.8433
25.814
25.7851
25.7568
25.7291
25.7018
25.6751
25.6489
25.6231
25.5979
25.5731
25.5489
25.5251
25.5017
25.4789
25.4565
25.4346
25.4131
25.3921
25.3715
25.3513
25.3316
25.3123
25.2935
25.275
25.257
25.2394
25.2222
25.2055
25.1891
25.1731
25.1576
25.1424
25.1277
25.1133
25.0993
25.0857
25.0725
25.0597
25.0472
25.0352
25.0235
25.0122
25.0012
24.9907
24.9805
24.9706
24.9611
24.952
24.9433
24.9349
24.9269
24.9192
24.9119
24.905
24.8984
24.8921
24.8862
24.8807
24.8755
24.8706
24.8662
24.862
24.8582
24.8548
24.8517
24.8489
24.8465
24.8444
24.8427
24.8413
24.8403
24.8396
24.8393
24.8393
24.8396
24.8403
24.8413
24.8427
24.8444
24.8465
24.8489
24.8517
24.8548
24.8582
24.862
24.8662
24.8706
24.8755
24.8807
24.8862
24.8921
24.8984
24.905
24.9119
24.9192
24.9269
24.9349
24.9433
24.952
24.9611
24.9706
24.9805
24.9907
25.0012
25.0122
25.0235
25.0352
25.0472
25.0597
25.0725
25.0857
25.0993
25.1133
25.1277
25.1424
25.1576
25.1731
25.1891
25.2055
25.2222
25.2394
25.257
25.275
25.2935
25.3123
25.3316
25.3513
25.3715
25.3921
25.4131
25.4346
25.4565
25.4789
25.5017
25.5251
25.5489
25.5731
25.5979
25.6231
25.6489
25.6751
25.7018
25.7291
25.7568
25.7851
25.814
25.8433
25.8732
25.9037
25.9347
25.9663
25.9985
26.0312
26.0646
26.0985
26.1331
26.1683
26.2042
26.2406
26.2778
26.3156
26.354
26.3932
26.4331
26.4737
26.515
26.5571
26.5999
26.6435
26.6879
26.7331
26.7791
26.8259
26.8736
26.9222
26.9717
27.0221
27.0735
27.1258
27.1791
27.2334
27.2887
27.3452
27.4027
27.4613
27.521
27.582
27.6442
27.7076
27.7723
27.8383
27.9057
27.9745
28.0448
28.1166
28.1899
28.2649
28.3415
28.4198
28.5
28.5819
28.6659
28.7518
28.8398
28.9299
29.0224
29.1172
29.2144
29.3143
29.4168
29.5222
29.6306
29.742
29.8568
29.975
30.0969
30.2227
30.3526
30.4868
30.6257
30.7695
30.9186
31.0733
31.2342
31.4015
31.576
31.758
31.9485
32.148
32.3574
32.5779
32.8105
33.0566
33.3179
33.5962
33.894
34.2141
34.56
34.9361
35.3484
35.8042
36.3138
36.8915
37.5581
38.3457
39.3078
40.5424
42.2603
44.9969
