30
30.0455
30.0936
30.1442
30.1973
30.2529
30.3112
30.372
30.4353
30.5013
30.5699
30.6412
30.715
30.7916
30.8708
30.9527
31.0373
31.1247
31.2148
31.3077
31.4034
31.5019
31.6032
31.7074
31.8144
31.9244
32.0373
32.1531
32.2719
32.3937
32.5186
32.6464
32.7774
32.9115
33.0487
33.1891
33.3326
33.4794
33.6295
33.7828
33.9394
34.0994
34.2628
34.4296
34.5998
34.7736
34.9508
35.1316
35.316
35.504
35.6957
35.8911
36.0902
36.2931
36.4998
36.7104
36.9249
37.1433
37.3657
37.5921
37.8226
38.0572
38.296
38.539
38.7862
39.0377
39.2936
39.5539
39.8185
40.0877
40.3614
40.6397
40.9226
41.2102
41.5025
41.7996
42.1016
42.4084
42.7202
43.037
43.3588
43.6858
44.0179
44.3552
44.6978
45.0457
45.399
45.7578
46.1221
46.4919
46.8674
47.2485
47.6355
48.0282
48.4268
48.8313
49.2419
49.6585
50.0812
50.5102
50.9454
51.3869
51.8348
52.2892
52.7501
53.2176
53.6918
54.1728
54.6605
55.1551
55.6567
56.1653
56.681
57.2039
57.734
58.2715
58.8163
59.3686
59.9285
60.4959
61.0711
61.6541
62.2449
62.8437
63.4504
64.0653
64.6883
65.3197
65.9593
66.6074
67.264
67.9291
68.603
69.2856
69.977
70.6774
71.3868
72.1053
72.833
73.57
74.3164
75.0722
75.8375
76.6125
77.3973
78.1918
78.9963
79.8107
80.6353
81.4701
82.3151
83.1706
84.0365
84.913
85.8002
86.6981
87.6069
88.5267
89.4576
90.3996
91.3529
92.3175
93.2936
94.2813
95.2807
96.2918
97.3148
98.3498
99.3969
100.456
101.528
102.612
103.708
104.817
105.939
107.074
108.222
109.382
110.556
111.743
112.944
114.158
115.385
116.627
117.882
119.151
120.435
121.732
123.044
124.37
125.711
127.066
128.436
129.821
131.221
132.636
134.067
135.513
136.974
138.451
139.944
141.452
142.977
144.518
146.074
147.648
149.238
150.844
152.467
154.107
155.764
157.438
159.13
160.839
162.565
164.309
166.071
167.851
169.648
171.464
173.299
175.152
177.023
178.913
180.822
182.75
184.697
186.664
188.65
190.655
192.68
194.725
196.79
198.875
200.98
203.106
205.253
207.42
209.607
211.816
214.046
216.298
218.57
220.865
223.181
225.519
227.879
230.261
232.665
235.092
237.542
240.014
242.509
245.027
247.569
250.134
252.722
255.335
257.971
260.631
263.315
266.024
268.757
271.515
274.297
277.105
279.938
282.796
285.679
288.588
291.523
294.484
297.471
300.484
303.523
306.59
309.682
312.802
315.949
319.124
322.325
325.555
328.812
332.097
335.41
338.752
342.122
345.52
348.948
352.404
355.89
359.405
362.949
366.523
370.127
373.762
377.426
381.12
384.846
388.602
392.389
396.207
400.056
403.937
407.85
411.794
415.77
419.779
423.82
427.894
432
436.139
440.312
444.518
448.757
453.03
457.337
461.678
466.053
470.463
474.908
479.387
483.901
488.451
493.036
497.657
502.313
507.006
511.734
516.5
521.301
526.14
531.015
535.928
540.878
545.866
550.892
555.955
561.057
566.198
571.376
576.594
581.851
587.147
592.482
597.857
603.272
608.727
614.222
619.758
625.334
630.951
636.609
