213.448
73.1532
74.3607
80.9923
92.5731
111.644
144.799
211.752
406.478
1390.51
500.099
230.848
151.544
113.293
90.767
75.9264
65.4118
57.5707
51.4963
46.6496
42.6903
39.3932
36.6033
34.2105
32.1345
30.3154
28.7074
27.2751
25.9908
24.8321
23.7811
22.8232
21.9463
21.1403
20.3967
19.7085
19.0696
18.4748
17.9196
17.4001
16.9129
16.4551
16.024
15.6173
15.2331
14.8695
14.5248
14.1977
13.8868
13.5909
13.309
13.0402
12.7834
12.5381
12.3033
12.0785
11.8631
11.6564
11.458
11.2674
11.0842
10.9079
10.7382
10.5748
10.4172
10.2653
10.1187
9.97711
9.84038
9.70825
9.58051
9.45694
9.33737
9.22161
9.1095
9.00089
8.89563
8.79357
8.6946
8.59858
8.50539
8.41494
8.32711
8.2418
8.15892
8.07839
8.00011
7.92401
7.85001
7.77803
7.70802
7.6399
7.57361
7.50909
7.44628
7.38513
7.32559
7.26761
7.21114
7.15614
7.10255
7.05035
6.99949
6.94993
6.90164
6.85458
6.80872
6.76402
6.72046
6.67801
6.63663
6.5963
6.557
6.5187
6.48137
6.44499
6.40955
6.37501
6.34136
6.30857
6.27664
6.24554
6.21524
6.18575
6.15703
6.12908
6.10188
6.0754
6.04965
6.02461
6.00026
5.97659
5.95359
5.93124
5.90955
5.88848
5.86804
5.84822
5.829
5.81038
5.79235
5.77489
5.75801
5.74168
5.72592
5.7107
5.69602
5.68188
5.66826
5.65517
5.64259
5.63052
5.61896
5.6079
5.59733
5.58726
5.57767
5.56857
5.55994
5.55179
5.54411
5.5369
5.53015
5.52386
5.51804
5.51267
5.50776
5.5033
5.49929
5.49573
5.49262
5.48996
5.48774
5.48596
5.48464
5.48375
5.48331
5.48331
5.48375
5.48464
5.48596
5.48774
5.48996
5.49262
5.49573
5.49929
5.5033
5.50776
5.51267
5.51804
5.52386
5.53015
5.5369
5.54411
5.55179
5.55994
5.56857
5.57767
5.58726
5.59733
5.6079
5.61896
5.63052
5.64259
5.65517
5.66826
5.68188
5.69602
5.7107
5.72592
5.74168
5.75801
5.77489
5.79235
5.81038
5.829
5.84822
5.86804
5.88848
5.90955
5.93124
5.95359
5.97659
6.00026
6.02461
6.04965
6.0754
6.10188
6.12908
6.15703
6.18575
6.21524
6.24554
6.27664
6.30857
6.34136
6.37501
6.40955
6.44499
6.48137
6.5187
6.557
6.5963
6.63663
6.67801
6.72046
6.76402
6.80872
6.85458
6.90164
6.94993
6.99949
7.05035
7.10255
7.15614
7.21114
7.26761
7.32559
7.38513
7.44628
7.50909
7.57361
7.6399
7.70802
7.77803
7.85001
7.92401
8.00011
8.07839
8.15892
8.2418
8.32711
8.41494
8.50539
8.59858
8.6946
8.79357
8.89563
9.00089
9.1095
9.22161
9.33737
9.45694
9.58051
9.70825
9.84038
9.97711
10.1187
10.2653
10.4172
10.5748
10.7382
10.9079
11.0842
11.2674
11.458
11.6564
11.8631
12.0785
12.3033
12.5381
12.7834
13.0402
13.309
13.5909
13.8868
14.1977
14.5248
14.8695
15.2331
15.6173
16.024
16.4551
16.9129
17.4001
17.9196
18.4748
19.0696
19.7085
20.3967
21.1403
21.9463
22.8232
23.7811
24.8321
25.9908
27.2751
28.7074
30.3154
32.1345
34.2105
36.6033
39.3932
42.6903
46.6496
51.4963
57.5707
65.4118
75.9264
90.767
113.293
151.544
230.848
500.099
1390.51
406.478
211.752
144.799
111.644
92.5731
80.9923
74.3607
73.1532
