23.2929
18.6423
18.7134
19.0844
19.6648
20.4783
21.6077
23.2583
26.0904
31.4317
26.9906
23.6333
21.8054
20.542
19.5793
18.8039
18.1566
17.602
17.1178
16.6885
16.3033
15.9542
15.6352
15.3416
15.0697
14.8166
14.5799
14.3577
14.1482
13.9501
13.7623
13.5838
13.4136
13.2511
13.0956
12.9465
12.8034
12.6658
12.5333
12.4055
12.2822
12.163
12.0477
11.9361
11.8279
11.723
11.6211
11.5222
11.426
11.3325
11.2415
11.1528
11.0665
10.9823
10.9002
10.8201
10.742
10.6656
10.5911
10.5182
10.447
10.3774
10.3093
10.2427
10.1775
10.1137
10.0512
9.99005
9.93012
9.87141
9.81388
9.75751
9.70224
9.64807
9.59495
9.54286
9.49177
9.44165
9.39249
9.34427
9.29694
9.25051
9.20494
9.16022
9.11633
9.07325
9.03096
8.98945
8.9487
8.9087
8.86943
8.83087
8.79303
8.75587
8.71939
8.68358
8.64843
8.61392
8.58004
8.54679
8.51415
8.48211
8.45066
8.4198
8.38952
8.35981
8.33065
8.30205
8.27399
8.24647
8.21948
8.19301
8.16705
8.14161
8.11667
8.09222
8.06827
8.04481
8.02182
7.99931
7.97727
7.9557
7.93458
7.91392
7.89371
7.87395
7.85463
7.83575
7.81731
7.79929
7.7817
7.76453
7.74779
7.73146
7.71554
7.70003
7.68493
7.67024
7.65594
7.64205
7.62855
7.61544
7.60272
7.59039
7.57845
7.56689
7.55571
7.54492
7.5345
7.52445
7.51478
7.50549
7.49656
7.488
7.47981
7.47199
7.46453
7.45743
7.4507
7.44433
7.43832
7.43266
7.42737
7.42243
7.41785
7.41362
7.40975
7.40623
7.40307
7.40026
7.3978
7.39569
7.39393
7.39253
7.39148
7.39078
7.39042
7.39042
7.39078
7.39148
7.39253
7.39393
7.39569
7.3978
7.40026
7.40307
7.40623
7.40975
7.41362
7.41785
7.42243
7.42737
7.43266
7.43832
7.44433
7.4507
7.45743
7.46453
7.47199
7.47981
7.488
7.49656
7.50549
7.51478
7.52445
7.5345
7.54492
7.55571
7.56689
7.57845
7.59039
7.60272
7.61544
7.62855
7.64205
7.65594
7.67024
7.68493
7.70003
7.71554
7.73146
7.74779
7.76453
7.7817
7.79929
7.81731
7.83575
7.85463
7.87395
7.89371
7.91392
7.93458
7.9557
7.97727
7.99931
8.02182
8.04481
8.06827
8.09222
8.11667
8.14161
8.16705
8.19301
8.21948
8.24647
8.27399
8.30205
8.33065
8.35981
8.38952
8.4198
8.45066
8.48211
8.51415
8.54679
8.58004
8.61392
8.64843
8.68358
8.71939
8.75587
8.79303
8.83087
8.86943
8.9087
8.9487
8.98945
9.03096
9.07325
9.11633
9.16022
9.20494
9.25051
9.29694
9.34427
9.39249
9.44165
9.49177
9.54286
9.59495
9.64807
9.70224
9.75751
9.81388
9.87141
9.93012
9.99005
10.0512
10.1137
10.1775
10.2427
10.3093
10.3774
10.447
10.5182
10.5911
10.6656
10.742
10.8201
10.9002
10.9823
11.0665
11.1528
11.2415
11.3325
11.426
11.5222
11.6211
11.723
11.8279
11.9361
12.0477
12.163
12.2822
12.4055
12.5333
12.6658
12.8034
12.9465
13.0956
13.2511
13.4136
13.5838
13.7623
13.9501
14.1482
14.3577
14.5799
14.8166
15.0697
15.3416
15.6352
15.9542
16.3033
16.6885
17.1178
17.602
18.1566
18.8039
19.5793
20.542
21.8054
23.6333
26.9906
31.4317
26.0904
23.2583
21.6077
20.4783
19.6648
19.0844
18.7134
18.6423
