-0.304075
0.181174
0.654941
1.10482
1.519
1.88655
2.19771
2.44419
2.6193
2.71823
2.73809
2.67807
2.53942
2.32542
2.04136
1.69435
1.29318
0.848073
0.370469
-0.127305
-0.632333
-1.13144
-1.61155
-2.05999
-2.46486
-2.81531
-3.10186
-3.31665
-3.45361
-3.5087
-3.47996
-3.36762
-3.1741
-2.90392
-2.56368
-2.16182
-1.70847
-1.21514
-0.694513
-0.16005
0.374318
0.894561
1.38691
1.83821
2.2363
2.57028
2.83087
3.01062
3.10414
3.10824
3.02205
2.84708
2.58713
2.24831
1.8388
1.36876
0.84997
0.295636
-0.280001
-0.862008
-1.43515
-1.98427
-2.49471
-2.95268
-3.34565
-3.66266
-3.89464
-4.03466
-4.07814
-4.02301
-3.86974
-3.62139
-3.28357
-2.86428
-2.37374
-1.82418
-1.22947
-0.60483
0.0335626
0.669009
1.28471
1.8642
2.3918
2.85301
3.23494
3.52663
3.7194
3.80704
3.78609
3.65588
3.41861
3.07934
2.64587
2.12857
1.54014
0.895294
0.210401
-0.496923
-1.20827
-1.90492
-2.56831
-3.18056
-3.72493
-4.18626
-4.55141
-4.80965
-4.95292
-4.9761
-4.87721
-4.65743
-4.32119
-3.876
-3.33238
-2.70355
-2.00516
-1.25485
-0.471873
0.323432
1.11016
1.86739
2.5747
3.21278
3.7639
4.2124
4.54518
4.752
4.82587
4.76319
4.56396
4.23177
3.77379
3.20058
2.52591
1.76637
0.941004
0.0708477
-0.821638
-1.71312
-2.58002
-3.3991
-4.14813
-4.80644
-5.35553
-5.77955
-6.06576
-6.20494
-6.19162
-6.02433
-5.70564
-5.24216
-4.64443
-3.92664
-3.10638
-2.20414
-1.24283
-0.247213
0.756738
1.74251
2.68376
3.55499
4.33225
4.99379
5.52065
5.89721
6.11167
6.15634
6.02795
5.72779
5.2617
4.63999
3.87721
2.99185
2.00585
0.944095
-0.166238
-1.29634
-2.41654
-3.49707
-4.50884
-5.42426
-6.21794
-6.86741
-7.35376
-7.66218
-7.78239
-7.70899
-7.44161
-6.98506
-6.3492
-5.54875
-4.603
-3.53529
-2.37249
-1.14429
0.117524
1.37989
2.60935
3.77291
4.83896
5.77808
6.56388
7.1737
7.5893
7.79738
7.78997
7.56471
7.12502
6.48
5.64434
4.63794
3.48543
2.21564
0.860826
-0.544137
-1.96263
-3.35726
-4.69083
-5.92733
-7.03292
-7.97684
-8.73225
-9.27701
-9.59431
-9.67317
-9.50882
-9.10287
-8.46335
-7.60457
-6.54684
-5.31594
-3.94254
-2.46145
-0.910697
0.669392
2.23728
3.75126
5.17063
6.4567
7.57392
8.49077
9.18074
9.623
9.80309
9.71331
9.35304
8.72882
7.85425
6.74972
5.44194
3.96329
2.35105
0.64643
-1.10646
-2.86175
-4.57301
-6.19446
-7.68223
-8.9955
-10.0976
-10.9572
-11.5489
-11.8541
-11.8618
-11.5686
-10.979
-10.1057
-8.96856
-7.59507
-6.01908
-4.28019
-2.42276
-0.494734
1.45357
3.37076
5.20572
6.909
8.4341
9.73878
10.7862
11.5459
11.9947
12.1176
11.908
11.3678
10.5081
9.34812
7.91563
6.24567
4.38002
2.36602
0.255464
-1.8968
-4.03425
-6.10018
-8.03922
-9.79878
-11.3305
-12.5916
-13.546
-14.1654
-14.43
-14.3294
-13.8625
-13.0382
-11.8747
-10.3995
-8.64845
-6.66531
-4.50026
-2.20882
0.149603
2.51322
4.81954
7.00693
9.01634
10.7929
12.2872
13.457
14.2683
14.696
14.7251
14.351
13.5796
12.4277
10.9219
9.09877
7.00342
4.68868
2.2137
-0.357608
-2.95814
-5.5194
-7.97328
-10.2539
-12.2993
-14.0532
-15.4665
-16.4986
-17.1187
-17.3067
-17.0534
-16.3616
-15.2455
-13.7307
-11.8537
-9.66068
-7.20686
-4.55475
-1.77269
1.06691
3.88946
6.62013
9.18585
