164207
96573.7
54088.3
36913.6
28141.8
22784.6
19333.5
16877
15692.8
16283.4
12133.4
10934
10282.2
10100.9
10178.1
10885.4
12662.4
17366.4
27520.1
18175.6
9921.19
6943.96
5490.12
4712.85
4251.85
3873.39
3639.99
2916.83
1625.69
2144.69
2093.24
1850.61
1449.71
816.688
482.817
2552.34
7874.3
10563.4
7234.53
5586.88
4592.44
3998.34
3600.8
3211.79
2810.82
1968.2
2809.22
3012.9
2908.08
2677.01
2502.21
2350.96
2482.2
3381.06
5628.45
7877.17
5134.58
3820.37
3109.33
2752
2523.38
2283.41
2062.63
1868.33
3114.86
2931.59
2727.44
2501.16
2434.02
2460.61
2746.89
3452.36
4395.36
5343.21
2898.18
1921.32
1578
1541.52
1519.37
1520.7
1601.51
1866.1
2826.3
2236.22
1966.22
1769.78
1805.39
1922.42
2208.83
2629.63
2804.98
2895.09
862.512
425.296
753.857
1032.93
1131.19
1319.74
1509.9
1741.74
2168.69
1242.27
1062.77
1007.15
1181.87
1302.71
1459.04
1493.85
1138.96
865.5
914.214
1127.92
1221.53
1302.07
1296.21
1422.93
1454.6
1390.82
1315.38
293.927
705.79
858.36
1013.23
979.136
898.971
457.887
327.145
864.352
1852.93
1708.39
1532.27
1450.18
1347.98
1349.88
1164.77
828.927
523.709
829.979
1124.02
1157.35
1125.04
950.681
800.462
607.712
1303.79
1638.83
2133.93
1697.89
1386.92
1250.19
1109.8
1007.47
664.653
530.361
793.442
1502.92
1443.87
1302.84
1146.51
991.823
1002.97
1170.03
1810.49
1802.38
1835.24
1229.89
945.484
871.938
786.766
684.444
612.948
1167.74
1452.25
1856.08
1460.07
1219.43
1065.22
1065.22
1219.43
1460.07
1856.08
1452.25
1167.74
612.948
684.444
786.766
871.938
945.484
1229.89
1835.24
1802.38
1810.49
1170.03
1002.97
991.823
1146.51
1302.84
1443.87
1502.92
793.442
530.361
664.653
1007.47
1109.8
1250.19
1386.92
1697.89
2133.93
1638.83
1303.79
607.712
800.462
950.681
1125.04
1157.35
1124.02
829.979
523.709
828.927
1164.77
1349.88
1347.98
1450.18
1532.27
1708.39
1852.93
864.352
327.145
457.887
898.971
979.136
1013.23
858.36
705.79
293.927
1315.38
1390.82
1454.6
1422.93
1296.21
1302.07
1221.53
1127.92
914.214
865.5
1138.96
1493.85
1459.04
1302.71
1181.87
1007.15
1062.77
1242.27
2168.69
1741.74
1509.9
1319.74
1131.19
1032.93
753.857
425.296
862.512
2895.09
2804.98
2629.63
2208.83
1922.42
1805.39
1769.78
1966.22
2236.22
2826.3
1866.1
1601.51
1520.7
1519.37
1541.52
1578
1921.32
2898.18
5343.21
4395.36
3452.36
2746.89
2460.61
2434.02
2501.16
2727.44
2931.59
3114.86
1868.33
2062.63
2283.41
2523.38
2752
3109.33
3820.37
5134.58
7877.17
5628.45
3381.06
2482.2
2350.96
2502.21
2677.01
2908.08
3012.9
2809.22
1968.2
2810.82
3211.79
3600.8
3998.34
4592.44
5586.88
7234.53
10563.4
7874.3
2552.34
482.817
816.688
1449.71
1850.61
2093.24
2144.69
1625.69
2916.83
3639.99
3873.39
4251.85
4712.85
5490.12
6943.96
9921.19
18175.6
27520.1
17366.4
12662.4
10885.4
10178.1
10100.9
10282.2
10934
12133.4
16283.4
15692.8
16877
19333.5
22784.6
28141.8
36913.6
54088.3
96573.7
