16.5429
12.7887
24.3541
31.6843
37.2168
41.552
44.9342
47.4817
49.2556
50.2857
50.5824
50.1413
48.9436
46.9525
44.1044
40.2877
35.2926
28.6609
18.9978
11.1714
24.9739
33.5113
40.1229
45.5128
49.9531
53.571
56.4303
58.5624
59.9804
60.6852
60.6693
59.9169
58.4034
56.0912
52.9229
48.8049
43.5746
36.9108
28.0301
13.5173
20.7615
32.2467
40.344
46.6725
51.7333
55.7405
58.7961
60.9477
62.2118
62.5842
62.0434
60.5499
58.0396
54.4096
49.4857
42.9409
34.0359
20.1918
19.776
34.909
45.3194
53.6191
60.4982
66.2345
70.956
74.7223
77.5567
79.461
80.4224
80.4169
79.4088
77.3487
74.1661
69.7568
63.9546
56.4667
46.6927
32.9886
7.82463
35.1934
49.1346
59.6349
68.0633
74.9078
80.3819
84.5825
87.5458
89.2719
89.7349
88.885
86.6456
82.9013
77.4729
70.0592
60.0869
46.1941
22.5818
35.0135
55.0613
69.7257
81.6557
91.6524
100.047
106.988
112.537
116.709
119.489
120.841
120.711
119.028
115.695
110.577
103.474
94.0653
81.7644
65.2875
40.4113
33.7563
63.1315
82.6582
97.987
110.508
120.762
128.986
135.279
139.663
142.113
142.565
140.918
137.026
130.673
121.528
109.028
92.0745
67.8702
18.8087
64.719
94.385
116.989
135.634
151.354
164.582
175.504
184.185
190.624
194.778
196.571
195.896
192.614
186.535
177.396
164.804
148.108
126.066
95.6613
43.1139
76.1995
116.855
146.556
170.45
190.141
206.296
219.2
228.954
235.552
238.92
238.928
235.379
227.998
216.385
199.913
177.492
146.882
101.836
43.2
121.916
168.228
204.55
234.758
260.248
281.632
299.161
312.903
322.832
328.855
330.825
328.538
321.731
310.043
292.961
269.706
238.918
197.825
138.875
44.9798
155.806
216.566
263.218
301.314
332.801
358.537
378.865
393.883
403.547
407.7
406.09
398.357
383.988
362.227
331.884
290.801
234.349
147.637
118.651
227.741
301.061
359.683
408.649
449.904
484.27
512.106
533.481
548.322
556.449
557.589
551.375
537.32
514.75
482.695
439.578
382.583
305.507
187.798
162.708
300.614
393.379
466.726
527.055
576.854
617.211
648.553
670.977
684.343
688.352
682.548
666.284
638.641
598.221
542.759
468.021
364.225
192.971
255.088
414.504
529.416
622.551
700.468
765.813
819.747
862.732
894.84
915.915
925.626
923.494
908.874
880.901
838.344
779.36
700.879
597.051
453.76
207.135
358.641
551.678
692.52
805.87
899.366
976.164
1037.65
1084.36
1116.32
1133.27
1134.66
1119.71
1087.27
1035.72
962.551
863.502
730.296
542.063
179.874
494.986
728.999
905.259
1049.44
1169.99
1270.45
1352.39
1416.42
1462.58
1490.56
1499.81
1489.51
1458.56
1405.44
1327.96
1222.71
1083.75
899.083
635.94
167.087
691.42
966.635
1176.67
1347.49
1488.32
1603.11
1693.61
1760.44
1803.54
1822.37
1816.05
1783.2
1721.93
1629.4
1501.14
1329.32
1097.84
761.385
308.869
896.598
1236.08
1499.43
1716.13
1896.88
2046.32
2166.52
2258.2
2321.36
2355.45
2359.54
2332.29
2271.86
2175.67
2039.87
1858.24
1619.52
1299.14
817.789
640.157
1233.27
1623.41
1929.45
