52.1539
49.8486
47.331
45.6719
44.4935
43.5764
42.8631
42.273
41.957
42.1174
40.8398
40.3878
40.1208
40.0436
40.0766
40.3685
41.0252
42.3971
44.3965
42.5949
39.9656
38.4161
37.3958
36.7328
36.2858
35.8809
35.611
34.6491
32.1104
33.3137
33.2082
32.6731
31.6128
29.1206
26.8378
34.0694
38.9621
40.238
38.5941
37.4717
36.6204
36.0188
35.564
35.0675
34.4883
32.9407
34.4859
34.7898
34.6361
34.2765
33.9832
33.7124
33.9484
35.2905
37.5039
38.9637
37.105
35.8211
34.9267
34.3965
34.0198
33.5858
33.1442
32.7145
34.9344
34.671
34.3576
33.9814
33.8632
33.9104
34.3884
35.3812
36.4299
37.278
34.6213
32.836
31.9811
31.8795
31.8166
31.8204
32.0453
32.7093
34.5122
33.4951
32.9363
32.4792
32.5657
32.8385
33.4416
34.199
34.4793
34.6166
29.3577
26.2869
28.7729
30.1407
30.5354
31.2049
31.7895
32.4098
33.362
30.9422
30.2644
30.0309
30.7257
31.1485
31.6407
31.7431
30.5651
29.3727
29.6105
30.5228
30.869
31.1463
31.1267
31.5318
31.6274
31.4327
31.1905
24.6824
28.4868
29.3367
30.0571
29.9084
29.5375
26.6076
25.1474
29.3669
32.6786
32.3259
31.8533
31.6142
31.2968
31.3029
30.6624
29.1852
27.1909
29.1907
30.5077
30.6346
30.5117
29.7803
29.0334
27.837
31.1521
32.1453
33.2918
32.2991
31.4205
30.9698
30.4524
30.0323
28.226
27.2457
28.9952
31.7694
31.5953
31.1489
30.5938
29.9643
30.0129
30.682
32.578
32.5585
32.6369
30.8987
29.7565
29.4049
28.9585
28.3534
27.8742
30.6735
31.6204
32.686
31.6437
30.8616
30.2744
30.2744
30.8616
31.6437
32.686
31.6204
30.6735
27.8742
28.3534
28.9585
29.4049
29.7565
30.8987
32.6369
32.5585
32.578
30.682
30.0129
29.9643
30.5938
31.1489
31.5953
31.7694
28.9952
27.2457
28.226
30.0323
30.4524
30.9698
31.4205
32.2991
33.2918
32.1453
31.1521
27.837
29.0334
29.7803
30.5117
30.6346
30.5077
29.1907
27.1909
29.1852
30.6624
31.3029
31.2968
31.6142
31.8533
32.3259
32.6786
29.3669
25.1474
26.6076
29.5375
29.9084
30.0571
29.3367
28.4868
24.6824
31.1905
31.4327
31.6274
31.5318
31.1267
31.1463
30.869
30.5228
29.6105
29.3727
30.5651
31.7431
31.6407
31.1485
30.7257
30.0309
30.2644
30.9422
33.362
32.4098
31.7895
31.2049
30.5354
30.1407
28.7729
26.2869
29.3577
34.6166
34.4793
34.199
33.4416
32.8385
32.5657
32.4792
32.9363
33.4951
34.5122
32.7093
32.0453
31.8204
31.8166
31.8795
31.9811
32.836
34.6213
37.278
36.4299
35.3812
34.3884
33.9104
33.8632
33.9814
34.3576
34.671
34.9344
32.7145
33.1442
33.5858
34.0198
34.3965
34.9267
35.8211
37.105
38.9637
37.5039
35.2905
33.9484
33.7124
33.9832
34.2765
34.6361
34.7898
34.4859
32.9407
34.4883
35.0675
35.564
36.0188
36.6204
37.4717
38.5941
40.238
38.9621
34.0694
26.8378
29.1206
31.6128
32.6731
33.2082
33.3137
32.1104
34.6491
35.611
35.8809
36.2858
36.7328
37.3958
38.4161
39.9656
42.5949
44.3965
42.3971
41.0252
40.3685
40.0766
40.0436
40.1208
40.3878
40.8398
42.1174
41.957
42.273
42.8631
43.5764
44.4935
45.6719
47.331
49.8486
