195.243
159.824
65.4897
8.97501
11.9622
5.43076
12.526
0.858418
10.4727
4.04728
4.92028
5.44046
2.4917
5.28345
4.47437
3.28666
3.31181
3.08857
0.98187
5.11492
0.487271
5.34225
1.38802
5.02023
6.19484
15.8199
22.1146
15.8217
6.80068
4.75394
5.81426
5.32092
5.24419
5.98094
3.45958
4.78003
1.80728
3.2852
1.54832
3.17016
0.573113
3.98786
1.37957
4.55849
2.41054
4.45781
2.38379
4.61356
2.70274
5.2749
3.25916
5.16319
2.85018
4.24609
1.94543
3.73062
1.65532
3.50581
1.59697
2.77242
1.56297
1.95102
1.61192
1.87166
1.99674
2.4882
2.86567
3.01145
3.29064
3.13938
3.19208
3.5533
3.46231
4.20807
3.74572
4.26788
3.36525
4.05303
3.00946
4.24258
3.03027
4.19437
2.60327
3.61177
1.91824
3.26118
1.7257
3.12254
1.43438
2.56875
0.770596
1.93462
0.426739
1.78995
0.431726
1.83942
0.600791
1.79652
0.700755
1.84674
0.814466
2.34002
1.36056
2.83146
1.64247
2.92416
1.71141
3.12507
2.21939
3.56033
2.62586
3.59669
2.69472
3.45911
3.08797
3.65367
3.53691
3.63376
3.56908
3.29412
3.73734
3.28956
4.10204
3.28729
4.06218
2.93934
3.94724
2.90174
4.12027
3.02613
4.00683
2.81458
3.64575
2.83979
3.59076
3.09049
3.43837
2.9883
2.95191
2.96893
2.73376
3.21255
2.61667
3.1243
2.17036
2.93908
1.96368
3.05357
2.00497
2.94579
1.75307
2.58978
1.72427
2.5228
1.96065
2.411
1.87922
1.97366
1.89538
1.76063
2.16818
1.68889
2.12716
1.3001
2.01095
1.11075
2.18803
1.20272
2.15148
1.02002
1.88278
1.09838
1.89819
1.40528
1.87097
1.39641
1.52442
1.52442
1.39641
1.87097
1.40528
1.89819
1.09838
1.88278
1.02002
2.15148
1.20272
2.18803
1.11075
2.01095
1.3001
2.12716
1.68889
2.16818
1.76063
1.89538
1.97366
1.87922
2.411
1.96065
2.5228
1.72427
2.58978
1.75307
2.94579
2.00497
3.05357
1.96368
2.93908
2.17036
3.1243
2.61667
3.21255
2.73376
2.96893
2.95191
2.9883
3.43837
3.09049
3.59076
2.83979
3.64575
2.81458
4.00683
3.02613
4.12027
2.90174
3.94724
2.93934
4.06218
3.28729
4.10204
3.28956
3.73734
3.29412
3.56908
3.63376
3.53691
3.65367
3.08797
3.45911
2.69472
3.59669
2.62586
3.56033
2.21939
3.12507
1.71141
2.92416
1.64247
2.83146
1.36056
2.34002
0.814466
1.84674
0.700755
1.79652
0.600791
1.83942
0.431726
1.78995
0.426739
1.93462
0.770596
2.56875
1.43438
3.12254
1.7257
3.26118
1.91824
3.61177
2.60327
4.19437
3.03027
4.24258
3.00946
4.05303
3.36525
4.26788
3.74572
4.20807
3.46231
3.5533
3.19208
3.13938
3.29064
3.01145
2.86567
2.4882
1.99674
1.87166
1.61192
1.95102
1.56297
2.77242
1.59697
3.50581
1.65532
3.73062
1.94543
4.24609
2.85018
5.16319
3.25916
5.2749
2.70274
4.61356
2.38379
4.45781
2.41054
4.55849
1.37957
3.98786
0.573113
3.17016
1.54832
3.2852
1.80728
4.78003
3.45958
5.98094
5.24419
5.32092
5.81426
4.75394
6.80068
15.8217
22.1146
15.8199
6.19484
5.02023
1.38802
5.34225
0.487271
5.11492
0.98187
3.08857
3.31181
3.28666
4.47437
5.28345
2.4917
5.44046
4.92028
4.04728
10.4727
0.858418
12.526
5.43076
11.9622
8.97501
65.4897
159.824
