22.9058
22.0364
18.1617
9.53035
10.7781
7.34861
10.9781
-0.66301
10.2006
6.07163
6.9199
7.35636
3.96495
7.22918
6.50732
5.16754
5.20065
4.89757
-0.0794591
7.08839
-3.12229
7.27724
1.42397
7.00724
7.9203
11.992
13.4468
11.9925
8.32552
6.77053
7.64494
7.25987
7.19678
7.76769
5.39024
6.79431
2.57025
5.16561
1.89862
5.01081
-2.4176
6.0074
1.39744
6.58821
3.82114
6.49122
3.77268
6.64037
4.31804
7.22214
5.13105
7.12918
4.54873
6.27989
2.89017
5.71781
2.18882
5.44789
2.03297
4.4286
1.93951
2.90262
2.07345
2.72227
3.00322
3.95885
4.57226
4.78775
5.17281
4.96843
5.04074
5.50632
5.39366
6.24083
5.73536
6.30212
5.27018
6.0778
4.78489
6.2763
4.81482
6.22666
4.15518
5.5772
2.82902
5.13375
2.36964
4.94508
1.56665
4.09722
-1.13173
2.86596
-3.69838
2.52841
-3.64792
2.6468
-2.21277
2.54432
-1.54434
2.66407
-0.891271
3.69219
1.33719
4.52011
2.15497
4.66001
2.33354
4.9486
3.46233
5.51491
4.19272
5.55904
4.30514
5.38964
4.89673
5.62729
5.48624
5.60357
5.52556
5.17739
5.72563
5.17137
6.12999
5.16837
6.08759
4.68249
5.96293
4.62659
6.14926
4.80888
6.02801
4.49414
5.61787
4.53287
5.55186
4.90027
5.36353
4.75424
4.70103
4.72599
4.3676
5.0685
4.17749
4.94753
3.36532
4.68211
2.93072
4.84808
3.02108
4.69201
2.438
4.13262
2.36605
4.01883
2.924
3.82198
2.73977
2.95273
2.77696
2.45668
3.36095
2.27601
3.278
1.13977
3.03401
0.456157
3.40053
0.801661
3.32736
0.0861033
2.74801
0.407528
2.78339
1.47764
2.72067
1.45013
1.83105
1.83105
1.45013
2.72067
1.47764
2.78339
0.407528
2.74801
0.0861033
3.32736
0.801661
3.40053
0.456157
3.03401
1.13977
3.278
2.27601
3.36095
2.45668
2.77696
2.95273
2.73977
3.82198
2.924
4.01883
2.36605
4.13262
2.438
4.69201
3.02108
4.84808
2.93072
4.68211
3.36532
4.94753
4.17749
5.0685
4.3676
4.72599
4.70103
4.75424
5.36353
4.90027
5.55186
4.53287
5.61787
4.49414
6.02801
4.80888
6.14926
4.62659
5.96293
4.68249
6.08759
5.16837
6.12999
5.17137
5.72563
5.17739
5.52556
5.60357
5.48624
5.62729
4.89673
5.38964
4.30514
5.55904
4.19272
5.51491
3.46233
4.9486
2.33354
4.66001
2.15497
4.52011
1.33719
3.69219
-0.891271
2.66407
-1.54434
2.54432
-2.21277
2.6468
-3.64792
2.52841
-3.69838
2.86596
-1.13173
4.09722
1.56665
4.94508
2.36964
5.13375
2.82902
5.5772
4.15518
6.22666
4.81482
6.2763
4.78489
6.0778
5.27018
6.30212
5.73536
6.24083
5.39366
5.50632
5.04074
4.96843
5.17281
4.78775
4.57226
3.95885
3.00322
2.72227
2.07345
2.90262
1.93951
4.4286
2.03297
5.44789
2.18882
5.71781
2.89017
6.27989
4.54873
7.12918
5.13105
7.22214
4.31804
6.64037
3.77268
6.49122
3.82114
6.58821
1.39744
6.0074
-2.4176
5.01081
1.89862
5.16561
2.57025
6.79431
5.39024
7.76769
7.19678
7.25987
7.64494
6.77053
8.32552
11.9925
13.4468
11.992
7.9203
7.00724
1.42397
7.27724
-3.12229
7.08839
-0.0794591
4.89757
5.20065
5.16754
6.50732
7.22918
3.96495
7.35636
6.9199
6.07163
10.2006
-0.66301
10.9781
7.34861
10.7781
9.53035
18.1617
22.0364
