12.3308
15.5092
21.1255
19.0621
20.4813
17.3239
14.4794
18.2228
15.6406
14.6251
17.3733
13.52
12.9989
12.5664
12.1847
11.8403
11.5254
11.2347
10.9646
10.7121
10.4749
10.2512
10.0394
9.83845
9.64716
9.46466
9.29019
9.12305
8.96269
8.80857
8.66024
8.51729
8.37937
8.24615
8.11733
7.99264
7.87185
7.75474
7.64111
7.53077
7.42355
7.3193
7.21787
7.11913
7.02296
6.92925
6.83788
6.74876
6.66179
6.5769
6.49399
6.41299
6.33383
6.25644
6.18077
6.10674
6.03431
5.96341
5.89401
5.82605
5.75948
5.69427
5.63037
5.56775
5.50637
5.44618
5.38717
5.3293
5.27253
5.21684
5.16221
5.10859
5.05598
5.00434
4.95366
4.9039
4.85505
4.80709
4.76
4.71376
4.66835
4.62375
4.57995
4.53694
4.49468
4.45318
4.41242
4.37238
4.33305
4.29441
4.25646
4.21918
4.18257
4.1466
4.11127
4.07657
4.04249
4.00902
3.97615
3.94386
3.91216
3.88103
3.85047
3.82047
3.79101
3.76209
3.73371
3.70586
3.67853
3.65171
3.6254
3.59959
3.57428
3.54946
3.52512
3.50127
3.47788
3.45496
3.43251
3.41052
3.38898
3.36789
3.34725
3.32705
3.30728
3.28795
3.26904
3.25057
3.23251
3.21487
3.19765
3.18084
3.16444
3.14844
3.13284
3.11765
3.10285
3.08845
3.07443
3.06081
3.04757
3.03472
3.02224
3.01015
2.99844
2.9871
2.97613
2.96554
2.95531
2.94545
2.93596
2.92684
2.91807
2.90967
2.90163
2.89395
2.88663
2.87966
2.87305
2.86679
2.86088
2.85533
2.85013
2.84528
2.84078
2.83662
2.83282
2.82937
2.82626
2.82349
2.82108
2.81901
2.81728
2.8159
2.81487
2.81418
2.81384
2.81384
2.81418
2.81487
2.8159
2.81728
2.81901
2.82108
2.82349
2.82626
2.82937
2.83282
2.83662
2.84078
2.84528
2.85013
2.85533
2.86088
2.86679
2.87305
2.87966
2.88663
2.89395
2.90163
2.90967
2.91807
2.92684
2.93596
2.94545
2.95531
2.96554
2.97613
2.9871
2.99844
3.01015
3.02224
3.03472
3.04757
3.06081
3.07443
3.08845
3.10285
3.11765
3.13284
3.14844
3.16444
3.18084
3.19765
3.21487
3.23251
3.25057
3.26904
3.28795
3.30728
3.32705
3.34725
3.36789
3.38898
3.41052
3.43251
3.45496
3.47788
3.50127
3.52512
3.54946
3.57428
3.59959
3.6254
3.65171
3.67853
3.70586
3.73371
3.76209
3.79101
3.82047
3.85047
3.88103
3.91216
3.94386
3.97615
4.00902
4.04249
4.07657
4.11127
4.1466
4.18257
4.21918
4.25646
4.29441
4.33305
4.37238
4.41242
4.45318
4.49468
4.53694
4.57995
4.62375
4.66835
4.71376
4.76
4.80709
4.85505
4.9039
4.95366
5.00434
5.05598
5.10859
5.16221
5.21684
5.27253
5.3293
5.38717
5.44618
5.50637
5.56775
5.63037
5.69427
5.75948
5.82605
5.89401
5.96341
6.03431
6.10674
6.18077
6.25644
6.33383
6.41299
6.49399
6.5769
6.66179
6.74876
6.83788
6.92925
7.02296
7.11913
7.21787
7.3193
7.42355
7.53077
7.64111
7.75474
7.87185
7.99264
8.11733
8.24615
8.37937
8.51729
8.66024
8.80857
8.96269
9.12305
9.29019
9.46466
9.64716
9.83845
10.0394
10.2512
10.4749
10.7121
10.9646
11.2347
11.5254
11.8403
12.1847
12.5664
12.9989
13.52
17.3733
14.6251
15.6406
18.2228
14.4794
17.3239
20.4813
19.0621
21.1255
15.5092
