17.1033
35.5568
129.584
80.5774
111.72
53.9993
28.0505
66.4164
36.649
29.0076
54.6176
22.4903
19.9475
18.0566
16.5374
15.2766
14.2081
13.2885
12.4871
11.7817
11.1555
10.5954
10.0912
9.63486
9.21969
8.84029
8.49217
8.17157
7.87533
7.60075
7.34554
7.1077
6.88553
6.67751
6.48235
6.29889
6.12612
5.96313
5.80913
5.66339
5.52529
5.39423
5.26971
5.15126
5.03844
4.93088
4.82823
4.73016
4.63638
4.54663
4.46066
4.37823
4.29915
4.22323
4.15027
4.08013
4.01264
3.94767
3.88509
3.82476
3.76659
3.71045
3.65626
3.60392
3.55334
3.50444
3.45714
3.41138
3.36708
3.32418
3.28262
3.24235
3.2033
3.16544
3.12871
3.09307
3.05848
3.02489
2.99226
2.96057
2.92978
2.89985
2.87075
2.84245
2.81493
2.78816
2.76212
2.73677
2.71209
2.68807
2.66469
2.64191
2.61973
2.59812
2.57708
2.55657
2.53658
2.51711
2.49813
2.47963
2.46159
2.44401
2.42687
2.41016
2.39387
2.37799
2.3625
2.34739
2.33267
2.31831
2.30431
2.29065
2.27734
2.26436
2.25171
2.23937
2.22735
2.21563
2.2042
2.19307
2.18222
2.17165
2.16135
2.15132
2.14155
2.13204
2.12278
2.11376
2.10499
2.09646
2.08817
2.0801
2.07226
2.06464
2.05724
2.05005
2.04308
2.03631
2.02975
2.0234
2.01724
2.01128
2.00551
1.99993
1.99454
1.98934
1.98433
1.97949
1.97484
1.97036
1.96606
1.96193
1.95798
1.95419
1.95058
1.94713
1.94385
1.94073
1.93778
1.93499
1.93236
1.92989
1.92758
1.92543
1.92344
1.9216
1.91992
1.91839
1.91702
1.9158
1.91473
1.91382
1.91306
1.91245
1.912
1.91169
1.91154
1.91154
1.91169
1.912
1.91245
1.91306
1.91382
1.91473
1.9158
1.91702
1.91839
1.91992
1.9216
1.92344
1.92543
1.92758
1.92989
1.93236
1.93499
1.93778
1.94073
1.94385
1.94713
1.95058
1.95419
1.95798
1.96193
1.96606
1.97036
1.97484
1.97949
1.98433
1.98934
1.99454
1.99993
2.00551
2.01128
2.01724
2.0234
2.02975
2.03631
2.04308
2.05005
2.05724
2.06464
2.07226
2.0801
2.08817
2.09646
2.10499
2.11376
2.12278
2.13204
2.14155
2.15132
2.16135
2.17165
2.18222
2.19307
2.2042
2.21563
2.22735
2.23937
2.25171
2.26436
2.27734
2.29065
2.30431
2.31831
2.33267
2.34739
2.3625
2.37799
2.39387
2.41016
2.42687
2.44401
2.46159
2.47963
2.49813
2.51711
2.53658
2.55657
2.57708
2.59812
2.61973
2.64191
2.66469
2.68807
2.71209
2.73677
2.76212
2.78816
2.81493
2.84245
2.87075
2.89985
2.92978
2.96057
2.99226
3.02489
3.05848
3.09307
3.12871
3.16544
3.2033
3.24235
3.28262
3.32418
3.36708
3.41138
3.45714
3.50444
3.55334
3.60392
3.65626
3.71045
3.76659
3.82476
3.88509
3.94767
4.01264
4.08013
4.15027
4.22323
4.29915
4.37823
4.46066
4.54663
4.63638
4.73016
4.82823
4.93088
5.03844
5.15126
5.26971
5.39423
5.52529
5.66339
5.80913
5.96313
6.12612
6.29889
6.48235
6.67751
6.88553
7.1077
7.34554
7.60075
7.87533
8.17157
8.49217
8.84029
9.21969
9.63486
10.0912
10.5954
11.1555
11.7817
12.4871
13.2885
14.2081
15.2766
16.5374
18.0566
19.9475
22.4903
54.6176
29.0076
36.649
66.4164
28.0505
53.9993
111.72
80.5774
129.584
35.5568
