2.5
2.49163
2.46666
2.42555
2.36906
2.29822
2.21428
2.11874
2.01323
1.89955
1.77954
1.6551
1.5281
1.40035
1.27356
1.14926
1.02883
0.913408
0.803916
0.701007
0.605075
0.516256
0.434431
0.359244
0.290127
0.226323
0.166926
0.110916
0.0572
0.00465586
-0.0478274
-0.101307
-0.156747
-0.214985
-0.276702
-0.342393
-0.412356
-0.486677
-0.565225
-0.647657
-0.733429
-0.821811
-0.911914
-1.00271
-1.09309
-1.18185
-1.26778
-1.34969
-1.42643
-1.49693
-1.56027
-1.61565
-1.66247
-1.7003
-1.72894
-1.74839
-1.75885
-1.76073
-1.75463
-1.7413
-1.72164
-1.69664
-1.66737
-1.63493
-1.60039
-1.56482
-1.52917
-1.49428
-1.46086
-1.42943
-1.40032
-1.37366
-1.34938
-1.32717
-1.30654
-1.2868
-1.26712
-1.24651
-1.22389
-1.1981
-1.16796
-1.13232
-1.09008
-1.04023
-0.981934
-0.914499
-0.837457
-0.750569
-0.65385
-0.547579
-0.432302
-0.308828
-0.178219
-0.0417664
0.0990323
0.242509
0.386865
0.530211
0.670616
0.806157
0.934963
1.05527
1.16546
1.2641
1.34999
1.42218
1.48002
1.52314
1.55146
1.56524
1.56501
1.55158
1.52603
1.48964
1.4439
1.39042
1.33092
1.26716
1.20093
1.13395
1.06784
1.00411
0.944076
0.888868
0.839375
0.796237
0.75984
0.730304
0.707494
0.69103
0.68031
0.674534
0.672735
0.673822
0.676611
0.679875
0.682384
0.682945
0.680446
0.673888
0.662425
0.645383
0.622288
0.592875
0.557101
0.515138
0.467371
0.414383
0.356932
0.295926
0.232392
0.167441
0.102232
0.037931
-0.0243268
-0.0834734
-0.138544
-0.188707
-0.233293
-0.271813
-0.303973
-0.329685
-0.349066
-0.362431
-0.370284
-0.373294
-0.372274
-0.368148
-0.361921
-0.35464
-0.347355
-0.341081
-0.336764
-0.33524
-0.337206
-0.343193
-0.353543
-0.368391
-0.387662
-0.411063
-0.438091
-0.468045
-0.500049
-0.53307
-0.56596
-0.597481
-0.626355
-0.651298
-0.671065
-0.684496
-0.690553
-0.688358
-0.677228
-0.656703
-0.626567
-0.586865
-0.537907
-0.480271
-0.414789
-0.342539
-0.264813
-0.183091
-0.0990036
-0.0142887
0.0692509
0.149797
0.225563
0.294843
0.356059
0.407803
0.448875
0.478317
0.49544
0.499841
0.491418
0.470367
0.437184
0.392643
0.337783
0.273873
0.202378
0.124921
0.0432401
-0.0408649
-0.125575
-0.209102
-0.289738
-0.365895
-0.436148
-0.499269
-0.554257
-0.600357
-0.637074
-0.664182
-0.68172
-0.689982
-0.689501
-0.681025
-0.665484
-0.643961
-0.617647
-0.587802
-0.555714
-0.522653
-0.489832
-0.458368
-0.429247
-0.403292
-0.381144
-0.363242
-0.349808
-0.340854
-0.336177
-0.335373
-0.337857
-0.342884
-0.349582
-0.356978
-0.364041
-0.369719
-0.372974
-0.372824
-0.368373
-0.358853
-0.343643
-0.322298
-0.294563
-0.260386
-0.219919
-0.173519
-0.121733
-0.0652858
-0.00505219
0.0579665
0.122677
0.187931
0.25256
0.315416
0.375411
0.431552
0.482973
0.52897
0.56902
0.602804
0.630217
0.651371
0.6666
0.67644
0.681624
0.683048
0.681751
0.678873
0.675625
0.67324
0.672936
0.675872
0.683105
0.695552
0.713954
0.738848
0.770537
0.809078
0.854266
0.905636
0.962467
1.02379
1.08842
1.15497
1.2219
1.28754
1.35015
1.40795
1.45918
1.50216
1.53529
1.55717
1.56655
1.56245
1.54415
1.51119
1.46343
1.40102
1.32444
1.23443
1.13202
1.01849
0.895328
0.76421
0.626936
0.485398
0.341528
0.197248
0.0544237
-0.0851818
-0.219951
-0.348447
-0.469448
-0.58197
-0.685286
-0.778934
-0.862718
-0.936704
-1.00121
-1.05677
-1.10412
-1.14418
-1.17797
-1.20661
-1.23128
-1.25315
-1.27336
-1.29296
-1.31289
