17.428
35.7723
129.754
80.9018
111.417
53.6488
27.5982
66.0209
36.0885
28.2492
72.9742
21.9017
18.5675
13.7749
18.6821
15.8309
14.2587
13.0059
11.8832
10.7735
9.504
7.57743
7.91165
18.9016
12.7832
11.0919
10.1539
9.49229
8.96941
8.52962
8.14515
7.79987
7.483
7.18612
6.90131
6.61894
6.32379
5.9837
5.50468
4.4313
15.6171
7.31743
6.50725
6.12815
5.87378
5.67498
5.50726
5.35965
5.22636
5.10403
4.9905
4.88432
4.78443
4.69003
4.60053
4.51543
4.43432
4.35686
4.28277
4.2118
4.14373
4.07836
4.01553
3.95508
3.89687
3.84077
3.78667
3.73446
3.68405
3.63534
3.58825
3.54271
3.49863
3.45596
3.41464
3.37459
3.33577
3.29813
3.26162
3.22619
3.19179
3.1584
3.12597
3.09446
3.06384
3.03407
3.00514
2.977
2.94963
2.923
2.89709
2.87187
2.84733
2.82343
2.80016
2.7775
2.75544
2.73394
2.713
2.6926
2.67271
2.65334
2.63446
2.61606
2.59813
2.58065
2.56361
2.547
2.53081
2.51503
2.49965
2.48465
2.47003
2.45578
2.44189
2.42836
2.41516
2.40231
2.38978
2.37757
2.36567
2.35409
2.3428
2.33181
2.32111
2.31069
2.30055
2.29069
2.28108
2.27175
2.26266
2.25384
2.24526
2.23692
2.22883
2.22097
2.21334
2.20594
2.19877
2.19182
2.18509
2.17857
2.17226
2.16617
2.16028
2.1546
2.14912
2.14383
2.13875
2.13386
2.12916
2.12465
2.12033
2.1162
2.11225
2.10849
2.1049
2.1015
2.09828
2.09523
2.09236
2.08966
2.08714
2.08479
2.08262
2.08061
2.07877
2.07711
2.07561
2.07428
2.07311
2.07212
2.07129
2.07063
2.07013
2.0698
2.06963
2.06963
2.0698
2.07013
2.07063
2.07129
2.07212
2.07311
2.07428
2.07561
2.07711
2.07877
2.08061
2.08262
2.08479
2.08714
2.08966
2.09236
2.09523
2.09828
2.1015
2.1049
2.10849
2.11225
2.1162
2.12033
2.12465
2.12916
2.13386
2.13875
2.14383
2.14912
2.1546
2.16028
2.16617
2.17226
2.17857
2.18509
2.19182
2.19877
2.20594
2.21334
2.22097
2.22883
2.23692
2.24526
2.25384
2.26266
2.27175
2.28108
2.29069
2.30055
2.31069
2.32111
2.33181
2.3428
2.35409
2.36567
2.37757
2.38978
2.40231
2.41516
2.42836
2.44189
2.45578
2.47003
2.48465
2.49965
2.51503
2.53081
2.547
2.56361
2.58065
2.59813
2.61606
2.63446
2.65334
2.67271
2.6926
2.713
2.73394
2.75544
2.7775
2.80016
2.82343
2.84733
2.87187
2.89709
2.923
2.94963
2.977
3.00514
3.03407
3.06384
3.09446
3.12597
3.1584
3.19179
3.22619
3.26162
3.29813
3.33577
3.37459
3.41464
3.45596
3.49863
3.54271
3.58825
3.63534
3.68405
3.73446
3.78667
3.84077
3.89687
3.95508
4.01553
4.07836
4.14373
4.2118
4.28277
4.35686
4.43432
4.51543
4.60053
4.69003
4.78443
4.88432
4.9905
5.10403
5.22636
5.35965
5.50726
5.67498
5.87378
6.12815
6.50725
7.31743
15.6171
4.4313
5.50468
5.9837
6.32379
6.61894
6.90131
7.18612
7.483
7.79987
8.14515
8.52962
8.96941
9.49229
10.1539
11.0919
12.7832
18.9016
7.91165
7.57743
9.504
10.7735
11.8832
13.0059
14.2587
15.8309
18.6821
13.7749
18.5675
21.9017
72.9742
28.2492
36.0885
66.0209
27.5982
53.6488
111.417
80.9018
129.754
35.7723
