12.4125
15.5355
21.1312
19.0796
20.4695
17.2956
14.4088
18.1968
15.5737
14.5101
18.6317
13.4048
12.6875
11.3909
12.7142
11.9951
11.5408
11.1414
10.7493
10.3236
9.77906
8.79522
8.98267
12.765
11.0664
10.4501
10.0663
9.77371
9.52764
9.3093
9.10899
8.92088
8.74076
8.56495
8.38931
8.20789
8.00977
7.7697
7.40732
6.46531
11.936
8.64359
8.13398
7.8733
7.68918
7.53964
7.40936
7.29136
7.18199
7.07913
6.98144
6.88804
6.7983
6.71176
6.62808
6.54699
6.46827
6.39174
6.31725
6.24468
6.17391
6.10486
6.03743
5.97155
5.90716
5.84418
5.78258
5.72228
5.66326
5.60545
5.54883
5.49335
5.43898
5.38569
5.33344
5.28221
5.23196
5.18268
5.13433
5.0869
5.04035
4.99467
4.94984
4.90585
4.86266
4.82026
4.77864
4.73779
4.69767
4.65829
4.61962
4.58165
4.54437
4.50777
4.47183
4.43655
4.4019
4.36789
4.3345
4.30171
4.26953
4.23793
4.20692
4.17648
4.14661
4.11729
4.08852
4.0603
4.0326
4.00543
3.97879
3.95265
3.92703
3.9019
3.87727
3.85312
3.82946
3.80628
3.78357
3.76133
3.73955
3.71823
3.69736
3.67694
3.65696
3.63742
3.61832
3.59966
3.58141
3.5636
3.5462
3.52922
3.51266
3.49651
3.48076
3.46542
3.45048
3.43594
3.4218
3.40804
3.39468
3.38171
3.36913
3.35693
3.3451
3.33366
3.3226
3.31191
3.3016
3.29165
3.28208
3.27288
3.26404
3.25557
3.24746
3.23971
3.23232
3.2253
3.21863
3.21232
3.20636
3.20077
3.19552
3.19063
3.18609
3.18191
3.17807
3.17459
3.17145
3.16867
3.16623
3.16415
3.16241
3.16102
3.15997
3.15928
3.15893
3.15893
3.15928
3.15997
3.16102
3.16241
3.16415
3.16623
3.16867
3.17145
3.17459
3.17807
3.18191
3.18609
3.19063
3.19552
3.20077
3.20636
3.21232
3.21863
3.2253
3.23232
3.23971
3.24746
3.25557
3.26404
3.27288
3.28208
3.29165
3.3016
3.31191
3.3226
3.33366
3.3451
3.35693
3.36913
3.38171
3.39468
3.40804
3.4218
3.43594
3.45048
3.46542
3.48076
3.49651
3.51266
3.52922
3.5462
3.5636
3.58141
3.59966
3.61832
3.63742
3.65696
3.67694
3.69736
3.71823
3.73955
3.76133
3.78357
3.80628
3.82946
3.85312
3.87727
3.9019
3.92703
3.95265
3.97879
4.00543
4.0326
4.0603
4.08852
4.11729
4.14661
4.17648
4.20692
4.23793
4.26953
4.30171
4.3345
4.36789
4.4019
4.43655
4.47183
4.50777
4.54437
4.58165
4.61962
4.65829
4.69767
4.73779
4.77864
4.82026
4.86266
4.90585
4.94984
4.99467
5.04035
5.0869
5.13433
5.18268
5.23196
5.28221
5.33344
5.38569
5.43898
5.49335
5.54883
5.60545
5.66326
5.72228
5.78258
5.84418
5.90716
5.97155
6.03743
6.10486
6.17391
6.24468
6.31725
6.39174
6.46827
6.54699
6.62808
6.71176
6.7983
6.88804
6.98144
7.07913
7.18199
7.29136
7.40936
7.53964
7.68918
7.8733
8.13398
8.64359
11.936
6.46531
7.40732
7.7697
8.00977
8.20789
8.38931
8.56495
8.74076
8.92088
9.10899
9.3093
9.52764
9.77371
10.0663
10.4501
11.0664
12.765
8.98267
8.79522
9.77906
10.3236
10.7493
11.1414
11.5408
11.9951
12.7142
11.3909
12.6875
13.4048
18.6317
14.5101
15.5737
18.1968
14.4088
17.2956
20.4695
19.0796
21.1312
15.5355
