2.84722
2.81163
2.71375
2.5766
2.42791
2.28925
2.16882
2.06068
1.95073
1.82599
1.6826
1.52858
1.38006
1.25286
1.15393
1.07687
1.00417
0.915212
0.796428
0.648725
0.4885
0.341554
0.232551
0.174753
0.164688
0.184066
0.207922
0.21506
0.195944
0.154485
0.103226
0.0546077
0.0128706
-0.029249
-0.0872834
-0.176816
-0.304367
-0.462035
-0.62879
-0.778189
-0.889113
-0.954635
-0.984888
-1.00255
-1.03303
-1.09376
-1.18748
-1.30246
-1.41911
-1.51968
-1.59627
-1.65329
-1.70333
-1.75881
-1.82359
-1.88913
-1.93715
-1.94792
-1.91012
-1.82759
-1.71953
-1.61367
-1.5355
-1.49834
-1.49862
-1.51864
-1.53515
-1.52988
-1.49703
-1.44432
-1.3876
-1.34177
-1.31273
-1.29444
-1.27244
-1.23218
-1.16783
-1.08709
-1.00932
-0.957548
-0.947901
-0.981489
-1.04249
-1.10359
-1.13629
-1.12163
-1.05632
-0.951973
-0.827814
-0.700859
-0.578134
-0.454699
-0.318186
-0.157362
0.0297555
0.232475
0.430626
0.603009
0.737081
0.835127
0.913761
0.996704
1.10403
1.24278
1.40324
1.56257
1.69418
1.7783
1.80917
1.79552
1.75461
1.70288
1.64807
1.58654
1.50711
1.39943
1.26239
1.1083
0.960267
0.8439
0.776796
0.760946
0.7816
0.813333
0.830618
0.818176
0.776448
0.719882
0.669082
0.640707
0.639965
0.659157
0.682729
0.696088
0.693639
0.681894
0.676012
0.691371
0.734321
0.796785
0.857612
0.890362
0.874143
0.802541
0.686536
0.55003
0.420051
0.316109
0.243518
0.193522
0.149817
0.0980354
0.0334351
-0.0369442
-0.0986182
-0.138181
-0.151607
-0.147994
-0.146612
-0.168416
-0.225945
-0.316463
-0.421737
-0.514811
-0.570826
-0.577026
-0.537467
-0.470415
-0.399821
-0.344984
-0.313241
-0.298942
-0.28888
-0.271195
-0.243131
-0.213652
-0.199518
-0.216701
-0.271397
-0.355202
-0.447087
-0.521557
-0.559374
-0.555902
-0.523171
-0.484641
-0.465036
-0.479881
-0.529466
-0.599825
-0.66996
-0.721666
-0.747159
-0.750913
-0.745031
-0.740698
-0.740188
-0.733651
-0.702543
-0.628265
-0.501937
-0.33054
-0.136259
0.0509532
0.204402
0.310325
0.371907
0.40593
0.433789
0.471173
0.521211
0.574145
0.613363
0.624586
0.603527
0.558165
0.504503
0.457928
0.42454
0.396889
0.356509
0.282303
0.16099
-0.00530567
-0.197995
-0.388151
-0.547154
-0.657074
-0.7162
-0.737382
-0.740301
-0.741517
-0.747123
-0.75141
-0.741921
-0.708132
-0.649206
-0.576717
-0.510763
-0.471164
-0.467943
-0.495778
-0.535317
-0.561016
-0.552066
-0.501434
-0.418916
-0.326825
-0.25038
-0.207282
-0.201218
-0.222127
-0.252741
-0.277976
-0.292427
-0.302295
-0.320846
-0.359794
-0.421022
-0.492994
-0.553929
-0.580536
-0.558311
-0.48855
-0.388638
-0.285312
-0.203849
-0.158044
-0.145459
-0.149926
-0.149911
-0.128629
-0.0811117
-0.0150199
0.0548995
0.115705
0.163879
0.207732
0.263247
0.345329
0.458759
0.593433
0.726487
0.830668
0.885253
0.884586
0.840286
0.776139
0.71804
0.683611
0.676196
0.685762
0.695948
0.693569
0.675853
0.651852
0.637461
0.646618
0.683234
0.738019
0.792053
0.825586
0.827959
0.803836
0.772609
0.761002
0.792098
0.875723
1.00451
1.15729
1.30814
1.43663
1.53473
1.6072
1.66564
1.7196
1.76929
1.80363
1.80492
1.75765
1.65725
1.51428
1.35169
1.19607
1.06693
0.968774
0.889741
0.807428
0.699265
0.552645
0.370232
0.168209
-0.0314668
-0.210879
-0.363289
-0.494243
-0.616324
-0.740376
-0.867782
-0.987849
-1.08183
-1.13187
-1.13051
-1.08621
-1.0219
-0.966929
-0.945976
-0.969795
-1.032
-1.11322
-1.19045
-1.2474
-1.28073
