3.26533
2.93125
2.7317
2.56135
2.40237
2.2747
2.11736
2.01633
1.84005
1.74351
1.57959
1.55658
1.40487
1.21036
1.12587
1.08606
1.06091
0.991788
0.828161
0.639276
0.542718
0.366843
0.246225
0.229415
0.18915
0.0944303
0.168741
0.220084
0.213697
0.157644
0.0103113
0.0131225
-0.0240776
-0.0650672
-0.0863347
-0.123806
-0.343583
-0.502992
-0.646946
-0.758578
-0.786942
-0.955645
-1.00867
-1.0302
-0.978055
-1.11823
-1.14568
-1.25307
-1.48043
-1.55441
-1.64124
-1.58902
-1.69961
-1.81517
-1.90341
-1.86111
-1.91953
-1.9652
-1.86674
-1.87976
-1.72688
-1.60004
-1.49566
-1.40979
-1.46964
-1.57486
-1.53837
-1.42996
-1.42618
-1.44247
-1.3986
-1.36902
-1.33935
-1.29616
-1.26196
-1.18571
-1.25169
-1.18672
-1.01245
-0.924229
-0.957982
-0.99232
-1.03827
-1.13821
-1.05517
-1.11009
-1.00398
-0.894619
-0.837113
-0.677396
-0.528494
-0.37861
-0.329463
-0.196474
-0.0428382
0.245392
0.395176
0.511254
0.68604
0.726492
0.770464
0.919567
1.16148
1.24054
1.41226
1.61311
1.85076
2.00731
1.90458
1.83165
1.7508
1.63218
1.53257
1.53754
1.46865
1.34404
1.17255
0.990201
0.962971
0.889584
0.749568
0.766064
0.828926
0.819072
0.876403
0.881206
0.859422
0.714585
0.661254
0.647959
0.715126
0.727638
0.613304
0.683075
0.634473
0.684018
0.694794
0.704527
0.721649
0.752603
0.79131
0.87446
1.00801
0.788371
0.651644
0.539262
0.432754
0.370171
0.285829
0.241958
0.146913
0.0891534
0.00492535
0.0277982
-0.0643109
-0.194631
-0.204262
-0.16911
-0.138409
-0.161658
-0.266453
-0.397607
-0.419588
-0.543989
-0.591429
-0.522193
-0.503968
-0.546823
-0.414929
-0.306033
-0.236748
-0.263071
-0.340298
-0.241558
-0.260986
-0.219548
-0.17404
-0.148128
-0.32468
-0.431619
-0.491065
-0.547451
-0.516025
-0.602829
-0.5771
-0.542446
-0.4513
-0.513268
-0.4901
-0.552061
-0.702068
-0.705491
-0.7434
-0.62019
-0.663302
-0.749772
-0.750977
-0.655962
-0.652227
-0.612229
-0.471794
-0.417403
-0.199868
0.00370634
0.189483
0.304845
0.285976
0.238276
0.358229
0.499124
0.602583
0.649021
0.739495
0.806823
0.706559
0.647977
0.523854
0.513281
0.297589
0.26502
0.324425
0.257137
0.0954561
-0.0932703
-0.234018
-0.436177
-0.508438
-0.684076
-0.672782
-0.710846
-0.770122
-0.706435
-0.677117
-0.659544
-0.750899
-0.734601
-0.687619
-0.52972
-0.511696
-0.49969
-0.453046
-0.552203
-0.636001
-0.600744
-0.493028
-0.524119
-0.452347
-0.39926
-0.275642
-0.158282
-0.173349
-0.194169
-0.2282
-0.305128
-0.289789
-0.233221
-0.280931
-0.316047
-0.463471
-0.531237
-0.516439
-0.5002
-0.609769
-0.533743
-0.394327
-0.334487
-0.199222
-0.148802
-0.107243
-0.220598
-0.194681
-0.12919
0.0211918
0.0403496
-0.0147969
0.155806
0.151213
0.266145
0.335323
0.382132
0.479562
0.569486
0.689983
0.83813
0.982332
0.84602
0.783282
0.742146
0.693134
0.677299
0.639682
0.659544
0.676102
0.634479
0.635314
0.710379
0.672279
0.616332
0.673118
0.800593
0.842141
0.912821
0.839211
0.789244
0.81327
0.746986
0.800436
0.917193
0.972336
1.01589
1.20474
1.35408
1.52176
1.53708
1.55122
1.68466
1.74026
1.83967
1.94136
2.03462
1.76507
1.56224
1.37493
1.1869
1.09589
0.871842
0.796517
0.722027
0.668718
0.484784
0.351866
0.173574
-0.0905621
-0.197287
-0.358611
-0.370597
-0.545243
-0.797717
-0.848884
-0.89574
-1.03303
-1.0885
-1.08308
-1.10723
-1.07576
-0.977356
-0.915271
-0.939828
-1.06854
-1.23764
-1.21947
-1.23527
-1.25137
