12.468
15.5542
21.1356
19.0935
20.457
17.2055
14.4265
18.1917
15.5541
14.4736
18.6281
13.3462
12.5792
11.3976
12.5048
11.5834
10.2043
12.5646
11.1993
10.516
11.2792
9.26309
9.46485
12.2752
11.2306
10.3985
9.54065
10.6567
9.89366
9.48184
10.0085
9.20259
8.92352
8.5568
8.53494
8.19979
7.54701
8.51818
7.72658
6.6457
12.3333
8.91416
8.35485
8.14356
7.83054
7.60179
7.16268
7.71049
7.30107
7.28128
7.75259
7.19351
7.88923
7.16787
6.82665
6.66748
6.38045
6.71304
6.48842
6.26407
6.82693
6.48036
8.94996
6.56185
6.42409
5.96142
5.64819
5.41529
6.29561
5.95318
6.18229
5.82288
5.75574
5.90272
5.527
5.42354
5.24467
5.42788
5.2478
5.09502
5.4126
5.16092
5.01718
5.24614
4.98968
4.75899
4.61379
4.27327
3.78552
2.58027
8.07545
6.05177
5.51016
5.54814
5.16271
5.01044
5.47184
4.83788
4.87915
4.78164
5.37802
4.74227
4.63802
4.96113
5.57847
4.42418
4.49464
4.33272
4.33678
4.22284
4.33331
4.2905
4.13821
4.42591
4.1784
4.38512
4.23632
4.0885
4.00137
3.86247
3.7651
3.73785
7.807
4.70274
4.38793
4.10818
4.36143
4.03261
3.97472
3.91735
3.95698
4.02157
3.79323
3.87583
3.51057
4.72183
4.26897
3.98791
3.92989
3.9166
3.8047
3.85214
3.7224
4.37982
4.07515
4.45946
4.613
3.51425
3.59496
3.67881
3.5522
3.99495
4.5272
4.05475
3.94333
3.81548
3.97496
3.99817
4.19091
6.50118
2.67765
4.14795
3.38601
3.44958
3.5516
3.59488
3.57239
3.50856
3.6088
3.59943
3.45341
3.49889
3.48083
3.47016
3.58838
3.48161
3.59944
3.59944
3.48161
3.58838
3.47016
3.48083
3.49889
3.45341
3.59943
3.6088
3.50856
3.57239
3.59488
3.5516
3.44958
3.38601
4.14795
2.67765
6.50118
4.19091
3.99817
3.97496
3.81548
3.94333
4.05475
4.5272
3.99495
3.5522
3.67881
3.59496
3.51425
4.613
4.45946
4.07515
4.37982
3.7224
3.85214
3.8047
3.9166
3.92989
3.98791
4.26897
4.72183
3.51057
3.87583
3.79323
4.02157
3.95698
3.91735
3.97472
4.03261
4.36143
4.10818
4.38793
4.70274
7.807
3.73785
3.7651
3.86247
4.00137
4.0885
4.23632
4.38512
4.1784
4.42591
4.13821
4.2905
4.33331
4.22284
4.33678
4.33272
4.49464
4.42418
5.57847
4.96113
4.63802
4.74227
5.37802
4.78164
4.87915
4.83788
5.47184
5.01044
5.16271
5.54814
5.51016
6.05177
8.07545
2.58027
3.78552
4.27327
4.61379
4.75899
4.98968
5.24614
5.01718
5.16092
5.4126
5.09502
5.2478
5.42788
5.24467
5.42354
5.527
5.90272
5.75574
5.82288
6.18229
5.95318
6.29561
5.41529
5.64819
5.96142
6.42409
6.56185
8.94996
6.48036
6.82693
6.26407
6.48842
6.71304
6.38045
6.66748
6.82665
7.16787
7.88923
7.19351
7.75259
7.28128
7.30107
7.71049
7.16268
7.60179
7.83054
8.14356
8.35485
8.91416
12.3333
6.6457
7.72658
8.51818
7.54701
8.19979
8.53494
8.5568
8.92352
9.20259
10.0085
9.48184
9.89366
10.6567
9.54065
10.3985
11.2306
12.2752
9.46485
9.26309
11.2792
10.516
11.1993
12.5646
10.2043
11.5834
12.5048
11.3976
12.5792
13.3462
18.6281
14.4736
15.5541
18.1917
14.4265
17.2055
20.457
19.0935
21.1356
15.5542
