17.6523
35.9271
129.886
81.1609
111.098
52.5475
27.7111
65.9425
35.9257
28.0133
72.9131
21.6085
18.1101
13.7962
17.8023
14.3993
10.4817
18.0492
13.1806
11.2615
13.4251
8.43934
8.84066
16.8858
13.2758
10.961
8.99633
11.6324
9.75812
8.87533
10.0197
8.32259
7.80463
7.17266
7.13664
6.60661
5.68462
7.10916
5.92459
4.61923
17.1131
7.78781
6.84676
6.52162
6.06812
5.75677
5.20317
5.90267
5.37165
5.34721
5.96017
5.24024
6.15068
5.20939
4.81576
4.64246
4.34556
4.69142
4.45494
4.23065
4.81607
4.44668
7.85229
4.53091
4.38944
3.94586
3.6713
3.4796
4.26148
3.93839
4.15173
3.82198
3.76335
3.89289
3.57026
3.48621
3.34554
3.4897
3.34796
3.23223
3.47745
3.28165
3.17481
3.34668
3.15477
2.99157
2.8932
2.67502
2.39085
1.81145
6.42014
4.02881
3.55644
3.58769
3.283
3.16989
3.5252
3.04641
3.07549
3.00721
3.44987
2.98007
2.90939
3.1341
3.61282
2.76961
2.81491
2.71189
2.71443
2.64414
2.71226
2.68566
2.59311
2.77071
2.61722
2.74481
2.65236
2.5636
2.51268
2.43359
2.37963
2.36475
6.03532
2.95307
2.74658
2.57524
2.72988
2.53082
2.49731
2.46453
2.48713
2.52439
2.39509
2.44108
2.24418
2.96608
2.67237
2.5049
2.47166
2.46411
2.40143
2.42781
2.35635
2.74146
2.55573
2.79219
2.89268
2.24608
2.28821
2.33282
2.26579
2.50897
2.83609
2.54375
2.47933
2.4074
2.49744
2.51083
2.62477
4.46805
1.85253
2.59893
2.18073
2.21288
2.26548
2.28817
2.27635
2.24314
2.29551
2.29057
2.21483
2.23815
2.22886
2.22339
2.28475
2.22926
2.29057
2.29057
2.22926
2.28475
2.22339
2.22886
2.23815
2.21483
2.29057
2.29551
2.24314
2.27635
2.28817
2.26548
2.21288
2.18073
2.59893
1.85253
4.46805
2.62477
2.51083
2.49744
2.4074
2.47933
2.54375
2.83609
2.50897
2.26579
2.33282
2.28821
2.24608
2.89268
2.79219
2.55573
2.74146
2.35635
2.42781
2.40143
2.46411
2.47166
2.5049
2.67237
2.96608
2.24418
2.44108
2.39509
2.52439
2.48713
2.46453
2.49731
2.53082
2.72988
2.57524
2.74658
2.95307
6.03532
2.36475
2.37963
2.43359
2.51268
2.5636
2.65236
2.74481
2.61722
2.77071
2.59311
2.68566
2.71226
2.64414
2.71443
2.71189
2.81491
2.76961
3.61282
3.1341
2.90939
2.98007
3.44987
3.00721
3.07549
3.04641
3.5252
3.16989
3.283
3.58769
3.55644
4.02881
6.42014
1.81145
2.39085
2.67502
2.8932
2.99157
3.15477
3.34668
3.17481
3.28165
3.47745
3.23223
3.34796
3.4897
3.34554
3.48621
3.57026
3.89289
3.76335
3.82198
4.15173
3.93839
4.26148
3.4796
3.6713
3.94586
4.38944
4.53091
7.85229
4.44668
4.81607
4.23065
4.45494
4.69142
4.34556
4.64246
4.81576
5.20939
6.15068
5.24024
5.96017
5.34721
5.37165
5.90267
5.20317
5.75677
6.06812
6.52162
6.84676
7.78781
17.1131
4.61923
5.92459
7.10916
5.68462
6.60661
7.13664
7.17266
7.80463
8.32259
10.0197
8.87533
9.75812
11.6324
8.99633
10.961
13.2758
16.8858
8.84066
8.43934
13.4251
11.2615
13.1806
18.0492
10.4817
14.3993
17.8023
13.7962
18.1101
21.6085
72.9131
28.0133
35.9257
65.9425
27.7111
52.5475
111.098
81.1609
129.886
35.9271
