8.8766
8.87662
8.87669
8.87681
8.87697
8.87719
8.87744
8.87775
8.8781
8.8785
8.87894
8.87943
8.87997
8.88055
8.88118
8.88186
8.88258
8.88335
8.88417
8.88504
8.88595
8.8869
8.8879
8.88895
8.89005
8.89119
8.89238
8.89361
8.89489
8.89622
8.89759
8.89901
8.90047
8.90198
8.90354
8.90514
8.90679
8.90848
8.91022
8.912
8.91383
8.9157
8.91762
8.91958
8.92159
8.92365
8.92575
8.92789
8.93008
8.93231
8.93459
8.93691
8.93928
8.94169
8.94414
8.94664
8.94919
8.95177
8.9544
8.95708
8.9598
8.96256
8.96536
8.96821
8.9711
8.97404
8.97701
8.98003
8.9831
8.9862
8.98935
8.99254
8.99577
8.99905
9.00236
9.00572
9.00912
9.01256
9.01605
9.01957
9.02314
9.02675
9.03039
9.03408
9.03781
9.04158
9.0454
9.04925
9.05314
9.05707
9.06104
9.06505
9.0691
9.0732
9.07733
9.08149
9.0857
9.08995
9.09424
9.09856
9.10292
9.10733
9.11177
9.11625
9.12076
9.12532
9.12991
9.13454
9.1392
9.14391
9.14865
9.15342
9.15824
9.16309
9.16798
9.1729
9.17786
9.18286
9.18789
9.19296
9.19806
9.2032
9.20837
9.21358
9.21882
9.2241
9.22942
9.23476
9.24015
9.24556
9.25101
9.2565
9.26201
9.26756
9.27315
9.27877
9.28442
9.2901
9.29582
9.30157
9.30735
9.31316
9.31901
9.32489
9.3308
9.33674
9.34271
9.34872
9.35475
9.36082
9.36691
9.37304
9.3792
9.38539
9.39161
9.39786
9.40414
9.41045
9.41679
9.42316
9.42955
9.43598
9.44244
9.44892
9.45544
9.46198
9.46855
9.47515
9.48178
9.48843
9.49512
9.50183
9.50857
9.51533
9.52212
9.52894
9.53579
9.54267
9.54957
9.55649
9.56345
9.57043
9.57743
9.58447
9.59152
9.59861
9.60572
9.61285
9.62001
9.6272
9.63441
9.64164
9.6489
9.65618
9.66349
9.67083
9.67818
9.68556
9.69297
9.7004
9.70785
9.71532
9.72282
9.73035
9.73789
9.74546
9.75305
9.76067
9.7683
9.77596
9.78364
9.79135
9.79907
9.80682
9.81459
9.82238
9.8302
9.83803
9.84589
9.85376
9.86166
9.86958
9.87752
9.88548
9.89346
9.90147
9.90949
9.91753
9.9256
9.93368
9.94178
9.94991
9.95805
9.96621
9.97439
9.9826
9.99082
9.99906
10.0073
10.0156
10.0239
10.0322
10.0405
10.0489
10.0573
10.0657
10.0741
10.0825
10.0909
10.0994
10.1079
10.1164
10.1249
10.1334
10.142
10.1506
10.1591
10.1678
10.1764
10.185
10.1937
10.2023
10.211
10.2197
10.2285
10.2372
10.246
10.2547
10.2635
10.2723
10.2811
10.29
10.2988
10.3077
10.3166
10.3255
10.3344
10.3433
10.3523
10.3613
10.3702
10.3792
10.3882
10.3973
10.4063
10.4154
10.4244
10.4335
10.4426
10.4517
10.4609
10.47
10.4792
10.4883
10.4975
10.5067
10.516
10.5252
10.5344
10.5437
10.553
10.5623
10.5716
10.5809
10.5902
10.5996
10.6089
10.6183
10.6277
10.6371
10.6465
10.6559
10.6654
10.6748
10.6843
10.6938
10.7032
10.7128
10.7223
10.7318
10.7414
10.7509
10.7605
10.7701
10.7797
10.7893
10.7989
10.8086
10.8182
10.8279
10.8376
10.8472
10.8569
10.8667
10.8764
10.8861
10.8959
10.9056
10.9154
10.9252
10.935
10.9448
10.9547
10.9645
10.9744
10.9842
10.9941
11.004
11.0139
11.0238
11.0337
11.0437
11.0536
11.0636
11.0736
11.0835
11.0935
11.1036
11.1136
11.1236
11.1337
11.1437
11.1538
11.1639
11.174
11.1841
11.1942
11.2043
11.2145
11.2246
11.2348
11.245
11.2552
11.2654
11.2756
11.2858
11.296
11.3063
11.3166
11.3268
11.3371
11.3474
11.3577
11.368
11.3784
11.3887
11.3991
11.4094
11.4198
11.4302
11.4406
11.451
11.4615
11.4719
11.4823
11.4928
11.5033
11.5138
11.5243
11.5348
11.5453
11.5558
11.5664
11.5769
11.5875
11.5981
11.6087
11.6193
11.6299
11.6405
11.6511
11.6618
11.6725
11.6831
11.6938
11.7045
11.7152
11.726
11.7367
11.7474
11.7582
11.769
11.7797
11.7905
11.8014
11.8122
11.823
11.8338
11.8447
11.8556
11.8664
11.8773
11.8882
11.8992
11.9101
11.921
11.932
11.9429
11.9539
11.9649
11.9759
11.9869
11.998
12.009
12.0201
12.0311
12.0422
12.0533
12.0644
12.0755
12.0866
12.0978
12.1089
12.1201
12.1313
12.1425
12.1537
12.1649
12.1761
12.1874
12.1986
12.2099
12.2212
12.2325
12.2438
12.2551
12.2665
12.2778
12.2892
12.3006
12.312
12.3234
12.3348
12.3462
12.3577
12.3691
12.3806
12.3921
12.4036
12.4151
12.4266
12.4382
12.4497
12.4613
12.4729
12.4845
12.4961
12.5077
12.5194
12.531
12.5427
12.5544
12.5661
12.5778
12.5895
12.6012
12.613
12.6248
12.6366
12.6484
12.6602
12.672
12.6839
12.6957
12.7076
12.7195
12.7314
12.7433
12.7553
12.7672
12.7792
12.7912
12.8032
12.8152
12.8272
12.8393
12.8513
12.8634
12.8755
12.8876
12.8998
12.9119
12.9241
12.9363
12.9485
12.9607
12.9729
12.9851
12.9974
13.0097
13.022
13.0343
13.0466
13.059
13.0713
13.0837
13.0961
13.1085
13.121
13.1334
13.1459
13.1584
13.1709
13.1834
13.1959
13.2085
13.2211
13.2337
13.2463
13.2589
13.2716
13.2843
13.2969
13.3097
13.3224
13.3351
13.3479
13.3607
13.3735
13.3863
13.3992
13.412
13.4249
13.4378
13.4507
13.4637
13.4766
13.4896
13.5026
13.5156
13.5287
13.5418
13.5548
13.5679
13.5811
13.5942
13.6074
13.6206
13.6338
13.647
13.6603
13.6736
13.6869
13.7002
13.7135
13.7269
13.7403
13.7537
13.7671
13.7806
13.7941
13.8076
13.8211
13.8347
13.8482
13.8618
13.8754
13.8891
13.9028
13.9164
13.9302
13.9439
13.9577
13.9715
13.9853
13.9991
14.013
14.0269
14.0408
14.0547
14.0687
14.0827
14.0967
14.1107
14.1248
14.1389
14.153
14.1671
14.1813
14.1955
14.2097
14.224
14.2383
14.2526
14.2669
14.2813
14.2957
14.3101
14.3246
14.339
14.3535
14.3681
14.3826
14.3972
14.4119
14.4265
14.4412
14.4559
14.4706
14.4854
14.5002
14.5151
14.5299
14.5448
14.5597
14.5747
14.5897
14.6047
14.6198
14.6349
14.65
14.6651
14.6803
14.6955
14.7108
14.7261
14.7414
14.7567
14.7721
14.7875
14.803
14.8185
14.834
14.8495
14.8651
14.8808
14.8964
14.9121
14.9279
14.9436
14.9595
14.9753
14.9912
15.0071
15.0231
15.0391
15.0551
15.0712
15.0873
15.1035
15.1196
15.1359
15.1521
15.1685
15.1848
15.2012
15.2176
15.2341
15.2506
15.2672
15.2838
15.3004
15.3171
15.3339
15.3506
15.3674
15.3843
15.4012
15.4182
15.4351
15.4522
15.4693
15.4864
15.5036
15.5208
15.5381
15.5554
15.5727
15.5902
15.6076
15.6251
15.6427
15.6603
15.6779
15.6957
15.7134
15.7312
15.7491
15.767
15.785
15.803
15.821
15.8392
15.8573
15.8756
15.8938
15.9122
15.9306
15.949
15.9675
15.9861
16.0047
16.0234
16.0421
16.0609
16.0797
16.0986
16.1176
16.1366
16.1557
16.1749
16.1941
16.2134
16.2327
16.2521
16.2716
16.2911
16.3107
16.3303
16.3501
16.3699
16.3897
16.4096
16.4296
16.4497
16.4698
16.49
16.5103
16.5306
16.551
16.5715
16.5921
16.6127
16.6334
16.6542
16.6751
16.696
16.717
16.7381
16.7593
16.7805
16.8018
16.8232
16.8447
16.8663
16.8879
16.9097
16.9315
16.9534
16.9754
16.9974
17.0196
17.0418
17.0642
17.0866
17.1091
17.1317
17.1544
17.1772
17.2001
17.2231
17.2462
17.2694
17.2927
17.316
17.3395
17.3631
17.3868
17.4105
17.4344
17.4584
17.4825
17.5067
17.531
17.5555
17.58
17.6046
17.6294
17.6543
17.6793
17.7044
17.7296
17.7549
17.7804
17.806
17.8317
17.8575
17.8835
17.9096
17.9358
17.9622
17.9886
18.0152
18.042
18.0689
18.0959
18.1231
18.1504
18.1778
18.2054
18.2331
18.261
18.2891
18.3173
18.3456
18.3741
18.4028
18.4316
18.4606
18.4897
18.519
18.5485
18.5781
18.608
18.6379
18.6681
18.6985
18.729
18.7597
18.7906
18.8217
18.853
18.8844
18.9161
18.948
18.9801
19.0123
19.0448
19.0775
19.1104
19.1436
19.1769
19.2105
19.2443
19.2783
19.3126
19.3471
19.3818
19.4168
19.452
19.4875
19.5233
19.5593
19.5956
19.6321
19.6689
19.706
19.7434
19.781
19.819
19.8572
19.8957
19.9346
19.9738
20.0132
20.053
20.0932
20.1336
20.1744
20.2156
20.2571
20.299
20.3412
20.3838
20.4268
20.4702
20.5139
20.5581
20.6027
20.6477
20.6931
20.739
20.7853
20.832
20.8793
20.927
20.9752
21.0238
21.073
21.1227
21.173
21.2237
21.275
21.3269
21.3794
21.4325
21.4861
21.5404
21.5954
21.6509
21.7072
21.7641
21.8218
21.8801
21.9392
21.9991
22.0597
22.1212
22.1835
22.2466
22.3106
22.3755
22.4414
22.5082
22.576
22.6448
22.7146
22.7855
22.8576
22.9308
23.0052
23.0808
23.1578
23.236
23.3156
23.3967
23.4792
23.5633
23.6489
23.7362
23.8253
23.9162
24.0089
24.1036
24.2003
24.2992
24.4004
24.5039
24.6099
24.7184
24.8297
24.9439
25.0612
25.1816
25.3055
25.4329
25.5642
25.6996
25.8394
25.9838
26.1333
26.2881
26.4488
26.6157
26.7895
26.9708
27.1603
27.3588
27.5674
27.7871
28.0194
28.2661
28.5292
28.8114
29.1164
29.4488
29.8156
30.2268
30.6996
31.2655
31.9966
33.1259
36.4443
28.6784
32.2196
36.043
36.0351
40.6632
41.125
35.0466
34.9633
35.0374
41.1241
40.667
36.0462
36.0469
32.2464
28.6994
36.4542
33.1479
32.0253
31.2995
30.7384
30.2701
29.8631
29.5006
29.1723
28.8714
28.5931
28.334
28.0913
27.8629
27.647
27.4424
27.2477
27.0621
26.8847
26.7147
26.5516
26.3948
26.2438
26.0982
25.9576
25.8216
25.69
25.5625
25.4389
25.3188
25.2022
25.0887
24.9783
24.8708
24.766
24.6639
24.5642
24.4668
24.3717
24.2787
24.1878
24.0989
24.0118
23.9265
23.843
23.7611
23.6808
23.6021
23.5248
23.449
23.3745
23.3014
23.2295
23.1589
23.0894
23.0212
22.954
22.8879
22.8229
22.7589
22.6959
22.6338
22.5727
22.5125
22.4531
22.3946
22.3369
22.2801
22.224
22.1686
22.1141
22.0602
22.007
21.9546
21.9028
21.8516
21.8011
21.7512
21.702
21.6533
21.6052
21.5576
21.5106
21.4642
21.4183
21.3729
21.328
21.2836
21.2397
21.1962
21.1532
21.1107
21.0686
21.027
20.9858
20.945
20.9046
20.8646
20.825
20.7859
20.747
20.7086
20.6705
20.6328
20.5955
20.5584
20.5218
20.4854
20.4494
20.4138
20.3784
20.3433
20.3086
20.2741
20.24
20.2061
20.1726
20.1393
20.1063
20.0736
20.0411
20.0089
19.977
19.9453
19.9138
19.8827
19.8517
19.821
19.7906
19.7604
19.7304
19.7006
19.6711
19.6418
19.6127
19.5838
19.5551
19.5267
19.4984
19.4704
19.4425
19.4148
19.3874
19.3601
19.333
19.3062
19.2794
19.2529
19.2266
19.2004
19.1744
19.1486
19.123
19.0975
19.0722
19.047
19.0221
18.9972
18.9726
18.9481
18.9237
18.8995
18.8755
18.8516
18.8278
18.8042
18.7807
18.7574
18.7343
18.7112
18.6883
18.6655
18.6429
18.6204
18.5981
18.5758
18.5537
18.5317
18.5099
18.4882
18.4665
18.4451
18.4237
18.4025
18.3813
18.3603
18.3394
18.3186
18.298
18.2774
18.257
18.2366
18.2164
18.1963
18.1763
18.1564
18.1366
18.1169
18.0973
18.0778
18.0584
18.0391
18.0199
18.0008
17.9818
17.9629
17.9441
17.9254
17.9067
17.8882
17.8698
17.8514
17.8331
17.815
17.7969
17.7789
17.761
17.7431
17.7254
17.7077
17.6902
17.6727
17.6552
17.6379
17.6207
17.6035
17.5864
17.5694
17.5524
17.5356
17.5188
17.5021
17.4855
17.4689
17.4524
17.436
17.4197
17.4034
17.3872
17.3711
17.355
17.339
17.3231
17.3072
17.2915
17.2757
17.2601
17.2445
17.229
17.2135
17.1982
17.1828
17.1676
17.1524
17.1373
17.1222
17.1072
17.0922
17.0773
17.0625
17.0477
17.033
17.0184
17.0038
16.9893
16.9748
16.9604
16.946
16.9317
16.9175
16.9033
16.8891
16.875
16.861
16.847
16.8331
16.8192
16.8054
16.7917
16.7779
16.7643
16.7507
16.7371
16.7236
16.7102
16.6967
16.6834
16.6701
16.6568
16.6436
16.6304
16.6173
16.6043
16.5912
16.5783
16.5653
16.5525
16.5396
16.5268
16.5141
16.5014
16.4887
16.4761
16.4636
16.451
16.4386
16.4261
16.4137
16.4014
16.3891
16.3768
16.3646
16.3524
16.3403
16.3282
16.3161
16.3041
16.2921
16.2802
16.2683
16.2564
16.2446
16.2328
16.2211
16.2094
16.1977
16.1861
16.1745
16.163
16.1514
16.14
16.1285
16.1171
16.1058
16.0944
16.0831
16.0719
16.0607
16.0495
16.0383
16.0272
16.0161
16.0051
15.9941
15.9831
15.9721
15.9612
15.9504
15.9395
15.9287
15.9179
15.9072
15.8965
15.8858
15.8752
15.8645
15.854
15.8434
15.8329
15.8224
15.812
15.8015
15.7911
15.7808
15.7704
15.7601
15.7499
15.7396
15.7294
15.7192
15.7091
15.699
15.6889
15.6788
15.6688
15.6588
15.6488
15.6388
15.6289
15.619
15.6092
15.5993
15.5895
15.5797
15.57
15.5603
15.5506
15.5409
15.5312
15.5216
15.512
15.5025
15.4929
15.4834
15.4739
15.4645
15.455
15.4456
15.4362
15.4269
15.4175
15.4082
15.3989
15.3897
15.3805
15.3712
15.3621
15.3529
15.3438
15.3347
15.3256
15.3165
15.3075
15.2985
15.2895
15.2805
15.2715
15.2626
15.2537
15.2448
15.236
15.2272
15.2184
15.2096
15.2008
15.1921
15.1834
15.1747
15.166
15.1573
15.1487
15.1401
15.1315
15.1229
15.1144
15.1059
15.0974
15.0889
15.0804
15.072
15.0636
15.0552
15.0468
15.0385
15.0301
15.0218
15.0135
15.0052
14.997
14.9888
14.9805
14.9724
14.9642
14.956
14.9479
14.9398
14.9317
14.9236
14.9155
14.9075
14.8995
14.8915
14.8835
14.8755
14.8676
14.8597
14.8518
14.8439
14.836
14.8282
14.8203
14.8125
14.8047
14.7969
14.7892
14.7814
14.7737
14.766
14.7583
14.7507
14.743
14.7354
14.7277
14.7201
14.7126
14.705
14.6974
14.6899
14.6824
14.6749
14.6674
14.6599
14.6525
14.6451
14.6376
14.6302
14.6229
14.6155
14.6081
14.6008
14.5935
14.5862
14.5789
14.5716
14.5644
14.5571
14.5499
14.5427
14.5355
14.5283
14.5212
14.514
14.5069
14.4998
14.4927
14.4856
14.4785
14.4715
14.4644
14.4574
14.4504
14.4434
14.4364
14.4294
14.4225
14.4155
14.4086
14.4017
14.3948
14.3879
14.3811
14.3742
14.3674
14.3606
14.3538
14.347
14.3402
14.3334
14.3267
14.3199
14.3132
14.3065
14.2998
14.2931
14.2864
14.2798
14.2731
14.2665
14.2599
14.2533
14.2467
14.2401
14.2336
14.227
14.2205
14.214
14.2074
14.2009
14.1945
14.188
14.1815
14.1751
14.1687
14.1622
14.1558
14.1494
14.143
14.1367
14.1303
14.124
14.1176
14.1113
14.105
14.0987
14.0924
14.0861
14.0799
14.0736
14.0674
14.0612
14.055
14.0488
14.0426
14.0364
14.0302
14.0241
14.0179
14.0118
14.0057
13.9996
13.9935
13.9874
13.9813
13.9752
13.9692
13.9632
13.9571
13.9511
13.9451
13.9391
13.9331
13.9272
13.9212
13.9152
13.9093
13.9034
13.8975
13.8916
13.8857
13.8798
13.8739
13.868
13.8622
13.8563
13.8505
13.8447
13.8389
13.8331
13.8273
13.8215
13.8157
13.81
13.8042
13.7985
13.7928
13.787
13.7813
13.7756
13.77
13.7643
13.7586
13.753
13.7473
13.7417
13.736
13.7304
13.7248
13.7192
13.7136
13.7081
13.7025
13.6969
13.6914
13.6858
13.6803
13.6748
13.6693
13.6638
13.6583
13.6528
13.6473
13.6419
13.6364
13.631
13.6255
13.6201
13.6147
13.6093
13.6039
13.5985
13.5931
13.5878
13.5824
13.577
13.5717
13.5664
13.561
13.5557
13.5504
13.5451
13.5398
13.5345
13.5293
13.524
13.5188
13.5135
13.5083
13.503
13.4978
13.4926
13.4874
13.4822
13.477
13.4719
13.4667
13.4615
13.4564
13.4512
13.4461
13.441
13.4359
13.4307
13.4256
13.4206
13.4155
13.4104
13.4053
13.4003
13.3952
13.3902
13.3851
13.3801
13.3751
13.3701
13.3651
13.3601
13.3551
13.3501
13.3451
13.3402
13.3352
13.3303
13.3253
13.3204
13.3155
13.3106
13.3057
13.3008
13.2959
13.291
13.2861
13.2812
13.2764
13.2715
13.2667
13.2618
13.257
13.2522
13.2474
13.2425
13.2377
13.2329
13.2282
13.2234
13.2186
13.2138
13.2091
13.2043
13.1996
13.1949
13.1901
13.1854
13.1807
13.176
13.1713
13.1666
13.1619
13.1572
13.1525
13.1479
13.1432
13.1386
13.1339
13.1293
13.1247
13.12
13.1154
13.1108
13.1062
13.1016
13.097
13.0925
13.0879
13.0833
13.0788
13.0742
13.0696
13.0651
13.0606
13.056
13.0515
13.047
13.0425
13.038
13.0335
13.029
13.0245
13.0201
13.0156
13.0111
13.0067
13.0022
12.9978
12.9934
12.9889
12.9845
12.9801
12.9757
12.9713
12.9669
12.9625
12.9581
12.9537
12.9494
12.945
12.9406
12.9363
12.9319
12.9276
12.9233
12.9189
12.9146
12.9103
12.906
12.9017
12.8974
12.8931
12.8888
12.8845
12.8803
12.876
12.8717
12.8675
12.8632
12.859
12.8548
12.8505
12.8463
12.8421
12.8379
12.8337
12.8295
12.8253
12.8211
12.8169
12.8127
12.8085
12.8044
12.8002
12.7961
12.7919
12.7878
12.7836
12.7795
12.7754
12.7712
12.7671
12.763
12.7589
12.7548
12.7507
12.7466
12.7426
12.7385
12.7344
12.7303
12.7263
12.7222
12.7182
12.7141
12.7101
12.7061
12.702
12.698
12.694
12.69
12.686
12.682
12.678
12.674
12.67
12.666
12.6621
12.6581
12.6541
12.6502
12.6462
12.6423
12.6383
12.6344
12.6305
12.6266
12.6226
12.6187
12.6148
12.6109
12.607
12.6031
12.5992
12.5953
12.5915
12.5876
12.5837
12.5798
12.576
12.5721
12.5683
12.5644
12.5606
12.5568
12.5529
12.5491
12.5453
12.5415
12.5377
12.5339
12.5301
12.5263
12.5225
12.5187
12.5149
12.5111
12.5074
12.5036
12.4998
12.4961
12.4923
12.4886
12.4849
12.4811
12.4774
12.4737
12.4699
12.4662
12.4625
12.4588
12.4551
12.4514
12.4477
12.444
12.4403
12.4366
12.433
12.4293
12.4256
12.422
12.4183
12.4147
12.411
12.4074
12.4037
12.4001
12.3965
12.3928
12.3892
12.3856
12.382
12.3784
12.3748
12.3712
12.3676
12.364
12.3604
12.3568
12.3533
12.3497
12.3461
12.3426
12.339
12.3355
12.3319
12.3284
12.3248
12.3213
12.3177
12.3142
12.3107
12.3072
12.3037
12.3002
12.2966
12.2931
12.2896
12.2862
12.2827
12.2792
12.2757
12.2722
12.2687
12.2653
12.2618
12.2584
12.2549
12.2514
12.248
12.2446
12.2411
12.2377
12.2343
12.2308
12.2274
12.224
12.2206
12.2172
12.2138
12.2103
12.2069
12.2036
12.2002
12.1968
12.1934
12.19
12.1866
12.1833
12.1799
12.1765
12.1732
12.1698
12.1665
12.1631
12.1598
12.1565
12.1531
12.1498
12.1465
12.1431
12.1398
12.1365
12.1332
12.1299
12.1266
12.1233
12.12
12.1167
12.1134
12.1101
12.1068
12.1036
12.1003
12.097
12.0938
12.0905
12.0872
12.084
12.0807
12.0775
12.0742
12.071
12.0678
12.0645
12.0613
12.0581
12.0549
12.0516
12.0484
12.0452
12.042
12.0388
12.0356
12.0324
12.0292
12.026
12.0229
12.0197
12.0165
12.0133
12.0102
12.007
12.0038
12.0007
11.9975
11.9944
11.9912
11.9881
11.9849
11.9818
11.9787
11.9755
11.9724
11.9693
11.9662
11.963
11.9599
11.9568
11.9537
11.9506
11.9475
11.9444
11.9413
11.9382
11.9352
11.9321
11.929
11.9259
11.9228
11.9198
11.9167
11.9136
11.9106
11.9075
11.9045
11.9014
11.8984
11.8954
11.8923
11.8893
11.8862
11.8832
11.8802
11.8772
11.8742
11.8711
11.8681
11.8651
11.8621
11.8591
11.8561
11.8531
11.8501
11.8471
11.8442
11.8412
11.8382
11.8352
11.8323
11.8293
11.8263
11.8234
11.8204
11.8174
11.8145
11.8115
11.8086
11.8056
11.8027
11.7998
11.7968
11.7939
11.791
11.7881
11.7851
11.7822
11.7793
11.7764
11.7735
11.7706
11.7677
11.7648
11.7619
11.759
11.7561
11.7532
11.7503
11.7474
11.7446
11.7417
11.7388
11.7359
11.7331
11.7302
11.7274
11.7245
11.7216
11.7188
11.716
11.7131
11.7103
11.7074
11.7046
11.7018
11.6989
11.6961
11.6933
11.6905
11.6876
11.6848
11.682
11.6792
11.6764
11.6736
11.6708
11.668
11.6652
11.6624
11.6596
11.6568
11.6541
11.6513
11.6485
11.6457
11.643
11.6402
11.6374
11.6347
11.6319
11.6291
11.6264
11.6236
11.6209
11.6181
11.6154
11.6127
11.6099
11.6072
11.6045
11.6017
11.599
11.5963
11.5936
11.5908
11.5881
11.5854
11.5827
11.58
11.5773
11.5746
11.5719
11.5692
11.5665
11.5638
11.5611
11.5585
11.5558
11.5531
11.5504
11.5477
11.5451
11.5424
11.5397
11.5371
11.5344
11.5318
11.5291
11.5265
11.5238
11.5212
11.5185
11.5159
11.5132
11.5106
11.508
11.5053
11.5027
11.5001
11.4975
11.4948
11.4922
11.4896
11.487
11.4844
11.4818
11.4792
11.4766
11.474
11.4714
11.4688
11.4662
11.4636
11.461
11.4584
11.4559
11.4533
11.4507
11.4481
11.4456
11.443
11.4404
11.4379
11.4353
11.4328
11.4302
11.4276
11.4251
11.4225
11.42
11.4175
11.4149
11.4124
11.4098
11.4073
11.4048
11.4023
11.3997
11.3972
11.3947
11.3922
11.3897
11.3871
11.3846
11.3821
11.3796
11.3771
11.3746
11.3721
11.3696
11.3671
11.3646
11.3621
11.3597
11.3572
11.3547
11.3522
11.3497
11.3473
11.3448
11.3423
11.3399
11.3374
11.3349
11.3325
11.33
11.3276
11.3251
11.3227
11.3202
11.3178
11.3153
11.3129
11.3104
11.308
11.3056
11.3031
11.3007
11.2983
11.2959
11.2934
11.291
11.2886
11.2862
11.2838
11.2814
11.279
11.2766
11.2741
11.2717
11.2693
11.267
11.2646
11.2622
11.2598
11.2574
11.255
11.2526
11.2502
11.2479
11.2455
11.2431
11.2407
11.2384
11.236
11.2336
11.2313
11.2289
11.2266
11.2242
11.2218
11.2195
11.2171
11.2148
11.2125
11.2101
11.2078
11.2054
11.2031
11.2008
11.1984
11.1961
11.1938
11.1914
11.1891
11.1868
11.1845
11.1822
11.1799
11.1775
11.1752
11.1729
11.1706
11.1683
11.166
11.1637
11.1614
11.1591
11.1568
11.1545
11.1522
11.15
11.1477
11.1454
11.1431
11.1408
11.1386
11.1363
11.134
11.1317
11.1295
11.1272
11.125
11.1227
11.1204
11.1182
11.1159
11.1137
11.1114
11.1092
11.1069
11.1047
11.1024
11.1002
11.098
11.0957
11.0935
11.0913
11.089
11.0868
11.0846
11.0823
11.0801
11.0779
11.0757
11.0735
11.0713
11.069
11.0668
11.0646
11.0624
11.0602
11.058
11.0558
11.0536
11.0514
11.0492
11.047
11.0449
11.0427
11.0405
11.0383
11.0361
11.0339
11.0318
11.0296
11.0274
11.0252
11.0231
11.0209
11.0187
11.0166
11.0144
11.0123
11.0101
11.0079
11.0058
11.0036
11.0015
10.9993
10.9972
10.995
10.9929
10.9908
10.9886
10.9865
10.9843
10.9822
10.9801
10.978
10.9758
10.9737
10.9716
10.9695
10.9673
10.9652
10.9631
10.961
10.9589
10.9568
10.9547
10.9526
10.9505
10.9484
10.9463
10.9442
10.9421
10.94
10.9379
10.9358
10.9337
10.9316
10.9295
10.9274
10.9254
10.9233
10.9212
10.9191
10.917
10.915
10.9129
10.9108
10.9088
10.9067
10.9046
10.9026
10.9005
10.8985
10.8964
10.8943
10.8923
10.8902
10.8882
10.8861
10.8841
10.8821
10.88
10.878
10.8759
10.8739
10.8719
10.8698
10.8678
10.8658
10.8637
10.8617
10.8597
10.8577
10.8557
10.8536
10.8516
10.8496
10.8476
10.8456
10.8436
10.8416
10.8396
10.8376
10.8356
10.8336
10.8316
10.8296
10.8276
10.8256
10.8236
10.8216
10.8196
10.8176
10.8156
10.8136
10.8117
10.8097
10.8077
10.8057
10.8038
10.8018
10.7998
10.7978
10.7959
10.7939
10.7919
10.79
10.788
10.7861
10.7841
10.7821
10.7802
10.7782
10.7763
10.7743
10.7724
10.7704
10.7685
10.7666
10.7646
10.7627
10.7607
10.7588
10.7569
10.7549
10.753
10.7511
10.7492
10.7472
10.7453
10.7434
10.7415
10.7395
10.7376
10.7357
10.7338
10.7319
10.73
10.7281
10.7262
10.7243
10.7223
10.7204
10.7185
10.7166
10.7147
10.7129
10.711
10.7091
10.7072
10.7053
10.7034
10.7015
10.6996
10.6977
10.6959
10.694
10.6921
10.6902
10.6884
10.6865
10.6846
10.6827
10.6809
10.679
10.6771
10.6753
10.6734
10.6715
10.6697
10.6678
10.666
10.6641
10.6623
10.6604
10.6586
10.6567
10.6549
10.653
10.6512
10.6493
10.6475
10.6457
10.6438
10.642
10.6402
10.6383
10.6365
10.6347
10.6328
10.631
10.6292
10.6274
10.6255
10.6237
10.6219
10.6201
10.6183
10.6165
10.6146
10.6128
10.611
10.6092
10.6074
10.6056
10.6038
10.602
10.6002
10.5984
10.5966
10.5948
10.593
10.5912
10.5894
10.5876
10.5859
10.5841
10.5823
10.5805
10.5787
10.5769
10.5752
10.5734
10.5716
10.5698
10.5681
10.5663
10.5645
10.5627
10.561
10.5592
10.5575
10.5557
10.5539
10.5522
10.5504
10.5487
10.5469
10.5451
10.5434
10.5416
10.5399
10.5381
10.5364
10.5347
10.5329
10.5312
10.5294
10.5277
10.5259
10.5242
10.5225
10.5207
10.519
10.5173
10.5156
10.5138
10.5121
10.5104
10.5087
10.5069
10.5052
10.5035
10.5018
10.5001
10.4983
10.4966
10.4949
10.4932
10.4915
10.4898
10.4881
10.4864
10.4847
10.483
10.4813
10.4796
10.4779
10.4762
10.4745
10.4728
10.4711
10.4694
10.4677
10.466
10.4643
10.4627
10.461
10.4593
10.4576
10.4559
10.4543
10.4526
10.4509
10.4492
10.4476
10.4459
10.4442
10.4425
10.4409
10.4392
10.4375
10.4359
10.4342
10.4326
10.4309
10.4292
10.4276
10.4259
10.4243
10.4226
10.421
10.4193
10.4177
10.416
10.4144
10.4127
10.4111
10.4095
10.4078
10.4062
10.4045
10.4029
10.4013
10.3996
10.398
10.3964
10.3947
10.3931
10.3915
10.3899
10.3882
10.3866
10.385
10.3834
10.3818
10.3801
10.3785
10.3769
10.3753
10.3737
10.3721
10.3705
10.3689
10.3673
10.3656
10.364
10.3624
10.3608
10.3592
10.3576
10.356
10.3544
10.3529
10.3513
10.3497
10.3481
10.3465
10.3449
10.3433
10.3417
10.3401
10.3386
10.337
10.3354
10.3338
10.3322
10.3307
10.3291
10.3275
10.3259
10.3244
10.3228
10.3212
10.3197
10.3181
10.3165
10.315
10.3134
10.3118
10.3103
10.3087
10.3072
10.3056
10.3041
10.3025
10.3009
10.2994
10.2978
10.2963
10.2947
10.2932
10.2917
10.2901
10.2886
10.287
10.2855
10.2839
10.2824
10.2809
10.2793
10.2778
10.2763
10.2747
10.2732
10.2717
10.2702
10.2686
10.2671
10.2656
10.2641
10.2625
10.261
10.2595
10.258
10.2565
10.2549
10.2534
10.2519
10.2504
10.2489
10.2474
10.2459
10.2444
10.2429
10.2414
10.2399
10.2384
10.2369
10.2354
10.2339
10.2324
10.2309
10.2294
10.2279
10.2264
10.2249
10.2234
10.2219
10.2204
10.2189
10.2175
10.216
10.2145
10.213
10.2115
10.2101
10.2086
10.2071
10.2056
10.2042
10.2027
10.2012
10.1997
10.1983
10.1968
10.1953
10.1939
10.1924
10.1909
10.1895
10.188
10.1866
10.1851
10.1836
10.1822
10.1807
10.1793
10.1778
10.1764
10.1749
10.1735
10.172
10.1706
10.1691
10.1677
10.1662
10.1648
10.1634
10.1619
10.1605
10.159
10.1576
10.1562
10.1547
10.1533
10.1519
10.1504
10.149
10.1476
10.1461
10.1447
10.1433
10.1419
10.1405
10.139
10.1376
10.1362
10.1348
10.1334
10.1319
10.1305
10.1291
10.1277
10.1263
10.1249
10.1235
10.1221
10.1206
10.1192
10.1178
10.1164
10.115
10.1136
10.1122
10.1108
10.1094
10.108
10.1066
10.1052
10.1039
10.1025
10.1011
10.0997
10.0983
10.0969
10.0955
10.0941
10.0927
10.0914
10.09
10.0886
10.0872
10.0858
10.0845
10.0831
10.0817
10.0803
10.079
10.0776
10.0762
10.0748
10.0735
10.0721
10.0707
10.0694
10.068
10.0666
10.0653
10.0639
10.0626
10.0612
10.0598
10.0585
10.0571
10.0558
10.0544
10.0531
10.0517
10.0504
10.049
10.0477
10.0463
10.045
10.0436
10.0423
10.0409
10.0396
10.0383
10.0369
10.0356
10.0342
10.0329
10.0316
10.0302
10.0289
10.0276
10.0262
10.0249
10.0236
10.0223
10.0209
10.0196
10.0183
10.017
10.0156
10.0143
10.013
10.0117
10.0104
10.009
10.0077
10.0064
10.0051
10.0038
10.0025
10.0012
9.99984
9.99853
9.99722
9.99592
9.99461
9.99331
9.992
9.9907
9.9894
9.9881
9.9868
9.9855
9.9842
9.9829
9.98161
9.98031
9.97902
9.97773
9.97644
9.97515
9.97386
9.97257
9.97128
9.96999
9.96871
9.96742
9.96614
9.96486
9.96358
9.9623
9.96102
9.95974
9.95846
9.95719
9.95591
9.95464
9.95337
9.95209
9.95082
9.94955
9.94828
9.94702
9.94575
9.94448
9.94322
9.94196
9.94069
9.93943
9.93817
9.93691
9.93565
9.93439
9.93314
9.93188
9.93063
9.92937
9.92812
9.92687
9.92562
9.92437
9.92312
9.92187
9.92063
9.91938
9.91813
9.91689
9.91565
9.91441
9.91317
9.91193
9.91069
9.90945
9.90821
9.90698
9.90574
9.90451
9.90328
9.90204
9.90081
9.89958
9.89835
9.89713
9.8959
9.89467
9.89345
9.89222
9.891
9.88978
9.88856
9.88734
9.88612
9.8849
9.88368
9.88247
9.88125
9.88004
9.87883
9.87761
9.8764
9.87519
9.87398
9.87277
9.87157
9.87036
9.86915
9.86795
9.86675
9.86554
9.86434
9.86314
9.86194
9.86074
9.85955
9.85835
9.85715
9.85596
9.85476
9.85357
9.85238
9.85119
9.85
9.84881
9.84762
9.84643
9.84525
9.84406
9.84288
9.8417
9.84051
9.83933
9.83815
9.83697
9.83579
9.83461
9.83344
9.83226
9.83109
9.82991
9.82874
9.82757
9.8264
9.82523
9.82406
9.82289
9.82172
9.82056
9.81939
9.81823
9.81706
9.8159
9.81474
9.81358
9.81242
9.81126
9.8101
9.80894
9.80779
9.80663
9.80548
9.80433
9.80317
9.80202
9.80087
9.79972
9.79857
9.79743
9.79628
9.79513
9.79399
9.79284
9.7917
9.79056
9.78942
9.78828
9.78714
9.786
9.78486
9.78372
9.78259
9.78145
9.78032
9.77919
9.77805
9.77692
9.77579
9.77466
9.77354
9.77241
9.77128
9.77016
9.76903
9.76791
9.76678
9.76566
9.76454
9.76342
9.7623
9.76118
9.76007
9.75895
9.75783
9.75672
9.7556
9.75449
9.75338
9.75227
9.75116
9.75005
9.74894
9.74783
9.74673
9.74562
9.74451
9.74341
9.74231
9.74121
9.7401
9.739
9.7379
9.73681
9.73571
9.73461
9.73351
9.73242
9.73133
9.73023
9.72914
9.72805
9.72696
9.72587
9.72478
9.72369
9.7226
9.72152
9.72043
9.71935
9.71826
9.71718
9.7161
9.71502
9.71394
9.71286
9.71178
9.7107
9.70963
9.70855
9.70748
9.7064
9.70533
9.70426
9.70319
9.70212
9.70105
9.69998
9.69891
9.69784
9.69678
9.69571
9.69465
9.69358
9.69252
9.69146
9.6904
9.68934
9.68828
9.68722
9.68616
9.68511
9.68405
9.683
9.68194
9.68089
9.67984
9.67879
9.67774
9.67669
9.67564
9.67459
9.67354
9.6725
9.67145
9.67041
9.66936
9.66832
9.66728
9.66624
9.6652
9.66416
9.66312
9.66208
9.66104
9.66001
9.65897
9.65794
9.6569
9.65587
9.65484
9.65381
9.65278
9.65175
9.65072
9.64969
9.64867
9.64764
9.64662
9.64559
9.64457
9.64355
9.64253
9.64151
9.64049
9.63947
9.63845
9.63743
9.63641
9.6354
9.63438
9.63337
9.63236
9.63134
9.63033
9.62932
9.62831
9.6273
9.62629
9.62529
9.62428
9.62328
9.62227
9.62127
9.62026
9.61926
9.61826
9.61726
9.61626
9.61526
9.61426
9.61326
9.61227
9.61127
9.61028
9.60928
9.60829
9.6073
9.60631
9.60531
9.60432
9.60334
9.60235
9.60136
9.60037
9.59939
9.5984
9.59742
9.59643
9.59545
9.59447
9.59349
9.59251
9.59153
9.59055
9.58957
9.5886
9.58762
9.58665
9.58567
9.5847
9.58372
9.58275
9.58178
9.58081
9.57984
9.57887
9.5779
9.57694
9.57597
9.57501
9.57404
9.57308
9.57211
9.57115
9.57019
9.56923
9.56827
9.56731
9.56635
9.56539
9.56444
9.56348
9.56253
9.56157
9.56062
9.55967
9.55871
9.55776
9.55681
9.55586
9.55492
9.55397
9.55302
9.55207
9.55113
9.55018
9.54924
9.5483
9.54735
9.54641
9.54547
9.54453
9.54359
9.54266
9.54172
9.54078
9.53984
9.53891
9.53798
9.53704
9.53611
9.53518
9.53425
9.53332
9.53239
9.53146
9.53053
9.5296
9.52867
9.52775
9.52682
9.5259
9.52498
9.52405
9.52313
9.52221
9.52129
9.52037
9.51945
9.51853
9.51762
9.5167
9.51579
9.51487
9.51396
9.51304
9.51213
9.51122
9.51031
9.5094
9.50849
9.50758
9.50667
9.50577
9.50486
9.50395
9.50305
9.50215
9.50124
9.50034
9.49944
9.49854
9.49764
9.49674
9.49584
9.49494
9.49404
9.49315
9.49225
9.49136
9.49046
9.48957
9.48868
9.48779
9.4869
9.48601
9.48512
9.48423
9.48334
9.48245
9.48157
9.48068
9.4798
9.47891
9.47803
9.47715
9.47627
9.47538
9.4745
9.47362
9.47275
9.47187
9.47099
9.47011
9.46924
9.46836
9.46749
9.46662
9.46574
9.46487
9.464
9.46313
9.46226
9.46139
9.46052
9.45966
9.45879
9.45792
9.45706
9.4562
9.45533
9.45447
9.45361
9.45275
9.45188
9.45102
9.45017
9.44931
9.44845
9.44759
9.44674
9.44588
9.44503
9.44417
9.44332
9.44247
9.44162
9.44076
9.43991
9.43907
9.43822
9.43737
9.43652
9.43568
9.43483
9.43398
9.43314
9.4323
9.43145
9.43061
9.42977
9.42893
9.42809
9.42725
9.42641
9.42558
9.42474
9.4239
9.42307
9.42223
9.4214
9.42057
9.41973
9.4189
9.41807
9.41724
9.41641
9.41558
9.41475
9.41393
9.4131
9.41227
9.41145
9.41063
9.4098
9.40898
9.40816
9.40734
9.40651
9.40569
9.40488
9.40406
9.40324
9.40242
9.40161
9.40079
9.39998
9.39916
9.39835
9.39753
9.39672
9.39591
9.3951
9.39429
9.39348
9.39267
9.39187
9.39106
9.39025
9.38945
9.38864
9.38784
9.38704
9.38623
9.38543
9.38463
9.38383
9.38303
9.38223
9.38143
9.38063
9.37984
9.37904
9.37825
9.37745
9.37666
9.37586
9.37507
9.37428
9.37349
9.3727
9.37191
9.37112
9.37033
9.36954
9.36876
9.36797
9.36718
9.3664
9.36562
9.36483
9.36405
9.36327
9.36249
9.36171
9.36093
9.36015
9.35937
9.35859
9.35782
9.35704
9.35626
9.35549
9.35471
9.35394
9.35317
9.3524
9.35163
9.35085
9.35008
9.34932
9.34855
9.34778
9.34701
9.34625
9.34548
9.34472
9.34395
9.34319
9.34242
9.34166
9.3409
9.34014
9.33938
9.33862
9.33786
9.3371
9.33635
9.33559
9.33483
9.33408
9.33332
9.33257
9.33182
9.33107
9.33031
9.32956
9.32881
9.32806
9.32731
9.32657
9.32582
9.32507
9.32433
9.32358
9.32284
9.32209
9.32135
9.3206
9.31986
9.31912
9.31838
9.31764
9.3169
9.31616
9.31543
9.31469
9.31395
9.31322
9.31248
9.31175
9.31101
9.31028
9.30955
9.30882
9.30808
9.30735
9.30662
9.3059
9.30517
9.30444
9.30371
9.30299
9.30226
9.30154
9.30081
9.30009
9.29937
9.29864
9.29792
9.2972
9.29648
9.29576
9.29504
9.29433
9.29361
9.29289
9.29218
9.29146
9.29075
9.29003
9.28932
9.28861
9.2879
9.28718
9.28647
9.28576
9.28505
9.28435
9.28364
9.28293
9.28222
9.28152
9.28081
9.28011
9.27941
9.2787
9.278
9.2773
9.2766
9.2759
9.2752
9.2745
9.2738
9.2731
9.2724
9.27171
9.27101
9.27032
9.26962
9.26893
9.26824
9.26754
9.26685
9.26616
9.26547
9.26478
9.26409
9.2634
9.26272
9.26203
9.26134
9.26066
9.25997
9.25929
9.2586
9.25792
9.25724
9.25656
9.25588
9.2552
9.25452
9.25384
9.25316
9.25248
9.2518
9.25113
9.25045
9.24978
9.2491
9.24843
9.24776
9.24708
9.24641
9.24574
9.24507
9.2444
9.24373
9.24306
9.24239
9.24173
9.24106
9.2404
9.23973
9.23907
9.2384
9.23774
9.23708
9.23641
9.23575
9.23509
9.23443
9.23377
9.23311
9.23246
9.2318
9.23114
9.23049
9.22983
9.22918
9.22852
9.22787
9.22722
9.22657
9.22591
9.22526
9.22461
9.22396
9.22331
9.22267
9.22202
9.22137
9.22073
9.22008
9.21944
9.21879
9.21815
9.2175
9.21686
9.21622
9.21558
9.21494
9.2143
9.21366
9.21302
9.21238
9.21175
9.21111
9.21048
9.20984
9.20921
9.20857
9.20794
9.20731
9.20667
9.20604
9.20541
9.20478
9.20415
9.20352
9.2029
9.20227
9.20164
9.20102
9.20039
9.19977
9.19914
9.19852
9.19789
9.19727
9.19665
9.19603
9.19541
9.19479
9.19417
9.19355
9.19293
9.19232
9.1917
9.19108
9.19047
9.18985
9.18924
9.18863
9.18801
9.1874
9.18679
9.18618
9.18557
9.18496
9.18435
9.18374
9.18314
9.18253
9.18192
9.18132
9.18071
9.18011
9.1795
9.1789
9.1783
9.1777
9.1771
9.17649
9.17589
9.1753
9.1747
9.1741
9.1735
9.1729
9.17231
9.17171
9.17112
9.17052
9.16993
9.16934
9.16874
9.16815
9.16756
9.16697
9.16638
9.16579
9.1652
9.16461
9.16403
9.16344
9.16285
9.16227
9.16168
9.1611
9.16052
9.15993
9.15935
9.15877
9.15819
9.15761
9.15703
9.15645
9.15587
9.15529
9.15471
9.15414
9.15356
9.15299
9.15241
9.15184
9.15126
9.15069
9.15012
9.14955
9.14898
9.14841
9.14784
9.14727
9.1467
9.14613
9.14556
9.145
9.14443
9.14386
9.1433
9.14273
9.14217
9.14161
9.14105
9.14048
9.13992
9.13936
9.1388
9.13824
9.13768
9.13713
9.13657
9.13601
9.13546
9.1349
9.13434
9.13379
9.13324
9.13268
9.13213
9.13158
9.13103
9.13048
9.12993
9.12938
9.12883
9.12828
9.12773
9.12719
9.12664
9.12609
9.12555
9.125
9.12446
9.12392
9.12337
9.12283
9.12229
9.12175
9.12121
9.12067
9.12013
9.11959
9.11905
9.11852
9.11798
9.11744
9.11691
9.11637
9.11584
9.11531
9.11477
9.11424
9.11371
9.11318
9.11265
9.11212
9.11159
9.11106
9.11053
9.11001
9.10948
9.10895
9.10843
9.1079
9.10738
9.10685
9.10633
9.10581
9.10529
9.10476
9.10424
9.10372
9.1032
9.10268
9.10217
9.10165
9.10113
9.10062
9.1001
9.09958
9.09907
9.09856
9.09804
9.09753
9.09702
9.0965
9.09599
9.09548
9.09497
9.09446
9.09396
9.09345
9.09294
9.09243
9.09193
9.09142
9.09092
9.09041
9.08991
9.0894
9.0889
9.0884
9.0879
9.0874
9.0869
9.0864
9.0859
9.0854
9.0849
9.0844
9.08391
9.08341
9.08292
9.08242
9.08193
9.08143
9.08094
9.08045
9.07996
9.07946
9.07897
9.07848
9.07799
9.07751
9.07702
9.07653
9.07604
9.07556
9.07507
9.07458
9.0741
9.07362
9.07313
9.07265
9.07217
9.07169
9.0712
9.07072
9.07024
9.06976
9.06929
9.06881
9.06833
9.06785
9.06738
9.0669
9.06643
9.06595
9.06548
9.065
9.06453
9.06406
9.06359
9.06312
9.06264
9.06217
9.06171
9.06124
9.06077
9.0603
9.05983
9.05937
9.0589
9.05844
9.05797
9.05751
9.05704
9.05658
9.05612
9.05566
9.0552
9.05474
9.05428
9.05382
9.05336
9.0529
9.05244
9.05199
9.05153
9.05107
9.05062
9.05016
9.04971
9.04926
9.0488
9.04835
9.0479
9.04745
9.047
9.04655
9.0461
9.04565
9.0452
9.04475
9.04431
9.04386
9.04341
9.04297
9.04252
9.04208
9.04164
9.04119
9.04075
9.04031
9.03987
9.03943
9.03899
9.03855
9.03811
9.03767
9.03723
9.0368
9.03636
9.03592
9.03549
9.03505
9.03462
9.03419
9.03375
9.03332
9.03289
9.03246
9.03203
9.0316
9.03117
9.03074
9.03031
9.02988
9.02946
9.02903
9.0286
9.02818
9.02775
9.02733
9.0269
9.02648
9.02606
9.02564
9.02522
9.02479
9.02437
9.02395
9.02354
9.02312
9.0227
9.02228
9.02186
9.02145
9.02103
9.02062
9.0202
9.01979
9.01938
9.01896
9.01855
9.01814
9.01773
9.01732
9.01691
9.0165
9.01609
9.01568
9.01527
9.01487
9.01446
9.01405
9.01365
9.01324
9.01284
9.01244
9.01203
9.01163
9.01123
9.01083
9.01043
9.01003
9.00963
9.00923
9.00883
9.00843
9.00803
9.00764
9.00724
9.00685
9.00645
9.00606
9.00566
9.00527
9.00488
9.00448
9.00409
9.0037
9.00331
9.00292
9.00253
9.00214
9.00176
9.00137
9.00098
9.00059
9.00021
8.99982
8.99944
8.99905
8.99867
8.99829
8.9979
8.99752
8.99714
8.99676
8.99638
8.996
8.99562
8.99524
8.99487
8.99449
8.99411
8.99373
8.99336
8.99298
8.99261
8.99224
8.99186
8.99149
8.99112
8.99075
8.99037
8.99
8.98963
8.98926
8.9889
8.98853
8.98816
8.98779
8.98743
8.98706
8.98669
8.98633
8.98596
8.9856
8.98524
8.98487
8.98451
8.98415
8.98379
8.98343
8.98307
8.98271
8.98235
8.98199
8.98164
8.98128
8.98092
8.98057
8.98021
8.97986
8.9795
8.97915
8.9788
8.97844
8.97809
8.97774
8.97739
8.97704
8.97669
8.97634
8.97599
8.97564
8.97529
8.97495
8.9746
8.97426
8.97391
8.97357
8.97322
8.97288
8.97253
8.97219
8.97185
8.97151
8.97117
8.97083
8.97049
8.97015
8.96981
8.96947
8.96914
8.9688
8.96846
8.96813
8.96779
8.96746
8.96712
8.96679
8.96646
8.96612
8.96579
8.96546
8.96513
8.9648
8.96447
8.96414
8.96381
8.96348
8.96316
8.96283
8.9625
8.96218
8.96185
8.96153
8.9612
8.96088
8.96056
8.96023
8.95991
8.95959
8.95927
8.95895
8.95863
8.95831
8.95799
8.95768
8.95736
8.95704
8.95672
8.95641
8.95609
8.95578
8.95547
8.95515
8.95484
8.95453
8.95421
8.9539
8.95359
8.95328
8.95297
8.95266
8.95235
8.95205
8.95174
8.95143
8.95113
8.95082
8.95052
8.95021
8.94991
8.9496
8.9493
8.949
8.9487
8.94839
8.94809
8.94779
8.94749
8.94719
8.9469
8.9466
8.9463
8.946
8.94571
8.94541
8.94511
8.94482
8.94453
8.94423
8.94394
8.94365
8.94335
8.94306
8.94277
8.94248
8.94219
8.9419
8.94161
8.94133
8.94104
8.94075
8.94046
8.94018
8.93989
8.93961
8.93932
8.93904
8.93876
8.93847
8.93819
8.93791
8.93763
8.93735
8.93707
8.93679
8.93651
8.93623
8.93595
8.93568
8.9354
8.93512
8.93485
8.93457
8.9343
8.93403
8.93375
8.93348
8.93321
8.93294
8.93266
8.93239
8.93212
8.93185
8.93158
8.93132
8.93105
8.93078
8.93051
8.93025
8.92998
8.92972
8.92945
8.92919
8.92892
8.92866
8.9284
8.92814
8.92788
8.92761
8.92735
8.92709
8.92684
8.92658
8.92632
8.92606
8.9258
8.92555
8.92529
8.92504
8.92478
8.92453
8.92427
8.92402
8.92377
8.92352
8.92326
8.92301
8.92276
8.92251
8.92226
8.92201
8.92177
8.92152
8.92127
8.92102
8.92078
8.92053
8.92029
8.92004
8.9198
8.91955
8.91931
8.91907
8.91883
8.91859
8.91835
8.91811
8.91787
8.91763
8.91739
8.91715
8.91691
8.91668
8.91644
8.9162
8.91597
8.91573
8.9155
8.91526
8.91503
8.9148
8.91457
8.91434
8.9141
8.91387
8.91364
8.91341
8.91319
8.91296
8.91273
8.9125
8.91228
8.91205
8.91182
8.9116
8.91137
8.91115
8.91093
8.9107
8.91048
8.91026
8.91004
8.90982
8.9096
8.90938
8.90916
8.90894
8.90872
8.9085
8.90829
8.90807
8.90785
8.90764
8.90742
8.90721
8.907
8.90678
8.90657
8.90636
8.90615
8.90594
8.90572
8.90551
8.90531
8.9051
8.90489
8.90468
8.90447
8.90427
8.90406
8.90385
8.90365
8.90344
8.90324
8.90304
8.90283
8.90263
8.90243
8.90223
8.90203
8.90183
8.90163
8.90143
8.90123
8.90103
8.90083
8.90064
8.90044
8.90024
8.90005
8.89985
8.89966
8.89946
8.89927
8.89908
8.89889
8.89869
8.8985
8.89831
8.89812
8.89793
8.89774
8.89755
8.89737
8.89718
8.89699
8.89681
8.89662
8.89643
8.89625
8.89606
8.89588
8.8957
8.89551
8.89533
8.89515
8.89497
8.89479
8.89461
8.89443
8.89425
8.89407
8.89389
8.89372
8.89354
8.89336
8.89319
8.89301
8.89284
8.89266
8.89249
8.89232
8.89214
8.89197
8.8918
8.89163
8.89146
8.89129
8.89112
8.89095
8.89078
8.89062
8.89045
8.89028
8.89012
8.88995
8.88978
8.88962
8.88946
8.88929
8.88913
8.88897
8.88881
8.88864
8.88848
8.88832
8.88816
8.888
8.88785
8.88769
8.88753
8.88737
8.88722
8.88706
8.8869
8.88675
8.88659
8.88644
8.88629
8.88613
8.88598
8.88583
8.88568
8.88553
8.88538
8.88523
8.88508
8.88493
8.88478
8.88463
8.88449
8.88434
8.88419
8.88405
8.8839
8.88376
8.88362
8.88347
8.88333
8.88319
8.88305
8.8829
8.88276
8.88262
8.88248
8.88235
8.88221
8.88207
8.88193
8.88179
8.88166
8.88152
8.88139
8.88125
8.88112
8.88098
8.88085
8.88072
8.88059
8.88045
8.88032
8.88019
8.88006
8.87993
8.8798
8.87967
8.87955
8.87942
8.87929
8.87917
8.87904
8.87891
8.87879
8.87867
8.87854
8.87842
8.8783
8.87817
8.87805
8.87793
8.87781
8.87769
8.87757
8.87745
8.87733
8.87722
8.8771
8.87698
8.87686
8.87675
8.87663
8.87652
8.8764
8.87629
8.87618
8.87607
8.87595
8.87584
8.87573
8.87562
8.87551
8.8754
8.87529
8.87518
8.87507
8.87497
8.87486
8.87475
8.87465
8.87454
8.87444
8.87433
8.87423
8.87413
8.87402
8.87392
8.87382
8.87372
8.87362
8.87352
8.87342
8.87332
8.87322
8.87312
8.87303
8.87293
8.87283
8.87274
8.87264
8.87255
8.87245
8.87236
8.87227
8.87217
8.87208
8.87199
8.8719
8.87181
8.87172
8.87163
8.87154
8.87145
8.87136
8.87128
8.87119
8.8711
8.87102
8.87093
8.87085
8.87076
8.87068
8.8706
8.87051
8.87043
8.87035
8.87027
8.87019
8.87011
8.87003
8.86995
8.86987
8.86979
8.86972
8.86964
8.86956
8.86949
8.86941
8.86934
8.86926
8.86919
8.86912
8.86904
8.86897
8.8689
8.86883
8.86876
8.86869
8.86862
8.86855
8.86848
8.86841
8.86835
8.86828
8.86821
8.86815
8.86808
8.86802
8.86795
8.86789
8.86783
8.86776
8.8677
8.86764
8.86758
8.86752
8.86746
8.8674
8.86734
8.86728
8.86722
8.86717
8.86711
8.86705
8.867
8.86694
8.86689
8.86683
8.86678
8.86673
8.86667
8.86662
8.86657
8.86652
8.86647
8.86642
8.86637
8.86632
8.86627
8.86622
8.86618
8.86613
8.86608
8.86604
8.86599
8.86595
8.8659
8.86586
8.86582
8.86577
8.86573
8.86569
8.86565
8.86561
8.86557
8.86553
8.86549
8.86545
8.86541
8.86537
8.86534
8.8653
8.86526
8.86523
8.86519
8.86516
8.86513
8.86509
8.86506
8.86503
8.865
8.86497
8.86493
8.8649
8.86488
8.86485
8.86482
8.86479
8.86476
8.86473
8.86471
8.86468
8.86466
8.86463
8.86461
8.86458
8.86456
8.86454
8.86452
8.86449
8.86447
8.86445
8.86443
8.86441
8.86439
8.86437
8.86436
8.86434
8.86432
8.86431
8.86429
8.86427
8.86426
8.86424
8.86423
8.86422
8.8642
8.86419
8.86418
8.86417
8.86416
8.86415
8.86414
8.86413
8.86412
8.86411
8.8641
8.8641
8.86409
8.86409
8.86408
8.86407
8.86407
8.86407
8.86406
8.86406
8.86406
8.86406
8.86405
8.86405
8.86405
8.86405
8.86405
8.86406
8.86406
8.86406
8.86406
8.86407
8.86407
8.86407
8.86408
8.86409
8.86409
8.8641
8.8641
8.86411
8.86412
8.86413
8.86414
8.86415
8.86416
8.86417
8.86418
8.86419
8.8642
8.86422
8.86423
8.86424
8.86426
8.86427
8.86429
8.86431
8.86432
8.86434
8.86436
8.86437
8.86439
8.86441
8.86443
8.86445
8.86447
8.86449
8.86452
8.86454
8.86456
8.86458
8.86461
8.86463
8.86466
8.86468
8.86471
8.86473
8.86476
8.86479
8.86482
8.86485
8.86488
8.8649
8.86493
8.86497
8.865
8.86503
8.86506
8.86509
8.86513
8.86516
8.86519
8.86523
8.86526
8.8653
8.86534
8.86537
8.86541
8.86545
8.86549
8.86553
8.86557
8.86561
8.86565
8.86569
8.86573
8.86577
8.86582
8.86586
8.8659
8.86595
8.86599
8.86604
8.86608
8.86613
8.86618
8.86622
8.86627
8.86632
8.86637
8.86642
8.86647
8.86652
8.86657
8.86662
8.86667
8.86673
8.86678
8.86683
8.86689
8.86694
8.867
8.86705
8.86711
8.86717
8.86722
8.86728
8.86734
8.8674
8.86746
8.86752
8.86758
8.86764
8.8677
8.86776
8.86783
8.86789
8.86795
8.86802
8.86808
8.86815
8.86821
8.86828
8.86835
8.86841
8.86848
8.86855
8.86862
8.86869
8.86876
8.86883
8.8689
8.86897
8.86904
8.86912
8.86919
8.86926
8.86934
8.86941
8.86949
8.86956
8.86964
8.86972
8.86979
8.86987
8.86995
8.87003
8.87011
8.87019
8.87027
8.87035
8.87043
8.87051
8.8706
8.87068
8.87076
8.87085
8.87093
8.87102
8.8711
8.87119
8.87128
8.87136
8.87145
8.87154
8.87163
8.87172
8.87181
8.8719
8.87199
8.87208
8.87217
8.87227
8.87236
8.87245
8.87255
8.87264
8.87274
8.87283
8.87293
8.87303
8.87312
8.87322
8.87332
8.87342
8.87352
8.87362
8.87372
8.87382
8.87392
8.87402
8.87413
8.87423
8.87433
8.87444
8.87454
8.87465
8.87475
8.87486
8.87497
8.87507
8.87518
8.87529
8.8754
8.87551
8.87562
8.87573
8.87584
8.87595
8.87607
8.87618
8.87629
8.8764
8.87652
8.87663
8.87675
8.87686
8.87698
8.8771
8.87722
8.87733
8.87745
8.87757
8.87769
8.87781
8.87793
8.87805
8.87817
8.8783
8.87842
8.87854
8.87867
8.87879
8.87891
8.87904
8.87917
8.87929
8.87942
8.87955
8.87967
8.8798
8.87993
8.88006
8.88019
8.88032
8.88045
8.88059
8.88072
8.88085
8.88098
8.88112
8.88125
8.88139
8.88152
8.88166
8.88179
8.88193
8.88207
8.88221
8.88235
8.88248
8.88262
8.88276
8.8829
8.88305
8.88319
8.88333
8.88347
8.88362
8.88376
8.8839
8.88405
8.88419
8.88434
8.88449
8.88463
8.88478
8.88493
8.88508
8.88523
8.88538
8.88553
8.88568
8.88583
8.88598
8.88613
8.88629
8.88644
8.88659
8.88675
8.8869
8.88706
8.88722
8.88737
8.88753
8.88769
8.88785
8.888
8.88816
8.88832
8.88848
8.88864
8.88881
8.88897
8.88913
8.88929
8.88946
8.88962
8.88978
8.88995
8.89012
8.89028
8.89045
8.89062
8.89078
8.89095
8.89112
8.89129
8.89146
8.89163
8.8918
8.89197
8.89214
8.89232
8.89249
8.89266
8.89284
8.89301
8.89319
8.89336
8.89354
8.89372
8.89389
8.89407
8.89425
8.89443
8.89461
8.89479
8.89497
8.89515
8.89533
8.89551
8.8957
8.89588
8.89606
8.89625
8.89643
8.89662
8.89681
8.89699
8.89718
8.89737
8.89755
8.89774
8.89793
8.89812
8.89831
8.8985
8.89869
8.89889
8.89908
8.89927
8.89946
8.89966
8.89985
8.90005
8.90024
8.90044
8.90064
8.90083
8.90103
8.90123
8.90143
8.90163
8.90183
8.90203
8.90223
8.90243
8.90263
8.90283
8.90304
8.90324
8.90344
8.90365
8.90385
8.90406
8.90427
8.90447
8.90468
8.90489
8.9051
8.90531
8.90551
8.90572
8.90594
8.90615
8.90636
8.90657
8.90678
8.907
8.90721
8.90742
8.90764
8.90785
8.90807
8.90829
8.9085
8.90872
8.90894
8.90916
8.90938
8.9096
8.90982
8.91004
8.91026
8.91048
8.9107
8.91093
8.91115
8.91137
8.9116
8.91182
8.91205
8.91228
8.9125
8.91273
8.91296
8.91319
8.91341
8.91364
8.91387
8.9141
8.91434
8.91457
8.9148
8.91503
8.91526
8.9155
8.91573
8.91597
8.9162
8.91644
8.91668
8.91691
8.91715
8.91739
8.91763
8.91787
8.91811
8.91835
8.91859
8.91883
8.91907
8.91931
8.91955
8.9198
8.92004
8.92029
8.92053
8.92078
8.92102
8.92127
8.92152
8.92177
8.92201
8.92226
8.92251
8.92276
8.92301
8.92326
8.92352
8.92377
8.92402
8.92427
8.92453
8.92478
8.92504
8.92529
8.92555
8.9258
8.92606
8.92632
8.92658
8.92684
8.92709
8.92735
8.92761
8.92788
8.92814
8.9284
8.92866
8.92892
8.92919
8.92945
8.92972
8.92998
8.93025
8.93051
8.93078
8.93105
8.93132
8.93158
8.93185
8.93212
8.93239
8.93266
8.93294
8.93321
8.93348
8.93375
8.93403
8.9343
8.93457
8.93485
8.93512
8.9354
8.93568
8.93595
8.93623
8.93651
8.93679
8.93707
8.93735
8.93763
8.93791
8.93819
8.93847
8.93876
8.93904
8.93932
8.93961
8.93989
8.94018
8.94046
8.94075
8.94104
8.94133
8.94161
8.9419
8.94219
8.94248
8.94277
8.94306
8.94335
8.94365
8.94394
8.94423
8.94453
8.94482
8.94511
8.94541
8.94571
8.946
8.9463
8.9466
8.9469
8.94719
8.94749
8.94779
8.94809
8.94839
8.9487
8.949
8.9493
8.9496
8.94991
8.95021
8.95052
8.95082
8.95113
8.95143
8.95174
8.95205
8.95235
8.95266
8.95297
8.95328
8.95359
8.9539
8.95421
8.95453
8.95484
8.95515
8.95547
8.95578
8.95609
8.95641
8.95672
8.95704
8.95736
8.95768
8.95799
8.95831
8.95863
8.95895
8.95927
8.95959
8.95991
8.96023
8.96056
8.96088
8.9612
8.96153
8.96185
8.96218
8.9625
8.96283
8.96316
8.96348
8.96381
8.96414
8.96447
8.9648
8.96513
8.96546
8.96579
8.96612
8.96646
8.96679
8.96712
8.96746
8.96779
8.96813
8.96846
8.9688
8.96914
8.96947
8.96981
8.97015
8.97049
8.97083
8.97117
8.97151
8.97185
8.97219
8.97253
8.97288
8.97322
8.97357
8.97391
8.97426
8.9746
8.97495
8.97529
8.97564
8.97599
8.97634
8.97669
8.97704
8.97739
8.97774
8.97809
8.97844
8.9788
8.97915
8.9795
8.97986
8.98021
8.98057
8.98092
8.98128
8.98164
8.98199
8.98235
8.98271
8.98307
8.98343
8.98379
8.98415
8.98451
8.98487
8.98524
8.9856
8.98596
8.98633
8.98669
8.98706
8.98743
8.98779
8.98816
8.98853
8.9889
8.98926
8.98963
8.99
8.99037
8.99075
8.99112
8.99149
8.99186
8.99224
8.99261
8.99298
8.99336
8.99373
8.99411
8.99449
8.99487
8.99524
8.99562
8.996
8.99638
8.99676
8.99714
8.99752
8.9979
8.99829
8.99867
8.99905
8.99944
8.99982
9.00021
9.00059
9.00098
9.00137
9.00176
9.00214
9.00253
9.00292
9.00331
9.0037
9.00409
9.00448
9.00488
9.00527
9.00566
9.00606
9.00645
9.00685
9.00724
9.00764
9.00803
9.00843
9.00883
9.00923
9.00963
9.01003
9.01043
9.01083
9.01123
9.01163
9.01203
9.01244
9.01284
9.01324
9.01365
9.01405
9.01446
9.01487
9.01527
9.01568
9.01609
9.0165
9.01691
9.01732
9.01773
9.01814
9.01855
9.01896
9.01938
9.01979
9.0202
9.02062
9.02103
9.02145
9.02186
9.02228
9.0227
9.02312
9.02354
9.02395
9.02437
9.02479
9.02522
9.02564
9.02606
9.02648
9.0269
9.02733
9.02775
9.02818
9.0286
9.02903
9.02946
9.02988
9.03031
9.03074
9.03117
9.0316
9.03203
9.03246
9.03289
9.03332
9.03375
9.03419
9.03462
9.03505
9.03549
9.03592
9.03636
9.0368
9.03723
9.03767
9.03811
9.03855
9.03899
9.03943
9.03987
9.04031
9.04075
9.04119
9.04164
9.04208
9.04252
9.04297
9.04341
9.04386
9.04431
9.04475
9.0452
9.04565
9.0461
9.04655
9.047
9.04745
9.0479
9.04835
9.0488
9.04926
9.04971
9.05016
9.05062
9.05107
9.05153
9.05199
9.05244
9.0529
9.05336
9.05382
9.05428
9.05474
9.0552
9.05566
9.05612
9.05658
9.05704
9.05751
9.05797
9.05844
9.0589
9.05937
9.05983
9.0603
9.06077
9.06124
9.06171
9.06217
9.06264
9.06312
9.06359
9.06406
9.06453
9.065
9.06548
9.06595
9.06643
9.0669
9.06738
9.06785
9.06833
9.06881
9.06929
9.06976
9.07024
9.07072
9.0712
9.07169
9.07217
9.07265
9.07313
9.07362
9.0741
9.07458
9.07507
9.07556
9.07604
9.07653
9.07702
9.07751
9.07799
9.07848
9.07897
9.07946
9.07996
9.08045
9.08094
9.08143
9.08193
9.08242
9.08292
9.08341
9.08391
9.0844
9.0849
9.0854
9.0859
9.0864
9.0869
9.0874
9.0879
9.0884
9.0889
9.0894
9.08991
9.09041
9.09092
9.09142
9.09193
9.09243
9.09294
9.09345
9.09396
9.09446
9.09497
9.09548
9.09599
9.0965
9.09702
9.09753
9.09804
9.09856
9.09907
9.09958
9.1001
9.10062
9.10113
9.10165
9.10217
9.10268
9.1032
9.10372
9.10424
9.10476
9.10529
9.10581
9.10633
9.10685
9.10738
9.1079
9.10843
9.10895
9.10948
9.11001
9.11053
9.11106
9.11159
9.11212
9.11265
9.11318
9.11371
9.11424
9.11477
9.11531
9.11584
9.11637
9.11691
9.11744
9.11798
9.11852
9.11905
9.11959
9.12013
9.12067
9.12121
9.12175
9.12229
9.12283
9.12337
9.12392
9.12446
9.125
9.12555
9.12609
9.12664
9.12719
9.12773
9.12828
9.12883
9.12938
9.12993
9.13048
9.13103
9.13158
9.13213
9.13268
9.13324
9.13379
9.13434
9.1349
9.13546
9.13601
9.13657
9.13713
9.13768
9.13824
9.1388
9.13936
9.13992
9.14048
9.14105
9.14161
9.14217
9.14273
9.1433
9.14386
9.14443
9.145
9.14556
9.14613
9.1467
9.14727
9.14784
9.14841
9.14898
9.14955
9.15012
9.15069
9.15126
9.15184
9.15241
9.15299
9.15356
9.15414
9.15471
9.15529
9.15587
9.15645
9.15703
9.15761
9.15819
9.15877
9.15935
9.15993
9.16052
9.1611
9.16168
9.16227
9.16285
9.16344
9.16403
9.16461
9.1652
9.16579
9.16638
9.16697
9.16756
9.16815
9.16874
9.16934
9.16993
9.17052
9.17112
9.17171
9.17231
9.1729
9.1735
9.1741
9.1747
9.1753
9.17589
9.17649
9.1771
9.1777
9.1783
9.1789
9.1795
9.18011
9.18071
9.18132
9.18192
9.18253
9.18314
9.18374
9.18435
9.18496
9.18557
9.18618
9.18679
9.1874
9.18801
9.18863
9.18924
9.18985
9.19047
9.19108
9.1917
9.19232
9.19293
9.19355
9.19417
9.19479
9.19541
9.19603
9.19665
9.19727
9.19789
9.19852
9.19914
9.19977
9.20039
9.20102
9.20164
9.20227
9.2029
9.20352
9.20415
9.20478
9.20541
9.20604
9.20667
9.20731
9.20794
9.20857
9.20921
9.20984
9.21048
9.21111
9.21175
9.21238
9.21302
9.21366
9.2143
9.21494
9.21558
9.21622
9.21686
9.2175
9.21815
9.21879
9.21944
9.22008
9.22073
9.22137
9.22202
9.22267
9.22331
9.22396
9.22461
9.22526
9.22591
9.22657
9.22722
9.22787
9.22852
9.22918
9.22983
9.23049
9.23114
9.2318
9.23246
9.23311
9.23377
9.23443
9.23509
9.23575
9.23641
9.23708
9.23774
9.2384
9.23907
9.23973
9.2404
9.24106
9.24173
9.24239
9.24306
9.24373
9.2444
9.24507
9.24574
9.24641
9.24708
9.24776
9.24843
9.2491
9.24978
9.25045
9.25113
9.2518
9.25248
9.25316
9.25384
9.25452
9.2552
9.25588
9.25656
9.25724
9.25792
9.2586
9.25929
9.25997
9.26066
9.26134
9.26203
9.26272
9.2634
9.26409
9.26478
9.26547
9.26616
9.26685
9.26754
9.26824
9.26893
9.26962
9.27032
9.27101
9.27171
9.2724
9.2731
9.2738
9.2745
9.2752
9.2759
9.2766
9.2773
9.278
9.2787
9.27941
9.28011
9.28081
9.28152
9.28222
9.28293
9.28364
9.28435
9.28505
9.28576
9.28647
9.28718
9.2879
9.28861
9.28932
9.29003
9.29075
9.29146
9.29218
9.29289
9.29361
9.29433
9.29504
9.29576
9.29648
9.2972
9.29792
9.29864
9.29937
9.30009
9.30081
9.30154
9.30226
9.30299
9.30371
9.30444
9.30517
9.3059
9.30662
9.30735
9.30808
9.30882
9.30955
9.31028
9.31101
9.31175
9.31248
9.31322
9.31395
9.31469
9.31543
9.31616
9.3169
9.31764
9.31838
9.31912
9.31986
9.3206
9.32135
9.32209
9.32284
9.32358
9.32433
9.32507
9.32582
9.32657
9.32731
9.32806
9.32881
9.32956
9.33031
9.33107
9.33182
9.33257
9.33332
9.33408
9.33483
9.33559
9.33635
9.3371
9.33786
9.33862
9.33938
9.34014
9.3409
9.34166
9.34242
9.34319
9.34395
9.34472
9.34548
9.34625
9.34701
9.34778
9.34855
9.34932
9.35008
9.35085
9.35163
9.3524
9.35317
9.35394
9.35471
9.35549
9.35626
9.35704
9.35782
9.35859
9.35937
9.36015
9.36093
9.36171
9.36249
9.36327
9.36405
9.36483
9.36562
9.3664
9.36718
9.36797
9.36876
9.36954
9.37033
9.37112
9.37191
9.3727
9.37349
9.37428
9.37507
9.37586
9.37666
9.37745
9.37825
9.37904
9.37984
9.38063
9.38143
9.38223
9.38303
9.38383
9.38463
9.38543
9.38623
9.38704
9.38784
9.38864
9.38945
9.39025
9.39106
9.39187
9.39267
9.39348
9.39429
9.3951
9.39591
9.39672
9.39753
9.39835
9.39916
9.39998
9.40079
9.40161
9.40242
9.40324
9.40406
9.40488
9.40569
9.40651
9.40734
9.40816
9.40898
9.4098
9.41063
9.41145
9.41227
9.4131
9.41393
9.41475
9.41558
9.41641
9.41724
9.41807
9.4189
9.41973
9.42057
9.4214
9.42223
9.42307
9.4239
9.42474
9.42558
9.42641
9.42725
9.42809
9.42893
9.42977
9.43061
9.43145
9.4323
9.43314
9.43398
9.43483
9.43568
9.43652
9.43737
9.43822
9.43907
9.43991
9.44076
9.44162
9.44247
9.44332
9.44417
9.44503
9.44588
9.44674
9.44759
9.44845
9.44931
9.45017
9.45102
9.45188
9.45275
9.45361
9.45447
9.45533
9.4562
9.45706
9.45792
9.45879
9.45966
9.46052
9.46139
9.46226
9.46313
9.464
9.46487
9.46574
9.46662
9.46749
9.46836
9.46924
9.47011
9.47099
9.47187
9.47275
9.47362
9.4745
9.47538
9.47627
9.47715
9.47803
9.47891
9.4798
9.48068
9.48157
9.48245
9.48334
9.48423
9.48512
9.48601
9.4869
9.48779
9.48868
9.48957
9.49046
9.49136
9.49225
9.49315
9.49404
9.49494
9.49584
9.49674
9.49764
9.49854
9.49944
9.50034
9.50124
9.50215
9.50305
9.50395
9.50486
9.50577
9.50667
9.50758
9.50849
9.5094
9.51031
9.51122
9.51213
9.51304
9.51396
9.51487
9.51579
9.5167
9.51762
9.51853
9.51945
9.52037
9.52129
9.52221
9.52313
9.52405
9.52498
9.5259
9.52682
9.52775
9.52867
9.5296
9.53053
9.53146
9.53239
9.53332
9.53425
9.53518
9.53611
9.53704
9.53798
9.53891
9.53984
9.54078
9.54172
9.54266
9.54359
9.54453
9.54547
9.54641
9.54735
9.5483
9.54924
9.55018
9.55113
9.55207
9.55302
9.55397
9.55492
9.55586
9.55681
9.55776
9.55871
9.55967
9.56062
9.56157
9.56253
9.56348
9.56444
9.56539
9.56635
9.56731
9.56827
9.56923
9.57019
9.57115
9.57211
9.57308
9.57404
9.57501
9.57597
9.57694
9.5779
9.57887
9.57984
9.58081
9.58178
9.58275
9.58372
9.5847
9.58567
9.58665
9.58762
9.5886
9.58957
9.59055
9.59153
9.59251
9.59349
9.59447
9.59545
9.59643
9.59742
9.5984
9.59939
9.60037
9.60136
9.60235
9.60334
9.60432
9.60531
9.60631
9.6073
9.60829
9.60928
9.61028
9.61127
9.61227
9.61326
9.61426
9.61526
9.61626
9.61726
9.61826
9.61926
9.62026
9.62127
9.62227
9.62328
9.62428
9.62529
9.62629
9.6273
9.62831
9.62932
9.63033
9.63134
9.63236
9.63337
9.63438
9.6354
9.63641
9.63743
9.63845
9.63947
9.64049
9.64151
9.64253
9.64355
9.64457
9.64559
9.64662
9.64764
9.64867
9.64969
9.65072
9.65175
9.65278
9.65381
9.65484
9.65587
9.6569
9.65794
9.65897
9.66001
9.66104
9.66208
9.66312
9.66416
9.6652
9.66624
9.66728
9.66832
9.66936
9.67041
9.67145
9.6725
9.67354
9.67459
9.67564
9.67669
9.67774
9.67879
9.67984
9.68089
9.68194
9.683
9.68405
9.68511
9.68616
9.68722
9.68828
9.68934
9.6904
9.69146
9.69252
9.69358
9.69465
9.69571
9.69678
9.69784
9.69891
9.69998
9.70105
9.70212
9.70319
9.70426
9.70533
9.7064
9.70748
9.70855
9.70963
9.7107
9.71178
9.71286
9.71394
9.71502
9.7161
9.71718
9.71826
9.71935
9.72043
9.72152
9.7226
9.72369
9.72478
9.72587
9.72696
9.72805
9.72914
9.73023
9.73133
9.73242
9.73351
9.73461
9.73571
9.73681
9.7379
9.739
9.7401
9.74121
9.74231
9.74341
9.74451
9.74562
9.74673
9.74783
9.74894
9.75005
9.75116
9.75227
9.75338
9.75449
9.7556
9.75672
9.75783
9.75895
9.76007
9.76118
9.7623
9.76342
9.76454
9.76566
9.76678
9.76791
9.76903
9.77016
9.77128
9.77241
9.77354
9.77466
9.77579
9.77692
9.77805
9.77919
9.78032
9.78145
9.78259
9.78372
9.78486
9.786
9.78714
9.78828
9.78942
9.79056
9.7917
9.79284
9.79399
9.79513
9.79628
9.79743
9.79857
9.79972
9.80087
9.80202
9.80317
9.80433
9.80548
9.80663
9.80779
9.80894
9.8101
9.81126
9.81242
9.81358
9.81474
9.8159
9.81706
9.81823
9.81939
9.82056
9.82172
9.82289
9.82406
9.82523
9.8264
9.82757
9.82874
9.82991
9.83109
9.83226
9.83344
9.83461
9.83579
9.83697
9.83815
9.83933
9.84051
9.8417
9.84288
9.84406
9.84525
9.84643
9.84762
9.84881
9.85
9.85119
9.85238
9.85357
9.85476
9.85596
9.85715
9.85835
9.85955
9.86074
9.86194
9.86314
9.86434
9.86554
9.86675
9.86795
9.86915
9.87036
9.87157
9.87277
9.87398
9.87519
9.8764
9.87761
9.87883
9.88004
9.88125
9.88247
9.88368
9.8849
9.88612
9.88734
9.88856
9.88978
9.891
9.89222
9.89345
9.89467
9.8959
9.89713
9.89835
9.89958
9.90081
9.90204
9.90328
9.90451
9.90574
9.90698
9.90821
9.90945
9.91069
9.91193
9.91317
9.91441
9.91565
9.91689
9.91813
9.91938
9.92063
9.92187
9.92312
9.92437
9.92562
9.92687
9.92812
9.92937
9.93063
9.93188
9.93314
9.93439
9.93565
9.93691
9.93817
9.93943
9.94069
9.94196
9.94322
9.94448
9.94575
9.94702
9.94828
9.94955
9.95082
9.95209
9.95337
9.95464
9.95591
9.95719
9.95846
9.95974
9.96102
9.9623
9.96358
9.96486
9.96614
9.96742
9.96871
9.96999
9.97128
9.97257
9.97386
9.97515
9.97644
9.97773
9.97902
9.98031
9.98161
9.9829
9.9842
9.9855
9.9868
9.9881
9.9894
9.9907
9.992
9.99331
9.99461
9.99592
9.99722
9.99853
9.99984
10.0012
10.0025
10.0038
10.0051
10.0064
10.0077
10.009
10.0104
10.0117
10.013
10.0143
10.0156
10.017
10.0183
10.0196
10.0209
10.0223
10.0236
10.0249
10.0262
10.0276
10.0289
10.0302
10.0316
10.0329
10.0342
10.0356
10.0369
10.0383
10.0396
10.0409
10.0423
10.0436
10.045
10.0463
10.0477
10.049
10.0504
10.0517
10.0531
10.0544
10.0558
10.0571
10.0585
10.0598
10.0612
10.0626
10.0639
10.0653
10.0666
10.068
10.0694
10.0707
10.0721
10.0735
10.0748
10.0762
10.0776
10.079
10.0803
10.0817
10.0831
10.0845
10.0858
10.0872
10.0886
10.09
10.0914
10.0927
10.0941
10.0955
10.0969
10.0983
10.0997
10.1011
10.1025
10.1039
10.1052
10.1066
10.108
10.1094
10.1108
10.1122
10.1136
10.115
10.1164
10.1178
10.1192
10.1206
10.1221
10.1235
10.1249
10.1263
10.1277
10.1291
10.1305
10.1319
10.1334
10.1348
10.1362
10.1376
10.139
10.1405
10.1419
10.1433
10.1447
10.1461
10.1476
10.149
10.1504
10.1519
10.1533
10.1547
10.1562
10.1576
10.159
10.1605
10.1619
10.1634
10.1648
10.1662
10.1677
10.1691
10.1706
10.172
10.1735
10.1749
10.1764
10.1778
10.1793
10.1807
10.1822
10.1836
10.1851
10.1866
10.188
10.1895
10.1909
10.1924
10.1939
10.1953
10.1968
10.1983
10.1997
10.2012
10.2027
10.2042
10.2056
10.2071
10.2086
10.2101
10.2115
10.213
10.2145
10.216
10.2175
10.2189
10.2204
10.2219
10.2234
10.2249
10.2264
10.2279
10.2294
10.2309
10.2324
10.2339
10.2354
10.2369
10.2384
10.2399
10.2414
10.2429
10.2444
10.2459
10.2474
10.2489
10.2504
10.2519
10.2534
10.2549
10.2565
10.258
10.2595
10.261
10.2625
10.2641
10.2656
10.2671
10.2686
10.2702
10.2717
10.2732
10.2747
10.2763
10.2778
10.2793
10.2809
10.2824
10.2839
10.2855
10.287
10.2886
10.2901
10.2917
10.2932
10.2947
10.2963
10.2978
10.2994
10.3009
10.3025
10.3041
10.3056
10.3072
10.3087
10.3103
10.3118
10.3134
10.315
10.3165
10.3181
10.3197
10.3212
10.3228
10.3244
10.3259
10.3275
10.3291
10.3307
10.3322
10.3338
10.3354
10.337
10.3386
10.3401
10.3417
10.3433
10.3449
10.3465
10.3481
10.3497
10.3513
10.3529
10.3544
10.356
10.3576
10.3592
10.3608
10.3624
10.364
10.3656
10.3673
10.3689
10.3705
10.3721
10.3737
10.3753
10.3769
10.3785
10.3801
10.3818
10.3834
10.385
10.3866
10.3882
10.3899
10.3915
10.3931
10.3947
10.3964
10.398
10.3996
10.4013
10.4029
10.4045
10.4062
10.4078
10.4095
10.4111
10.4127
10.4144
10.416
10.4177
10.4193
10.421
10.4226
10.4243
10.4259
10.4276
10.4292
10.4309
10.4326
10.4342
10.4359
10.4375
10.4392
10.4409
10.4425
10.4442
10.4459
10.4476
10.4492
10.4509
10.4526
10.4543
10.4559
10.4576
10.4593
10.461
10.4627
10.4643
10.466
10.4677
10.4694
10.4711
10.4728
10.4745
10.4762
10.4779
10.4796
10.4813
10.483
10.4847
10.4864
10.4881
10.4898
10.4915
10.4932
10.4949
10.4966
10.4983
10.5001
10.5018
10.5035
10.5052
10.5069
10.5087
10.5104
10.5121
10.5138
10.5156
10.5173
10.519
10.5207
10.5225
10.5242
10.5259
10.5277
10.5294
10.5312
10.5329
10.5347
10.5364
10.5381
10.5399
10.5416
10.5434
10.5451
10.5469
10.5487
10.5504
10.5522
10.5539
10.5557
10.5575
10.5592
10.561
10.5627
10.5645
10.5663
10.5681
10.5698
10.5716
10.5734
10.5752
10.5769
10.5787
10.5805
10.5823
10.5841
10.5859
10.5876
10.5894
10.5912
10.593
10.5948
10.5966
10.5984
10.6002
10.602
10.6038
10.6056
10.6074
10.6092
10.611
10.6128
10.6146
10.6165
10.6183
10.6201
10.6219
10.6237
10.6255
10.6274
10.6292
10.631
10.6328
10.6347
10.6365
10.6383
10.6402
10.642
10.6438
10.6457
10.6475
10.6493
10.6512
10.653
10.6549
10.6567
10.6586
10.6604
10.6623
10.6641
10.666
10.6678
10.6697
10.6715
10.6734
10.6753
10.6771
10.679
10.6809
10.6827
10.6846
10.6865
10.6884
10.6902
10.6921
10.694
10.6959
10.6977
10.6996
10.7015
10.7034
10.7053
10.7072
10.7091
10.711
10.7129
10.7147
10.7166
10.7185
10.7204
10.7223
10.7243
10.7262
10.7281
10.73
10.7319
10.7338
10.7357
10.7376
10.7395
10.7415
10.7434
10.7453
10.7472
10.7492
10.7511
10.753
10.7549
10.7569
10.7588
10.7607
10.7627
10.7646
10.7666
10.7685
10.7704
10.7724
10.7743
10.7763
10.7782
10.7802
10.7821
10.7841
10.7861
10.788
10.79
10.7919
10.7939
10.7959
10.7978
10.7998
10.8018
10.8038
10.8057
10.8077
10.8097
10.8117
10.8136
10.8156
10.8176
10.8196
10.8216
10.8236
10.8256
10.8276
10.8296
10.8316
10.8336
10.8356
10.8376
10.8396
10.8416
10.8436
10.8456
10.8476
10.8496
10.8516
10.8536
10.8557
10.8577
10.8597
10.8617
10.8637
10.8658
10.8678
10.8698
10.8719
10.8739
10.8759
10.878
10.88
10.8821
10.8841
10.8861
10.8882
10.8902
10.8923
10.8943
10.8964
10.8985
10.9005
10.9026
10.9046
10.9067
10.9088
10.9108
10.9129
10.915
10.917
10.9191
10.9212
10.9233
10.9254
10.9274
10.9295
10.9316
10.9337
10.9358
10.9379
10.94
10.9421
10.9442
10.9463
10.9484
10.9505
10.9526
10.9547
10.9568
10.9589
10.961
10.9631
10.9652
10.9673
10.9695
10.9716
10.9737
10.9758
10.978
10.9801
10.9822
10.9843
10.9865
10.9886
10.9908
10.9929
10.995
10.9972
10.9993
11.0015
11.0036
11.0058
11.0079
11.0101
11.0123
11.0144
11.0166
11.0187
11.0209
11.0231
11.0252
11.0274
11.0296
11.0318
11.0339
11.0361
11.0383
11.0405
11.0427
11.0449
11.047
11.0492
11.0514
11.0536
11.0558
11.058
11.0602
11.0624
11.0646
11.0668
11.069
11.0713
11.0735
11.0757
11.0779
11.0801
11.0823
11.0846
11.0868
11.089
11.0913
11.0935
11.0957
11.098
11.1002
11.1024
11.1047
11.1069
11.1092
11.1114
11.1137
11.1159
11.1182
11.1204
11.1227
11.125
11.1272
11.1295
11.1317
11.134
11.1363
11.1386
11.1408
11.1431
11.1454
11.1477
11.15
11.1522
11.1545
11.1568
11.1591
11.1614
11.1637
11.166
11.1683
11.1706
11.1729
11.1752
11.1775
11.1799
11.1822
11.1845
11.1868
11.1891
11.1914
11.1938
11.1961
11.1984
11.2008
11.2031
11.2054
11.2078
11.2101
11.2125
11.2148
11.2171
11.2195
11.2218
11.2242
11.2266
11.2289
11.2313
11.2336
11.236
11.2384
11.2407
11.2431
11.2455
11.2479
11.2502
11.2526
11.255
11.2574
11.2598
11.2622
11.2646
11.267
11.2693
11.2717
11.2741
11.2766
11.279
11.2814
11.2838
11.2862
11.2886
11.291
11.2934
11.2959
11.2983
11.3007
11.3031
11.3056
11.308
11.3104
11.3129
11.3153
11.3178
11.3202
11.3227
11.3251
11.3276
11.33
11.3325
11.3349
11.3374
11.3399
11.3423
11.3448
11.3473
11.3497
11.3522
11.3547
11.3572
11.3597
11.3621
11.3646
11.3671
11.3696
11.3721
11.3746
11.3771
11.3796
11.3821
11.3846
11.3871
11.3897
11.3922
11.3947
11.3972
11.3997
11.4023
11.4048
11.4073
11.4098
11.4124
11.4149
11.4175
11.42
11.4225
11.4251
11.4276
11.4302
11.4328
11.4353
11.4379
11.4404
11.443
11.4456
11.4481
11.4507
11.4533
11.4559
11.4584
11.461
11.4636
11.4662
11.4688
11.4714
11.474
11.4766
11.4792
11.4818
11.4844
11.487
11.4896
11.4922
11.4948
11.4975
11.5001
11.5027
11.5053
11.508
11.5106
11.5132
11.5159
11.5185
11.5212
11.5238
11.5265
11.5291
11.5318
11.5344
11.5371
11.5397
11.5424
11.5451
11.5477
11.5504
11.5531
11.5558
11.5585
11.5611
11.5638
11.5665
11.5692
11.5719
11.5746
11.5773
11.58
11.5827
11.5854
11.5881
11.5908
11.5936
11.5963
11.599
11.6017
11.6045
11.6072
11.6099
11.6127
11.6154
11.6181
11.6209
11.6236
11.6264
11.6291
11.6319
11.6347
11.6374
11.6402
11.643
11.6457
11.6485
11.6513
11.6541
11.6568
11.6596
11.6624
11.6652
11.668
11.6708
11.6736
11.6764
11.6792
11.682
11.6848
11.6876
11.6905
11.6933
11.6961
11.6989
11.7018
11.7046
11.7074
11.7103
11.7131
11.716
11.7188
11.7216
11.7245
11.7274
11.7302
11.7331
11.7359
11.7388
11.7417
11.7446
11.7474
11.7503
11.7532
11.7561
11.759
11.7619
11.7648
11.7677
11.7706
11.7735
11.7764
11.7793
11.7822
11.7851
11.7881
11.791
11.7939
11.7968
11.7998
11.8027
11.8056
11.8086
11.8115
11.8145
11.8174
11.8204
11.8234
11.8263
11.8293
11.8323
11.8352
11.8382
11.8412
11.8442
11.8471
11.8501
11.8531
11.8561
11.8591
11.8621
11.8651
11.8681
11.8711
11.8742
11.8772
11.8802
11.8832
11.8862
11.8893
11.8923
11.8954
11.8984
11.9014
11.9045
11.9075
11.9106
11.9136
11.9167
11.9198
11.9228
11.9259
11.929
11.9321
11.9352
11.9382
11.9413
11.9444
11.9475
11.9506
11.9537
11.9568
11.9599
11.963
11.9662
11.9693
11.9724
11.9755
11.9787
11.9818
11.9849
11.9881
11.9912
11.9944
11.9975
12.0007
12.0038
12.007
12.0102
12.0133
12.0165
12.0197
12.0229
12.026
12.0292
12.0324
12.0356
12.0388
12.042
12.0452
12.0484
12.0516
12.0549
12.0581
12.0613
12.0645
12.0678
12.071
12.0742
12.0775
12.0807
12.084
12.0872
12.0905
12.0938
12.097
12.1003
12.1036
12.1068
12.1101
12.1134
12.1167
12.12
12.1233
12.1266
12.1299
12.1332
12.1365
12.1398
12.1431
12.1465
12.1498
12.1531
12.1565
12.1598
12.1631
12.1665
12.1698
12.1732
12.1765
12.1799
12.1833
12.1866
12.19
12.1934
12.1968
12.2002
12.2036
12.2069
12.2103
12.2138
12.2172
12.2206
12.224
12.2274
12.2308
12.2343
12.2377
12.2411
12.2446
12.248
12.2514
12.2549
12.2584
12.2618
12.2653
12.2687
12.2722
12.2757
12.2792
12.2827
12.2862
12.2896
12.2931
12.2966
12.3002
12.3037
12.3072
12.3107
12.3142
12.3177
12.3213
12.3248
12.3284
12.3319
12.3355
12.339
12.3426
12.3461
12.3497
12.3533
12.3568
12.3604
12.364
12.3676
12.3712
12.3748
12.3784
12.382
12.3856
12.3892
12.3928
12.3965
12.4001
12.4037
12.4074
12.411
12.4147
12.4183
12.422
12.4256
12.4293
12.433
12.4366
12.4403
12.444
12.4477
12.4514
12.4551
12.4588
12.4625
12.4662
12.4699
12.4737
12.4774
12.4811
12.4849
12.4886
12.4923
12.4961
12.4998
12.5036
12.5074
12.5111
12.5149
12.5187
12.5225
12.5263
12.5301
12.5339
12.5377
12.5415
12.5453
12.5491
12.5529
12.5568
12.5606
12.5644
12.5683
12.5721
12.576
12.5798
12.5837
12.5876
12.5915
12.5953
12.5992
12.6031
12.607
12.6109
12.6148
12.6187
12.6226
12.6266
12.6305
12.6344
12.6383
12.6423
12.6462
12.6502
12.6541
12.6581
12.6621
12.666
12.67
12.674
12.678
12.682
12.686
12.69
12.694
12.698
12.702
12.7061
12.7101
12.7141
12.7182
12.7222
12.7263
12.7303
12.7344
12.7385
12.7426
12.7466
12.7507
12.7548
12.7589
12.763
12.7671
12.7712
12.7754
12.7795
12.7836
12.7878
12.7919
12.7961
12.8002
12.8044
12.8085
12.8127
12.8169
12.8211
12.8253
12.8295
12.8337
12.8379
12.8421
12.8463
12.8505
12.8548
12.859
12.8632
12.8675
12.8717
12.876
12.8803
12.8845
12.8888
12.8931
12.8974
12.9017
12.906
12.9103
12.9146
12.9189
12.9233
12.9276
12.9319
12.9363
12.9406
12.945
12.9494
12.9537
12.9581
12.9625
12.9669
12.9713
12.9757
12.9801
12.9845
12.9889
12.9934
12.9978
13.0022
13.0067
13.0111
13.0156
13.0201
13.0245
13.029
13.0335
13.038
13.0425
13.047
13.0515
13.056
13.0606
13.0651
13.0696
13.0742
13.0788
13.0833
13.0879
13.0925
13.097
13.1016
13.1062
13.1108
13.1154
13.12
13.1247
13.1293
13.1339
13.1386
13.1432
13.1479
13.1525
13.1572
13.1619
13.1666
13.1713
13.176
13.1807
13.1854
13.1901
13.1949
13.1996
13.2043
13.2091
13.2138
13.2186
13.2234
13.2282
13.2329
13.2377
13.2425
13.2474
13.2522
13.257
13.2618
13.2667
13.2715
13.2764
13.2812
13.2861
13.291
13.2959
13.3008
13.3057
13.3106
13.3155
13.3204
13.3253
13.3303
13.3352
13.3402
13.3451
13.3501
13.3551
13.3601
13.3651
13.3701
13.3751
13.3801
13.3851
13.3902
13.3952
13.4003
13.4053
13.4104
13.4155
13.4206
13.4256
13.4307
13.4359
13.441
13.4461
13.4512
13.4564
13.4615
13.4667
13.4719
13.477
13.4822
13.4874
13.4926
13.4978
13.503
13.5083
13.5135
13.5188
13.524
13.5293
13.5345
13.5398
13.5451
13.5504
13.5557
13.561
13.5664
13.5717
13.577
13.5824
13.5878
13.5931
13.5985
13.6039
13.6093
13.6147
13.6201
13.6255
13.631
13.6364
13.6419
13.6473
13.6528
13.6583
13.6638
13.6693
13.6748
13.6803
13.6858
13.6914
13.6969
13.7025
13.7081
13.7136
13.7192
13.7248
13.7304
13.736
13.7417
13.7473
13.753
13.7586
13.7643
13.77
13.7756
13.7813
13.787
13.7928
13.7985
13.8042
13.81
13.8157
13.8215
13.8273
13.8331
13.8389
13.8447
13.8505
13.8563
13.8622
13.868
13.8739
13.8798
13.8857
13.8916
13.8975
13.9034
13.9093
13.9152
13.9212
13.9272
13.9331
13.9391
13.9451
13.9511
13.9571
13.9632
13.9692
13.9752
13.9813
13.9874
13.9935
13.9996
14.0057
14.0118
14.0179
14.0241
14.0302
14.0364
14.0426
14.0488
14.055
14.0612
14.0674
14.0736
14.0799
14.0861
14.0924
14.0987
14.105
14.1113
14.1176
14.124
14.1303
14.1367
14.143
14.1494
14.1558
14.1622
14.1687
14.1751
14.1815
14.188
14.1945
14.2009
14.2074
14.214
14.2205
14.227
14.2336
14.2401
14.2467
14.2533
14.2599
14.2665
14.2731
14.2798
14.2864
14.2931
14.2998
14.3065
14.3132
14.3199
14.3267
14.3334
14.3402
14.347
14.3538
14.3606
14.3674
14.3742
14.3811
14.3879
14.3948
14.4017
14.4086
14.4155
14.4225
14.4294
14.4364
14.4434
14.4504
14.4574
14.4644
14.4715
14.4785
14.4856
14.4927
14.4998
14.5069
14.514
14.5212
14.5283
14.5355
14.5427
14.5499
14.5571
14.5644
14.5716
14.5789
14.5862
14.5935
14.6008
14.6081
14.6155
14.6229
14.6302
14.6376
14.6451
14.6525
14.6599
14.6674
14.6749
14.6824
14.6899
14.6974
14.705
14.7126
14.7201
14.7277
14.7354
14.743
14.7507
14.7583
14.766
14.7737
14.7814
14.7892
14.7969
14.8047
14.8125
14.8203
14.8282
14.836
14.8439
14.8518
14.8597
14.8676
14.8755
14.8835
14.8915
14.8995
14.9075
14.9155
14.9236
14.9317
14.9398
14.9479
14.956
14.9642
14.9724
14.9805
14.9888
14.997
15.0052
15.0135
15.0218
15.0301
15.0385
15.0468
15.0552
15.0636
15.072
15.0804
15.0889
15.0974
15.1059
15.1144
15.1229
15.1315
15.1401
15.1487
15.1573
15.166
15.1747
15.1834
15.1921
15.2008
15.2096
15.2184
15.2272
15.236
15.2448
15.2537
15.2626
15.2715
15.2805
15.2895
15.2985
15.3075
15.3165
15.3256
15.3347
15.3438
15.3529
15.3621
15.3712
15.3805
15.3897
15.3989
15.4082
15.4175
15.4269
15.4362
15.4456
15.455
15.4645
15.4739
15.4834
15.4929
15.5025
15.512
15.5216
15.5312
15.5409
15.5506
15.5603
15.57
15.5797
15.5895
15.5993
15.6092
15.619
15.6289
15.6388
15.6488
15.6588
15.6688
15.6788
15.6889
15.699
15.7091
15.7192
15.7294
15.7396
15.7499
15.7601
15.7704
15.7808
15.7911
15.8015
15.812
15.8224
15.8329
15.8434
15.854
15.8645
15.8752
15.8858
15.8965
15.9072
15.9179
15.9287
15.9395
15.9504
15.9612
15.9721
15.9831
15.9941
16.0051
16.0161
16.0272
16.0383
16.0495
16.0607
16.0719
16.0831
16.0944
16.1058
16.1171
16.1285
16.14
16.1514
16.163
16.1745
16.1861
16.1977
16.2094
16.2211
16.2328
16.2446
16.2564
16.2683
16.2802
16.2921
16.3041
16.3161
16.3282
16.3403
16.3524
16.3646
16.3768
16.3891
16.4014
16.4137
16.4261
16.4386
16.451
16.4636
16.4761
16.4887
16.5014
16.5141
16.5268
16.5396
16.5525
16.5653
16.5783
16.5912
16.6043
16.6173
16.6304
16.6436
16.6568
16.6701
16.6834
16.6967
16.7102
16.7236
16.7371
16.7507
16.7643
16.7779
16.7917
16.8054
16.8192
16.8331
16.847
16.861
16.875
16.8891
16.9033
16.9175
16.9317
16.946
16.9604
16.9748
16.9893
17.0038
17.0184
17.033
17.0477
17.0625
17.0773
17.0922
17.1072
17.1222
17.1373
17.1524
17.1676
17.1828
17.1982
17.2135
17.229
17.2445
17.2601
17.2757
17.2915
17.3072
17.3231
17.339
17.355
17.3711
17.3872
17.4034
17.4197
17.436
17.4524
17.4689
17.4855
17.5021
17.5188
17.5356
17.5524
17.5694
17.5864
17.6035
17.6207
17.6379
17.6552
17.6727
17.6902
17.7077
17.7254
17.7431
17.761
17.7789
17.7969
17.815
17.8331
17.8514
17.8698
17.8882
17.9067
17.9254
17.9441
17.9629
17.9818
18.0008
18.0199
18.0391
18.0584
18.0778
18.0973
18.1169
18.1366
18.1564
18.1763
18.1963
18.2164
18.2366
18.257
18.2774
18.298
18.3186
18.3394
18.3603
18.3813
18.4025
18.4237
18.4451
18.4665
18.4882
18.5099
18.5317
18.5537
18.5758
18.5981
18.6204
18.6429
18.6655
18.6883
18.7112
18.7343
18.7574
18.7807
18.8042
18.8278
18.8516
18.8755
18.8995
18.9237
18.9481
18.9726
18.9972
19.0221
19.047
19.0722
19.0975
19.123
19.1486
19.1744
19.2004
19.2266
19.2529
19.2794
19.3062
19.333
19.3601
19.3874
19.4148
19.4425
19.4704
19.4984
19.5267
19.5551
19.5838
19.6127
19.6418
19.6711
19.7006
19.7304
19.7604
19.7906
19.821
19.8517
19.8827
19.9138
19.9453
19.977
20.0089
20.0411
20.0736
20.1063
20.1393
20.1726
20.2061
20.24
20.2741
20.3086
20.3433
20.3784
20.4138
20.4494
20.4854
20.5218
20.5584
20.5955
20.6328
20.6705
20.7086
20.747
20.7859
20.825
20.8646
20.9046
20.945
20.9858
21.027
21.0686
21.1107
21.1532
21.1962
21.2397
21.2836
21.328
21.3729
21.4183
21.4642
21.5106
21.5576
21.6052
21.6533
21.702
21.7512
21.8011
21.8516
21.9028
21.9546
22.007
22.0602
22.1141
22.1686
22.224
22.2801
22.3369
22.3946
22.4531
22.5125
22.5727
22.6338
22.6959
22.7589
22.8229
22.8879
22.954
23.0212
23.0894
23.1589
23.2295
23.3014
23.3745
23.449
23.5248
23.6021
23.6808
23.7611
23.843
23.9265
24.0118
24.0989
24.1878
24.2787
24.3717
24.4668
24.5642
24.6639
24.766
24.8708
24.9783
25.0887
25.2022
25.3188
25.4389
25.5625
25.69
25.8216
25.9576
26.0982
26.2438
26.3948
26.5516
26.7147
26.8847
27.0621
27.2477
27.4424
27.647
27.8629
28.0913
28.334
28.5931
28.8714
29.1723
29.5006
29.8631
30.2701
30.7384
31.2995
32.0253
33.1479
36.4542
28.6994
32.2464
36.0469
36.0462
40.667
41.1241
35.0374
34.9633
35.0466
41.125
40.6632
36.0351
36.043
32.2196
28.6784
36.4443
33.1259
31.9966
31.2655
30.6996
30.2268
29.8156
29.4488
29.1164
28.8114
28.5292
28.2661
28.0194
27.7871
27.5674
27.3588
27.1603
26.9708
26.7895
26.6157
26.4488
26.2881
26.1333
25.9838
25.8394
25.6996
25.5642
25.4329
25.3055
25.1816
25.0612
24.9439
24.8297
24.7184
24.6099
24.5039
24.4004
24.2992
24.2003
24.1036
24.0089
23.9162
23.8253
23.7362
23.6489
23.5633
23.4792
23.3967
23.3156
23.236
23.1578
23.0808
23.0052
22.9308
22.8576
22.7855
22.7146
22.6448
22.576
22.5082
22.4414
22.3755
22.3106
22.2466
22.1835
22.1212
22.0597
21.9991
21.9392
21.8801
21.8218
21.7641
21.7072
21.6509
21.5954
21.5404
21.4861
21.4325
21.3794
21.3269
21.275
21.2237
21.173
21.1227
21.073
21.0238
20.9752
20.927
20.8793
20.832
20.7853
20.739
20.6931
20.6477
20.6027
20.5581
20.5139
20.4702
20.4268
20.3838
20.3412
20.299
20.2571
20.2156
20.1744
20.1336
20.0932
20.053
20.0132
19.9738
19.9346
19.8957
19.8572
19.819
19.781
19.7434
19.706
19.6689
19.6321
19.5956
19.5593
19.5233
19.4875
19.452
19.4168
19.3818
19.3471
19.3126
19.2783
19.2443
19.2105
19.1769
19.1436
19.1104
19.0775
19.0448
19.0123
18.9801
18.948
18.9161
18.8844
18.853
18.8217
18.7906
18.7597
18.729
18.6985
18.6681
18.6379
18.608
18.5781
18.5485
18.519
18.4897
18.4606
18.4316
18.4028
18.3741
18.3456
18.3173
18.2891
18.261
18.2331
18.2054
18.1778
18.1504
18.1231
18.0959
18.0689
18.042
18.0152
17.9886
17.9622
17.9358
17.9096
17.8835
17.8575
17.8317
17.806
17.7804
17.7549
17.7296
17.7044
17.6793
17.6543
17.6294
17.6046
17.58
17.5555
17.531
17.5067
17.4825
17.4584
17.4344
17.4105
17.3868
17.3631
17.3395
17.316
17.2927
17.2694
17.2462
17.2231
17.2001
17.1772
17.1544
17.1317
17.1091
17.0866
17.0642
17.0418
17.0196
16.9974
16.9754
16.9534
16.9315
16.9097
16.8879
16.8663
16.8447
16.8232
16.8018
16.7805
16.7593
16.7381
16.717
16.696
16.6751
16.6542
16.6334
16.6127
16.5921
16.5715
16.551
16.5306
16.5103
16.49
16.4698
16.4497
16.4296
16.4096
16.3897
16.3699
16.3501
16.3303
16.3107
16.2911
16.2716
16.2521
16.2327
16.2134
16.1941
16.1749
16.1557
16.1366
16.1176
16.0986
16.0797
16.0609
16.0421
16.0234
16.0047
15.9861
15.9675
15.949
15.9306
15.9122
15.8938
15.8756
15.8573
15.8392
15.821
15.803
15.785
15.767
15.7491
15.7312
15.7134
15.6957
15.6779
15.6603
15.6427
15.6251
15.6076
15.5902
15.5727
15.5554
15.5381
15.5208
15.5036
15.4864
15.4693
15.4522
15.4351
15.4182
15.4012
15.3843
15.3674
15.3506
15.3339
15.3171
15.3004
15.2838
15.2672
15.2506
15.2341
15.2176
15.2012
15.1848
15.1685
15.1521
15.1359
15.1196
15.1035
15.0873
15.0712
15.0551
15.0391
15.0231
15.0071
14.9912
14.9753
14.9595
14.9436
14.9279
14.9121
14.8964
14.8808
14.8651
14.8495
14.834
14.8185
14.803
14.7875
14.7721
14.7567
14.7414
14.7261
14.7108
14.6955
14.6803
14.6651
14.65
14.6349
14.6198
14.6047
14.5897
14.5747
14.5597
14.5448
14.5299
14.5151
14.5002
14.4854
14.4706
14.4559
14.4412
14.4265
14.4119
14.3972
14.3826
14.3681
14.3535
14.339
14.3246
14.3101
14.2957
14.2813
14.2669
14.2526
14.2383
14.224
14.2097
14.1955
14.1813
14.1671
14.153
14.1389
14.1248
14.1107
14.0967
14.0827
14.0687
14.0547
14.0408
14.0269
14.013
13.9991
13.9853
13.9715
13.9577
13.9439
13.9302
13.9164
13.9028
13.8891
13.8754
13.8618
13.8482
13.8347
13.8211
13.8076
13.7941
13.7806
13.7671
13.7537
13.7403
13.7269
13.7135
13.7002
13.6869
13.6736
13.6603
13.647
13.6338
13.6206
13.6074
13.5942
13.5811
13.5679
13.5548
13.5418
13.5287
13.5156
13.5026
13.4896
13.4766
13.4637
13.4507
13.4378
13.4249
13.412
13.3992
13.3863
13.3735
13.3607
13.3479
13.3351
13.3224
13.3097
13.2969
13.2843
13.2716
13.2589
13.2463
13.2337
13.2211
13.2085
13.1959
13.1834
13.1709
13.1584
13.1459
13.1334
13.121
13.1085
13.0961
13.0837
13.0713
13.059
13.0466
13.0343
13.022
13.0097
12.9974
12.9851
12.9729
12.9607
12.9485
12.9363
12.9241
12.9119
12.8998
12.8876
12.8755
12.8634
12.8513
12.8393
12.8272
12.8152
12.8032
12.7912
12.7792
12.7672
12.7553
12.7433
12.7314
12.7195
12.7076
12.6957
12.6839
12.672
12.6602
12.6484
12.6366
12.6248
12.613
12.6012
12.5895
12.5778
12.5661
12.5544
12.5427
12.531
12.5194
12.5077
12.4961
12.4845
12.4729
12.4613
12.4497
12.4382
12.4266
12.4151
12.4036
12.3921
12.3806
12.3691
12.3577
12.3462
12.3348
12.3234
12.312
12.3006
12.2892
12.2778
12.2665
12.2551
12.2438
12.2325
12.2212
12.2099
12.1986
12.1874
12.1761
12.1649
12.1537
12.1425
12.1313
12.1201
12.1089
12.0978
12.0866
12.0755
12.0644
12.0533
12.0422
12.0311
12.0201
12.009
11.998
11.9869
11.9759
11.9649
11.9539
11.9429
11.932
11.921
11.9101
11.8992
11.8882
11.8773
11.8664
11.8556
11.8447
11.8338
11.823
11.8122
11.8014
11.7905
11.7797
11.769
11.7582
11.7474
11.7367
11.726
11.7152
11.7045
11.6938
11.6831
11.6725
11.6618
11.6511
11.6405
11.6299
11.6193
11.6087
11.5981
11.5875
11.5769
11.5664
11.5558
11.5453
11.5348
11.5243
11.5138
11.5033
11.4928
11.4823
11.4719
11.4615
11.451
11.4406
11.4302
11.4198
11.4094
11.3991
11.3887
11.3784
11.368
11.3577
11.3474
11.3371
11.3268
11.3166
11.3063
11.296
11.2858
11.2756
11.2654
11.2552
11.245
11.2348
11.2246
11.2145
11.2043
11.1942
11.1841
11.174
11.1639
11.1538
11.1437
11.1337
11.1236
11.1136
11.1036
11.0935
11.0835
11.0736
11.0636
11.0536
11.0437
11.0337
11.0238
11.0139
11.004
10.9941
10.9842
10.9744
10.9645
10.9547
10.9448
10.935
10.9252
10.9154
10.9056
10.8959
10.8861
10.8764
10.8667
10.8569
10.8472
10.8376
10.8279
10.8182
10.8086
10.7989
10.7893
10.7797
10.7701
10.7605
10.7509
10.7414
10.7318
10.7223
10.7128
10.7032
10.6938
10.6843
10.6748
10.6654
10.6559
10.6465
10.6371
10.6277
10.6183
10.6089
10.5996
10.5902
10.5809
10.5716
10.5623
10.553
10.5437
10.5344
10.5252
10.516
10.5067
10.4975
10.4883
10.4792
10.47
10.4609
10.4517
10.4426
10.4335
10.4244
10.4154
10.4063
10.3973
10.3882
10.3792
10.3702
10.3613
10.3523
10.3433
10.3344
10.3255
10.3166
10.3077
10.2988
10.29
10.2811
10.2723
10.2635
10.2547
10.246
10.2372
10.2285
10.2197
10.211
10.2023
10.1937
10.185
10.1764
10.1678
10.1591
10.1506
10.142
10.1334
10.1249
10.1164
10.1079
10.0994
10.0909
10.0825
10.0741
10.0657
10.0573
10.0489
10.0405
10.0322
10.0239
10.0156
10.0073
9.99906
9.99082
9.9826
9.97439
9.96621
9.95805
9.94991
9.94178
9.93368
9.9256
9.91753
9.90949
9.90147
9.89346
9.88548
9.87752
9.86958
9.86166
9.85376
9.84589
9.83803
9.8302
9.82238
9.81459
9.80682
9.79907
9.79135
9.78364
9.77596
9.7683
9.76067
9.75305
9.74546
9.73789
9.73035
9.72282
9.71532
9.70785
9.7004
9.69297
9.68556
9.67818
9.67083
9.66349
9.65618
9.6489
9.64164
9.63441
9.6272
9.62001
9.61285
9.60572
9.59861
9.59152
9.58447
9.57743
9.57043
9.56345
9.55649
9.54957
9.54267
9.53579
9.52894
9.52212
9.51533
9.50857
9.50183
9.49512
9.48843
9.48178
9.47515
9.46855
9.46198
9.45544
9.44892
9.44244
9.43598
9.42955
9.42316
9.41679
9.41045
9.40414
9.39786
9.39161
9.38539
9.3792
9.37304
9.36691
9.36082
9.35475
9.34872
9.34271
9.33674
9.3308
9.32489
9.31901
9.31316
9.30735
9.30157
9.29582
9.2901
9.28442
9.27877
9.27315
9.26756
9.26201
9.2565
9.25101
9.24556
9.24015
9.23476
9.22942
9.2241
9.21882
9.21358
9.20837
9.2032
9.19806
9.19296
9.18789
9.18286
9.17786
9.1729
9.16798
9.16309
9.15824
9.15342
9.14865
9.14391
9.1392
9.13454
9.12991
9.12532
9.12076
9.11625
9.11177
9.10733
9.10292
9.09856
9.09424
9.08995
9.0857
9.08149
9.07733
9.0732
9.0691
9.06505
9.06104
9.05707
9.05314
9.04925
9.0454
9.04158
9.03781
9.03408
9.03039
9.02675
9.02314
9.01957
9.01605
9.01256
9.00912
9.00572
9.00236
8.99905
8.99577
8.99254
8.98935
8.9862
8.9831
8.98003
8.97701
8.97404
8.9711
8.96821
8.96536
8.96256
8.9598
8.95708
8.9544
8.95177
8.94919
8.94664
8.94414
8.94169
8.93928
8.93691
8.93459
8.93231
8.93008
8.92789
8.92575
8.92365
8.92159
8.91958
8.91762
8.9157
8.91383
8.912
8.91022
8.90848
8.90679
8.90514
8.90354
8.90198
8.90047
8.89901
8.89759
8.89622
8.89489
8.89361
8.89238
8.89119
8.89005
8.88895
8.8879
8.8869
8.88595
8.88504
8.88417
8.88335
8.88258
8.88186
8.88118
8.88055
8.87997
8.87943
8.87894
8.8785
8.8781
8.87775
8.87744
8.87719
8.87697
8.87681
8.87669
8.87662
