-1.91521
-1.91519
-1.91512
-1.915
-1.91484
-1.91463
-1.91437
-1.91407
-1.91371
-1.91332
-1.91287
-1.91238
-1.91184
-1.91126
-1.91063
-1.90995
-1.90923
-1.90846
-1.90764
-1.90678
-1.90587
-1.90491
-1.90391
-1.90286
-1.90176
-1.90062
-1.89943
-1.8982
-1.89692
-1.89559
-1.89422
-1.8928
-1.89134
-1.88983
-1.88828
-1.88667
-1.88503
-1.88333
-1.8816
-1.87981
-1.87799
-1.87611
-1.87419
-1.87223
-1.87022
-1.86817
-1.86607
-1.86392
-1.86173
-1.8595
-1.85722
-1.8549
-1.85253
-1.85012
-1.84767
-1.84517
-1.84263
-1.84004
-1.83741
-1.83473
-1.83202
-1.82925
-1.82645
-1.8236
-1.82071
-1.81778
-1.8148
-1.81178
-1.80872
-1.80561
-1.80246
-1.79927
-1.79604
-1.79277
-1.78945
-1.78609
-1.78269
-1.77925
-1.77576
-1.77224
-1.76867
-1.76507
-1.76142
-1.75773
-1.754
-1.75023
-1.74642
-1.74257
-1.73867
-1.73474
-1.73077
-1.72676
-1.72271
-1.71862
-1.71449
-1.71032
-1.70611
-1.70186
-1.69758
-1.69325
-1.68889
-1.68449
-1.68005
-1.67557
-1.67105
-1.6665
-1.66191
-1.65728
-1.65261
-1.64791
-1.64317
-1.63839
-1.63357
-1.62872
-1.62384
-1.61891
-1.61395
-1.60896
-1.60392
-1.59886
-1.59375
-1.58861
-1.58344
-1.57823
-1.57299
-1.56771
-1.5624
-1.55705
-1.55167
-1.54625
-1.5408
-1.53532
-1.5298
-1.52425
-1.51866
-1.51305
-1.50739
-1.50171
-1.49599
-1.49025
-1.48446
-1.47865
-1.4728
-1.46693
-1.46102
-1.45507
-1.4491
-1.4431
-1.43706
-1.431
-1.4249
-1.41877
-1.41261
-1.40642
-1.4002
-1.39395
-1.38767
-1.38136
-1.37502
-1.36866
-1.36226
-1.35583
-1.34937
-1.34289
-1.33638
-1.32983
-1.32326
-1.31666
-1.31004
-1.30338
-1.2967
-1.28999
-1.28325
-1.27648
-1.26969
-1.26287
-1.25602
-1.24915
-1.24225
-1.23532
-1.22836
-1.22138
-1.21438
-1.20735
-1.20029
-1.19321
-1.1861
-1.17896
-1.1718
-1.16462
-1.15741
-1.15017
-1.14291
-1.13563
-1.12832
-1.12099
-1.11363
-1.10625
-1.09884
-1.09142
-1.08396
-1.07649
-1.06899
-1.06147
-1.05392
-1.04635
-1.03876
-1.03115
-1.02351
-1.01585
-1.00817
-1.00047
-0.99274
-0.984992
-0.977222
-0.969431
-0.961617
-0.953783
-0.945927
-0.93805
-0.930151
-0.922232
-0.914292
-0.906331
-0.898349
-0.890347
-0.882324
-0.874281
-0.866217
-0.858134
-0.850031
-0.841907
-0.833764
-0.825601
-0.817419
-0.809217
-0.800996
-0.792756
-0.784496
-0.776218
-0.76792
-0.759604
-0.751269
-0.742915
-0.734543
-0.726152
-0.717743
-0.709316
-0.70087
-0.692407
-0.683926
-0.675426
-0.666909
-0.658375
-0.649823
-0.641253
-0.632666
-0.624061
-0.61544
-0.606801
-0.598145
-0.589472
-0.580783
-0.572076
-0.563353
-0.554613
-0.545857
-0.537084
-0.528295
-0.51949
-0.510668
-0.50183
-0.492977
-0.484107
-0.475221
-0.46632
-0.457403
-0.44847
-0.439521
-0.430557
-0.421577
-0.412583
-0.403572
-0.394547
-0.385506
-0.37645
-0.36738
-0.358294
-0.349193
-0.340078
-0.330947
-0.321802
-0.312643
-0.303468
-0.29428
-0.285076
-0.275859
-0.266627
-0.25738
-0.24812
-0.238845
-0.229556
-0.220253
-0.210936
-0.201605
-0.19226
-0.182902
-0.173529
-0.164143
-0.154743
-0.145329
-0.135902
-0.126461
-0.117007
-0.10754
-0.0980585
-0.088564
-0.0790562
-0.0695352
-0.0600009
-0.0504534
-0.0408928
-0.031319
-0.0217322
-0.0121324
-0.00251957
0.00710619
0.0167449
0.0263964
0.0360608
0.0457379
0.0554279
0.0651305
0.0748459
0.0845739
0.0943146
0.104068
0.113834
0.123612
0.133403
0.143206
0.153022
0.16285
0.172691
0.182544
0.192409
0.202286
0.212176
0.222078
0.231993
0.241919
0.251858
0.261809
0.271772
0.281747
0.291734
0.301734
0.311745
0.321769
0.331804
0.341852
0.351911
0.361983
0.372066
0.382162
0.392269
0.402389
0.41252
0.422663
0.432818
0.442985
0.453163
0.463354
0.473556
0.483771
0.493997
0.504235
0.514484
0.524746
0.535019
0.545304
0.555601
0.56591
0.57623
0.586563
0.596907
0.607262
0.61763
0.628009
0.6384
0.648803
0.659218
0.669644
0.680082
0.690532
0.700994
0.711468
0.721953
0.73245
0.742959
0.753479
0.764012
0.774556
0.785112
0.79568
0.80626
0.816852
0.827455
0.83807
0.848697
0.859337
0.869988
0.88065
0.891325
0.902012
0.912711
0.923421
0.934144
0.944878
0.955625
0.966384
0.977154
0.987937
0.998732
1.00954
1.02036
1.03119
1.04203
1.05289
1.06375
1.07463
1.08553
1.09643
1.10735
1.11828
1.12922
1.14017
1.15114
1.16211
1.17311
1.18411
1.19512
1.20615
1.21719
1.22825
1.23931
1.25039
1.26148
1.27259
1.2837
1.29483
1.30597
1.31713
1.32829
1.33948
1.35067
1.36187
1.37309
1.38433
1.39557
1.40683
1.4181
1.42939
1.44068
1.452
1.46332
1.47466
1.48601
1.49737
1.50875
1.52014
1.53155
1.54296
1.5544
1.56584
1.5773
1.58877
1.60026
1.61176
1.62328
1.6348
1.64635
1.6579
1.66947
1.68106
1.69266
1.70427
1.7159
1.72754
1.73919
1.75086
1.76255
1.77425
1.78596
1.79769
1.80943
1.82119
1.83296
1.84475
1.85655
1.86837
1.8802
1.89205
1.90391
1.91579
1.92769
1.93959
1.95152
1.96346
1.97541
1.98738
1.99937
2.01137
2.02339
2.03542
2.04747
2.05953
2.07162
2.08371
2.09583
2.10796
2.1201
2.13227
2.14444
2.15664
2.16885
2.18108
2.19333
2.20559
2.21787
2.23016
2.24248
2.25481
2.26715
2.27952
2.2919
2.3043
2.31672
2.32915
2.3416
2.35407
2.36656
2.37907
2.39159
2.40413
2.4167
2.42927
2.44187
2.45449
2.46712
2.47977
2.49244
2.50513
2.51784
2.53057
2.54332
2.55608
2.56887
2.58167
2.5945
2.60734
2.62021
2.63309
2.64599
2.65891
2.67186
2.68482
2.6978
2.71081
2.72383
2.73688
2.74994
2.76303
2.77614
2.78927
2.80241
2.81559
2.82878
2.84199
2.85523
2.86848
2.88176
2.89506
2.90838
2.92173
2.93509
2.94848
2.96189
2.97533
2.98879
3.00226
3.01577
3.02929
3.04284
3.05641
3.07001
3.08363
3.09727
3.11094
3.12463
3.13835
3.15209
3.16585
3.17964
3.19345
3.20729
3.22115
3.23504
3.24895
3.26289
3.27686
3.29085
3.30486
3.3189
3.33297
3.34706
3.36118
3.37533
3.3895
3.40371
3.41793
3.43219
3.44647
3.46078
3.47512
3.48948
3.50387
3.5183
3.53274
3.54722
3.56173
3.57627
3.59083
3.60542
3.62005
3.6347
3.64938
3.66409
3.67884
3.69361
3.70841
3.72325
3.73811
3.75301
3.76793
3.78289
3.79788
3.8129
3.82795
3.84304
3.85816
3.87331
3.88849
3.90371
3.91896
3.93424
3.94956
3.96491
3.98029
3.99571
4.01117
4.02665
4.04218
4.05773
4.07333
4.08896
4.10462
4.12032
4.13606
4.15183
4.16765
4.18349
4.19938
4.2153
4.23126
4.24726
4.2633
4.27937
4.29549
4.31164
4.32783
4.34406
4.36034
4.37665
4.393
4.40939
4.42583
4.4423
4.45882
4.47538
4.49198
4.50862
4.52531
4.54204
4.55881
4.57563
4.59249
4.60939
4.62634
4.64333
4.66037
4.67746
4.69459
4.71176
4.72898
4.74625
4.76357
4.78094
4.79835
4.81581
4.83332
4.85087
4.86848
4.88614
4.90384
4.9216
4.93941
4.95727
4.97518
4.99314
5.01115
5.02922
5.04734
5.06552
5.08374
5.10203
5.12036
5.13875
5.1572
5.17571
5.19427
5.21288
5.23156
5.25029
5.26908
5.28793
5.30684
5.32581
5.34483
5.36392
5.38307
5.40228
5.42156
5.4409
5.46029
5.47976
5.49929
5.51888
5.53854
5.55826
5.57805
5.5979
5.61783
5.63782
5.65788
5.67801
5.69821
5.71848
5.73882
5.75924
5.77972
5.80028
5.82091
5.84162
5.8624
5.88325
5.90418
5.92519
5.94628
5.96744
5.98869
6.01001
6.03141
6.0529
6.07446
6.09611
6.11785
6.13966
6.16156
6.18355
6.20562
6.22779
6.25003
6.27237
6.2948
6.31732
6.33993
6.36263
6.38543
6.40832
6.4313
6.45439
6.47756
6.50084
6.52422
6.54769
6.57127
6.59495
6.61873
6.64262
6.66661
6.69071
6.71491
6.73923
6.76365
6.78818
6.81283
6.83759
6.86246
6.88745
6.91256
6.93778
6.96313
6.98859
7.01418
7.03989
7.06572
7.09168
7.11777
7.14399
7.17034
7.19682
7.22343
7.25018
7.27707
7.30409
7.33125
7.35856
7.38601
7.4136
7.44134
7.46923
7.49726
7.52545
7.5538
7.5823
7.61095
7.63977
7.66875
7.69789
7.7272
7.75667
7.78632
7.81614
7.84613
7.8763
7.90665
7.93718
7.96789
7.99879
8.02988
8.06116
8.09264
8.12431
8.15618
8.18825
8.22053
8.25302
8.28572
8.31863
8.35176
8.38511
8.41868
8.45248
8.48651
8.52077
8.55527
8.59002
8.625
8.66024
8.69572
8.73147
8.76747
8.80374
8.84027
8.87708
8.91417
8.95154
8.98919
9.02714
9.06538
9.10393
9.14278
9.18194
9.22142
9.26122
9.30135
9.34182
9.38262
9.42378
9.46528
9.50715
9.54938
9.59198
9.63497
9.67834
9.72211
9.76628
9.81086
9.85586
9.90129
9.94715
9.99346
10.0402
10.0875
10.1352
10.1833
10.232
10.2812
10.3309
10.3811
10.4319
10.4832
10.5351
10.5876
10.6407
10.6943
10.7486
10.8035
10.8591
10.9154
10.9723
11.0299
11.0883
11.1474
11.2073
11.2679
11.3294
11.3917
11.4548
11.5188
11.5837
11.6496
11.7164
11.7841
11.8529
11.9228
11.9937
12.0658
12.139
12.2134
12.289
12.366
12.4442
12.5238
12.6049
12.6874
12.7715
12.8571
12.9444
13.0335
13.1243
13.2171
13.3118
13.4085
13.5074
13.6086
13.7121
13.8181
13.9266
14.0379
14.1521
14.2694
14.3898
14.5137
14.6411
14.7724
14.9078
15.0476
15.192
15.3415
15.4963
15.657
15.8239
15.9977
16.179
16.3685
16.567
16.7756
16.9953
17.2276
17.4743
17.7374
18.0196
18.3246
18.657
19.0237
19.435
19.9078
20.4737
21.2048
22.3341
25.6524
17.8866
21.4278
25.2512
25.2433
29.8713
30.3332
24.2548
36.8526
24.2456
30.3323
29.8752
25.2544
25.2551
21.4546
17.9076
25.6624
22.3561
21.2335
20.5077
19.9466
19.4783
19.0713
18.7088
18.3804
18.0795
17.8013
17.5422
17.2995
17.0711
16.8552
16.6506
16.4559
16.2703
16.0929
15.9229
15.7598
15.603
15.452
15.3064
15.1657
15.0298
14.8982
14.7707
14.6471
14.527
14.4104
14.2969
14.1865
14.079
13.9742
13.8721
13.7723
13.675
13.5799
13.4869
13.396
13.307
13.22
13.1347
13.0512
12.9693
12.889
12.8103
12.733
12.6572
12.5827
12.5095
12.4377
12.3671
12.2976
12.2294
12.1622
12.0961
12.0311
11.9671
11.9041
11.842
11.7809
11.7207
11.6613
11.6028
11.5451
11.4882
11.4322
11.3768
11.3223
11.2684
11.2152
11.1628
11.111
11.0598
11.0093
10.9594
10.9101
10.8615
10.8133
10.7658
10.7188
10.6724
10.6265
10.5811
10.5362
10.4918
10.4478
10.4044
10.3614
10.3189
10.2768
10.2352
10.194
10.1532
10.1128
10.0728
10.0332
9.99404
9.95523
9.91679
9.87872
9.841
9.80365
9.76663
9.72996
9.69363
9.65762
9.62194
9.58657
9.55152
9.51678
9.48233
9.44819
9.41433
9.38076
9.34748
9.31447
9.28174
9.24928
9.21708
9.18514
9.15346
9.12203
9.09085
9.05992
9.02923
8.99878
8.96856
8.93857
8.90881
8.87927
8.84996
8.82086
8.79198
8.76331
8.73485
8.70659
8.67854
8.65069
8.62303
8.59557
8.56831
8.54123
8.51434
8.48763
8.46111
8.43477
8.4086
8.38261
8.3568
8.33115
8.30568
8.28037
8.25522
8.23024
8.20542
8.18075
8.15625
8.1319
8.1077
8.08365
8.05975
8.036
8.01239
7.98893
7.96562
7.94244
7.9194
7.8965
7.87374
7.85111
7.82861
7.80624
7.78401
7.7619
7.73992
7.71807
7.69634
7.67473
7.65325
7.63189
7.61064
7.58952
7.56851
7.54761
7.52683
7.50617
7.48561
7.46517
7.44484
7.42461
7.40449
7.38448
7.36457
7.34477
7.32507
7.30548
7.28598
7.26659
7.24729
7.2281
7.209
7.18999
7.17108
7.15227
7.13355
7.11492
7.09639
7.07795
7.05959
7.04133
7.02315
7.00507
6.98707
6.96915
6.95132
6.93358
6.91592
6.89834
6.88085
6.86343
6.8461
6.82885
6.81168
6.79458
6.77757
6.76063
6.74377
6.72699
6.71028
6.69364
6.67708
6.6606
6.64418
6.62784
6.61157
6.59537
6.57925
6.56319
6.5472
6.53128
6.51543
6.49965
6.48394
6.46829
6.45271
6.43719
6.42174
6.40635
6.39103
6.37577
6.36057
6.34544
6.33037
6.31536
6.30041
6.28552
6.2707
6.25593
6.24122
6.22657
6.21198
6.19745
6.18297
6.16855
6.15419
6.13989
6.12564
6.11144
6.09731
6.08322
6.06919
6.05522
6.0413
6.02743
6.01361
5.99985
5.98613
5.97247
5.95887
5.94531
5.9318
5.91834
5.90493
5.89158
5.87827
5.86501
5.8518
5.83863
5.82552
5.81245
5.79943
5.78646
5.77353
5.76065
5.74781
5.73502
5.72228
5.70958
5.69692
5.68431
5.67175
5.65922
5.64675
5.63431
5.62192
5.60957
5.59726
5.585
5.57277
5.56059
5.54845
5.53635
5.52429
5.51228
5.5003
5.48836
5.47646
5.46461
5.45279
5.44101
5.42927
5.41757
5.4059
5.39428
5.38269
5.37114
5.35963
5.34815
5.33671
5.32531
5.31395
5.30262
5.29132
5.28007
5.26885
5.25766
5.24651
5.23539
5.22431
5.21327
5.20226
5.19128
5.18034
5.16943
5.15855
5.14771
5.1369
5.12613
5.11538
5.10467
5.09399
5.08335
5.07274
5.06216
5.05161
5.04109
5.0306
5.02015
5.00972
4.99933
4.98897
4.97864
4.96833
4.95806
4.94782
4.93761
4.92743
4.91728
4.90715
4.89706
4.887
4.87696
4.86696
4.85698
4.84703
4.83711
4.82722
4.81735
4.80751
4.79771
4.78792
4.77817
4.76844
4.75874
4.74907
4.73943
4.72981
4.72022
4.71065
4.70111
4.6916
4.68211
4.67265
4.66321
4.6538
4.64442
4.63506
4.62573
4.61642
4.60714
4.59788
4.58865
4.57944
4.57025
4.56109
4.55196
4.54285
4.53376
4.5247
4.51566
4.50664
4.49765
4.48868
4.47973
4.47081
4.46191
4.45304
4.44418
4.43535
4.42655
4.41776
4.409
4.40026
4.39154
4.38285
4.37417
4.36552
4.35689
4.34828
4.3397
4.33113
4.32259
4.31407
4.30557
4.29709
4.28863
4.28019
4.27177
4.26338
4.255
4.24665
4.23831
4.23
4.22171
4.21343
4.20518
4.19695
4.18873
4.18054
4.17237
4.16421
4.15608
4.14796
4.13987
4.13179
4.12374
4.1157
4.10768
4.09968
4.0917
4.08374
4.07579
4.06787
4.05996
4.05208
4.04421
4.03636
4.02852
4.02071
4.01291
4.00513
3.99737
3.98963
3.98191
3.9742
3.96651
3.95884
3.95119
3.94355
3.93593
3.92833
3.92074
3.91317
3.90562
3.89809
3.89057
3.88307
3.87559
3.86812
3.86067
3.85324
3.84582
3.83842
3.83104
3.82367
3.81632
3.80899
3.80167
3.79436
3.78708
3.7798
3.77255
3.76531
3.75809
3.75088
3.74368
3.73651
3.72935
3.7222
3.71507
3.70795
3.70085
3.69377
3.6867
3.67964
3.6726
3.66558
3.65857
3.65157
3.64459
3.63762
3.63067
3.62374
3.61681
3.60991
3.60301
3.59613
3.58927
3.58242
3.57558
3.56876
3.56195
3.55516
3.54838
3.54161
3.53486
3.52812
3.5214
3.51469
3.50799
3.50131
3.49464
3.48798
3.48134
3.47471
3.46809
3.46149
3.4549
3.44832
3.44176
3.43521
3.42867
3.42215
3.41564
3.40914
3.40265
3.39618
3.38972
3.38327
3.37684
3.37042
3.36401
3.35761
3.35123
3.34486
3.3385
3.33215
3.32582
3.31949
3.31318
3.30689
3.3006
3.29433
3.28807
3.28182
3.27558
3.26936
3.26314
3.25694
3.25075
3.24457
3.23841
3.23225
3.22611
3.21998
3.21386
3.20775
3.20166
3.19557
3.1895
3.18344
3.17738
3.17134
3.16532
3.1593
3.15329
3.1473
3.14132
3.13534
3.12938
3.12343
3.11749
3.11156
3.10564
3.09974
3.09384
3.08796
3.08208
3.07622
3.07037
3.06452
3.05869
3.05287
3.04706
3.04126
3.03547
3.02969
3.02392
3.01816
3.01241
3.00668
3.00095
2.99523
2.98952
2.98383
2.97814
2.97246
2.96679
2.96114
2.95549
2.94985
2.94423
2.93861
2.933
2.92741
2.92182
2.91624
2.91067
2.90511
2.89956
2.89403
2.8885
2.88298
2.87747
2.87197
2.86647
2.86099
2.85552
2.85006
2.8446
2.83916
2.83373
2.8283
2.82288
2.81748
2.81208
2.80669
2.80131
2.79594
2.79058
2.78523
2.77988
2.77455
2.76922
2.76391
2.7586
2.7533
2.74801
2.74273
2.73746
2.7322
2.72694
2.7217
2.71646
2.71123
2.70601
2.7008
2.6956
2.69041
2.68522
2.68004
2.67488
2.66972
2.66457
2.65942
2.65429
2.64916
2.64405
2.63894
2.63384
2.62874
2.62366
2.61858
2.61351
2.60845
2.6034
2.59836
2.59332
2.5883
2.58328
2.57827
2.57326
2.56827
2.56328
2.5583
2.55333
2.54837
2.54341
2.53847
2.53353
2.52859
2.52367
2.51875
2.51384
2.50894
2.50405
2.49917
2.49429
2.48942
2.48456
2.4797
2.47485
2.47001
2.46518
2.46036
2.45554
2.45073
2.44593
2.44113
2.43634
2.43156
2.42679
2.42203
2.41727
2.41252
2.40777
2.40304
2.39831
2.39359
2.38887
2.38417
2.37947
2.37477
2.37009
2.36541
2.36074
2.35607
2.35141
2.34676
2.34212
2.33748
2.33285
2.32823
2.32362
2.31901
2.31441
2.30981
2.30522
2.30064
2.29607
2.2915
2.28694
2.28238
2.27784
2.2733
2.26876
2.26424
2.25971
2.2552
2.25069
2.24619
2.2417
2.23721
2.23273
2.22826
2.22379
2.21933
2.21487
2.21043
2.20598
2.20155
2.19712
2.1927
2.18828
2.18387
2.17947
2.17507
2.17068
2.1663
2.16192
2.15755
2.15318
2.14883
2.14447
2.14013
2.13579
2.13145
2.12712
2.1228
2.11849
2.11418
2.10988
2.10558
2.10129
2.097
2.09272
2.08845
2.08418
2.07992
2.07567
2.07142
2.06718
2.06294
2.05871
2.05448
2.05026
2.04605
2.04184
2.03764
2.03345
2.02926
2.02507
2.02089
2.01672
2.01256
2.00839
2.00424
2.00009
1.99595
1.99181
1.98768
1.98355
1.97943
1.97531
1.9712
1.9671
1.963
1.95891
1.95482
1.95074
1.94666
1.94259
1.93853
1.93447
1.93042
1.92637
1.92232
1.91829
1.91425
1.91023
1.90621
1.90219
1.89818
1.89418
1.89018
1.88618
1.88219
1.87821
1.87423
1.87026
1.86629
1.86233
1.85837
1.85442
1.85047
1.84653
1.8426
1.83867
1.83474
1.83082
1.8269
1.82299
1.81909
1.81519
1.81129
1.80741
1.80352
1.79964
1.79577
1.7919
1.78803
1.78417
1.78032
1.77647
1.77263
1.76879
1.76495
1.76113
1.7573
1.75348
1.74967
1.74586
1.74205
1.73826
1.73446
1.73067
1.72689
1.72311
1.71933
1.71556
1.7118
1.70804
1.70428
1.70053
1.69678
1.69304
1.68931
1.68557
1.68185
1.67812
1.67441
1.67069
1.66699
1.66328
1.65958
1.65589
1.6522
1.64852
1.64484
1.64116
1.63749
1.63382
1.63016
1.62651
1.62285
1.61921
1.61556
1.61192
1.60829
1.60466
1.60103
1.59741
1.5938
1.59019
1.58658
1.58298
1.57938
1.57578
1.5722
1.56861
1.56503
1.56145
1.55788
1.55432
1.55075
1.54719
1.54364
1.54009
1.53655
1.53301
1.52947
1.52594
1.52241
1.51889
1.51537
1.51185
1.50834
1.50483
1.50133
1.49783
1.49434
1.49085
1.48737
1.48388
1.48041
1.47693
1.47347
1.47
1.46654
1.46309
1.45963
1.45619
1.45274
1.4493
1.44587
1.44244
1.43901
1.43559
1.43217
1.42876
1.42534
1.42194
1.41854
1.41514
1.41174
1.40835
1.40497
1.40158
1.39821
1.39483
1.39146
1.3881
1.38473
1.38137
1.37802
1.37467
1.37132
1.36798
1.36464
1.36131
1.35798
1.35465
1.35133
1.34801
1.34469
1.34138
1.33807
1.33477
1.33147
1.32817
1.32488
1.32159
1.31831
1.31503
1.31175
1.30848
1.30521
1.30194
1.29868
1.29542
1.29217
1.28892
1.28567
1.28243
1.27919
1.27596
1.27272
1.2695
1.26627
1.26305
1.25983
1.25662
1.25341
1.25021
1.247
1.24381
1.24061
1.23742
1.23423
1.23105
1.22787
1.22469
1.22152
1.21835
1.21518
1.21202
1.20886
1.2057
1.20255
1.1994
1.19626
1.19312
1.18998
1.18685
1.18372
1.18059
1.17747
1.17435
1.17123
1.16812
1.16501
1.1619
1.1588
1.1557
1.1526
1.14951
1.14642
1.14334
1.14026
1.13718
1.1341
1.13103
1.12796
1.1249
1.12184
1.11878
1.11572
1.11267
1.10962
1.10658
1.10354
1.1005
1.09747
1.09444
1.09141
1.08838
1.08536
1.08234
1.07933
1.07632
1.07331
1.07031
1.0673
1.06431
1.06131
1.05832
1.05533
1.05235
1.04936
1.04639
1.04341
1.04044
1.03747
1.0345
1.03154
1.02858
1.02563
1.02267
1.01972
1.01678
1.01383
1.01089
1.00796
1.00502
1.00209
0.999166
0.996241
0.99332
0.990402
0.987487
0.984575
0.981667
0.978761
0.975859
0.972959
0.970063
0.96717
0.96428
0.961393
0.958509
0.955628
0.95275
0.949875
0.947004
0.944135
0.941269
0.938407
0.935547
0.932691
0.929837
0.926987
0.924139
0.921295
0.918453
0.915615
0.912779
0.909947
0.907117
0.904291
0.901467
0.898647
0.895829
0.893014
0.890202
0.887394
0.884588
0.881785
0.878985
0.876188
0.873394
0.870602
0.867814
0.865029
0.862246
0.859466
0.85669
0.853916
0.851145
0.848377
0.845611
0.842849
0.840089
0.837333
0.834579
0.831828
0.82908
0.826335
0.823592
0.820852
0.818116
0.815382
0.81265
0.809922
0.807196
0.804474
0.801754
0.799037
0.796322
0.793611
0.790902
0.788196
0.785492
0.782792
0.780094
0.777399
0.774707
0.772017
0.76933
0.766646
0.763965
0.761286
0.75861
0.755937
0.753267
0.750599
0.747934
0.745272
0.742612
0.739955
0.737301
0.734649
0.732
0.729354
0.72671
0.724069
0.721431
0.718796
0.716163
0.713532
0.710905
0.70828
0.705657
0.703038
0.70042
0.697806
0.695194
0.692585
0.689978
0.687374
0.684773
0.682174
0.679578
0.676984
0.674393
0.671804
0.669218
0.666635
0.664054
0.661476
0.6589
0.656327
0.653757
0.651189
0.648623
0.64606
0.6435
0.640942
0.638387
0.635834
0.633284
0.630736
0.628191
0.625648
0.623108
0.62057
0.618035
0.615502
0.612972
0.610444
0.607919
0.605396
0.602876
0.600358
0.597843
0.59533
0.592819
0.590311
0.587806
0.585303
0.582802
0.580304
0.577808
0.575315
0.572824
0.570335
0.567849
0.565366
0.562884
0.560405
0.557929
0.555455
0.552983
0.550514
0.548047
0.545583
0.543121
0.540661
0.538204
0.535749
0.533297
0.530846
0.528399
0.525953
0.52351
0.521069
0.518631
0.516195
0.513761
0.51133
0.508901
0.506474
0.50405
0.501628
0.499208
0.496791
0.494376
0.491963
0.489553
0.487144
0.484739
0.482335
0.479934
0.477535
0.475138
0.472744
0.470352
0.467962
0.465574
0.463189
0.460806
0.458425
0.456047
0.453671
0.451297
0.448925
0.446556
0.444188
0.441823
0.439461
0.4371
0.434742
0.432386
0.430032
0.42768
0.425331
0.422984
0.420639
0.418296
0.415956
0.413617
0.411281
0.408947
0.406616
0.404286
0.401959
0.399634
0.397311
0.39499
0.392671
0.390355
0.388041
0.385729
0.383419
0.381111
0.378805
0.376502
0.3742
0.371901
0.369604
0.367309
0.365017
0.362726
0.360437
0.358151
0.355867
0.353585
0.351305
0.349027
0.346751
0.344478
0.342206
0.339937
0.337669
0.335404
0.333141
0.33088
0.328621
0.326364
0.324109
0.321857
0.319606
0.317358
0.315111
0.312867
0.310625
0.308384
0.306146
0.30391
0.301676
0.299444
0.297214
0.294986
0.29276
0.290537
0.288315
0.286095
0.283877
0.281662
0.279448
0.277237
0.275027
0.27282
0.270614
0.26841
0.266209
0.264009
0.261812
0.259616
0.257423
0.255232
0.253042
0.250855
0.248669
0.246486
0.244304
0.242125
0.239947
0.237771
0.235598
0.233426
0.231257
0.229089
0.226923
0.224759
0.222598
0.220438
0.21828
0.216124
0.21397
0.211818
0.209668
0.20752
0.205373
0.203229
0.201087
0.198946
0.196808
0.194671
0.192537
0.190404
0.188273
0.186144
0.184017
0.181892
0.179769
0.177648
0.175529
0.173411
0.171296
0.169182
0.16707
0.16496
0.162852
0.160746
0.158642
0.15654
0.15444
0.152341
0.150244
0.148149
0.146057
0.143965
0.141876
0.139789
0.137703
0.13562
0.133538
0.131458
0.12938
0.127304
0.12523
0.123157
0.121086
0.119018
0.116951
0.114885
0.112822
0.110761
0.108701
0.106643
0.104587
0.102533
0.10048
0.0984298
0.096381
0.0943341
0.092289
0.0902456
0.0882041
0.0861644
0.0841264
0.0820903
0.080056
0.0780234
0.0759927
0.0739637
0.0719365
0.0699112
0.0678875
0.0658657
0.0638457
0.0618274
0.0598109
0.0577962
0.0557832
0.053772
0.0517626
0.0497549
0.047749
0.0457448
0.0437424
0.0417418
0.0397429
0.0377458
0.0357504
0.0337567
0.0317648
0.0297746
0.0277862
0.0257995
0.0238146
0.0218314
0.0198499
0.0178701
0.015892
0.0139157
0.0119411
0.00996826
0.00799711
0.00602766
0.00405994
0.00209392
0.00012961
-0.00183299
-0.00379389
-0.00575308
-0.00771057
-0.00966637
-0.0116205
-0.0135729
-0.0155236
-0.0174726
-0.0194199
-0.0213656
-0.0233095
-0.0252518
-0.0271924
-0.0291313
-0.0310685
-0.0330041
-0.034938
-0.0368702
-0.0388008
-0.0407297
-0.0426569
-0.0445824
-0.0465063
-0.0484286
-0.0503491
-0.0522681
-0.0541853
-0.056101
-0.0580149
-0.0599273
-0.0618379
-0.063747
-0.0656544
-0.0675601
-0.0694643
-0.0713667
-0.0732676
-0.0751668
-0.0770644
-0.0789604
-0.0808547
-0.0827474
-0.0846385
-0.086528
-0.0884158
-0.090302
-0.0921867
-0.0940697
-0.0959511
-0.0978308
-0.099709
-0.101586
-0.103461
-0.105334
-0.107206
-0.109076
-0.110944
-0.112811
-0.114677
-0.116541
-0.118403
-0.120263
-0.122122
-0.12398
-0.125836
-0.12769
-0.129543
-0.131394
-0.133243
-0.135091
-0.136938
-0.138783
-0.140626
-0.142468
-0.144308
-0.146146
-0.147984
-0.149819
-0.151653
-0.153485
-0.155316
-0.157145
-0.158973
-0.160799
-0.162624
-0.164447
-0.166268
-0.168088
-0.169907
-0.171724
-0.173539
-0.175353
-0.177165
-0.178976
-0.180785
-0.182593
-0.184399
-0.186204
-0.188007
-0.189809
-0.191609
-0.193407
-0.195204
-0.197
-0.198794
-0.200587
-0.202378
-0.204167
-0.205955
-0.207742
-0.209527
-0.21131
-0.213092
-0.214873
-0.216652
-0.218429
-0.220205
-0.22198
-0.223753
-0.225525
-0.227295
-0.229063
-0.23083
-0.232596
-0.23436
-0.236123
-0.237884
-0.239644
-0.241402
-0.243159
-0.244914
-0.246668
-0.24842
-0.250171
-0.251921
-0.253669
-0.255415
-0.25716
-0.258904
-0.260646
-0.262387
-0.264126
-0.265864
-0.2676
-0.269335
-0.271069
-0.272801
-0.274531
-0.27626
-0.277988
-0.279714
-0.281439
-0.283162
-0.284884
-0.286605
-0.288324
-0.290042
-0.291758
-0.293473
-0.295186
-0.296898
-0.298609
-0.300318
-0.302025
-0.303732
-0.305436
-0.30714
-0.308842
-0.310543
-0.312242
-0.31394
-0.315636
-0.317331
-0.319025
-0.320717
-0.322408
-0.324097
-0.325785
-0.327472
-0.329157
-0.330841
-0.332523
-0.334204
-0.335884
-0.337562
-0.339239
-0.340914
-0.342588
-0.344261
-0.345932
-0.347602
-0.349271
-0.350938
-0.352604
-0.354268
-0.355931
-0.357593
-0.359253
-0.360912
-0.36257
-0.364226
-0.365881
-0.367534
-0.369187
-0.370837
-0.372487
-0.374135
-0.375782
-0.377427
-0.379071
-0.380714
-0.382355
-0.383995
-0.385633
-0.387271
-0.388907
-0.390541
-0.392174
-0.393806
-0.395437
-0.397066
-0.398694
-0.40032
-0.401946
-0.403569
-0.405192
-0.406813
-0.408433
-0.410052
-0.411669
-0.413285
-0.414899
-0.416513
-0.418125
-0.419735
-0.421344
-0.422952
-0.424559
-0.426164
-0.427769
-0.429371
-0.430973
-0.432573
-0.434172
-0.435769
-0.437365
-0.43896
-0.440554
-0.442146
-0.443737
-0.445327
-0.446915
-0.448502
-0.450088
-0.451672
-0.453256
-0.454838
-0.456418
-0.457998
-0.459576
-0.461152
-0.462728
-0.464302
-0.465875
-0.467447
-0.469017
-0.470586
-0.472154
-0.47372
-0.475286
-0.47685
-0.478412
-0.479974
-0.481534
-0.483093
-0.48465
-0.486207
-0.487762
-0.489316
-0.490868
-0.49242
-0.49397
-0.495518
-0.497066
-0.498612
-0.500157
-0.501701
-0.503243
-0.504785
-0.506325
-0.507863
-0.509401
-0.510937
-0.512472
-0.514006
-0.515539
-0.51707
-0.5186
-0.520129
-0.521656
-0.523183
-0.524708
-0.526231
-0.527754
-0.529275
-0.530796
-0.532315
-0.533832
-0.535349
-0.536864
-0.538378
-0.539891
-0.541402
-0.542913
-0.544422
-0.54593
-0.547436
-0.548942
-0.550446
-0.551949
-0.553451
-0.554951
-0.556451
-0.557949
-0.559446
-0.560942
-0.562436
-0.56393
-0.565422
-0.566913
-0.568402
-0.569891
-0.571378
-0.572864
-0.574349
-0.575833
-0.577316
-0.578797
-0.580277
-0.581756
-0.583234
-0.58471
-0.586186
-0.58766
-0.589133
-0.590605
-0.592075
-0.593545
-0.595013
-0.59648
-0.597946
-0.59941
-0.600874
-0.602336
-0.603797
-0.605257
-0.606716
-0.608174
-0.60963
-0.611086
-0.61254
-0.613993
-0.615444
-0.616895
-0.618344
-0.619793
-0.62124
-0.622686
-0.624131
-0.625574
-0.627017
-0.628458
-0.629898
-0.631337
-0.632775
-0.634212
-0.635647
-0.637081
-0.638515
-0.639947
-0.641378
-0.642807
-0.644236
-0.645663
-0.64709
-0.648515
-0.649939
-0.651362
-0.652784
-0.654204
-0.655624
-0.657042
-0.658459
-0.659875
-0.66129
-0.662704
-0.664116
-0.665528
-0.666938
-0.668347
-0.669756
-0.671163
-0.672568
-0.673973
-0.675377
-0.676779
-0.67818
-0.679581
-0.68098
-0.682378
-0.683775
-0.68517
-0.686565
-0.687958
-0.689351
-0.690742
-0.692132
-0.693521
-0.694909
-0.696296
-0.697682
-0.699066
-0.70045
-0.701832
-0.703213
-0.704593
-0.705972
-0.70735
-0.708727
-0.710103
-0.711477
-0.712851
-0.714223
-0.715595
-0.716965
-0.718334
-0.719702
-0.721069
-0.722435
-0.7238
-0.725163
-0.726526
-0.727887
-0.729248
-0.730607
-0.731965
-0.733322
-0.734678
-0.736033
-0.737387
-0.73874
-0.740092
-0.741442
-0.742792
-0.74414
-0.745488
-0.746834
-0.748179
-0.749523
-0.750866
-0.752208
-0.753549
-0.754889
-0.756228
-0.757565
-0.758902
-0.760238
-0.761572
-0.762905
-0.764238
-0.765569
-0.766899
-0.768228
-0.769557
-0.770884
-0.77221
-0.773534
-0.774858
-0.776181
-0.777503
-0.778824
-0.780143
-0.781462
-0.782779
-0.784096
-0.785411
-0.786725
-0.788039
-0.789351
-0.790662
-0.791972
-0.793281
-0.794589
-0.795896
-0.797202
-0.798507
-0.799811
-0.801114
-0.802416
-0.803717
-0.805016
-0.806315
-0.807613
-0.808909
-0.810205
-0.811499
-0.812793
-0.814085
-0.815377
-0.816667
-0.817956
-0.819245
-0.820532
-0.821818
-0.823103
-0.824388
-0.825671
-0.826953
-0.828234
-0.829514
-0.830793
-0.832071
-0.833348
-0.834624
-0.835899
-0.837173
-0.838446
-0.839718
-0.840989
-0.842259
-0.843528
-0.844796
-0.846062
-0.847328
-0.848593
-0.849857
-0.85112
-0.852381
-0.853642
-0.854902
-0.856161
-0.857418
-0.858675
-0.859931
-0.861186
-0.862439
-0.863692
-0.864944
-0.866195
-0.867444
-0.868693
-0.869941
-0.871187
-0.872433
-0.873678
-0.874922
-0.876164
-0.877406
-0.878647
-0.879887
-0.881125
-0.882363
-0.8836
-0.884836
-0.88607
-0.887304
-0.888537
-0.889769
-0.891
-0.89223
-0.893458
-0.894686
-0.895913
-0.897139
-0.898364
-0.899588
-0.900811
-0.902033
-0.903254
-0.904474
-0.905693
-0.906911
-0.908128
-0.909344
-0.91056
-0.911774
-0.912987
-0.914199
-0.91541
-0.916621
-0.91783
-0.919038
-0.920246
-0.921452
-0.922658
-0.923862
-0.925066
-0.926268
-0.92747
-0.92867
-0.92987
-0.931069
-0.932266
-0.933463
-0.934659
-0.935854
-0.937048
-0.938241
-0.939433
-0.940624
-0.941814
-0.943003
-0.944191
-0.945378
-0.946564
-0.94775
-0.948934
-0.950117
-0.9513
-0.952481
-0.953662
-0.954841
-0.95602
-0.957198
-0.958374
-0.95955
-0.960725
-0.961899
-0.963072
-0.964244
-0.965415
-0.966585
-0.967754
-0.968923
-0.97009
-0.971256
-0.972422
-0.973586
-0.97475
-0.975912
-0.977074
-0.978235
-0.979395
-0.980553
-0.981711
-0.982868
-0.984025
-0.98518
-0.986334
-0.987487
-0.98864
-0.989791
-0.990941
-0.992091
-0.99324
-0.994387
-0.995534
-0.99668
-0.997825
-0.998969
-1.00011
-1.00125
-1.0024
-1.00354
-1.00468
-1.00581
-1.00695
-1.00809
-1.00922
-1.01036
-1.01149
-1.01263
-1.01376
-1.01489
-1.01602
-1.01715
-1.01828
-1.0194
-1.02053
-1.02166
-1.02278
-1.02391
-1.02503
-1.02615
-1.02727
-1.02839
-1.02951
-1.03063
-1.03175
-1.03286
-1.03398
-1.03509
-1.03621
-1.03732
-1.03843
-1.03954
-1.04065
-1.04176
-1.04287
-1.04398
-1.04509
-1.04619
-1.0473
-1.0484
-1.04951
-1.05061
-1.05171
-1.05281
-1.05391
-1.05501
-1.05611
-1.0572
-1.0583
-1.05939
-1.06049
-1.06158
-1.06267
-1.06376
-1.06486
-1.06595
-1.06703
-1.06812
-1.06921
-1.0703
-1.07138
-1.07247
-1.07355
-1.07463
-1.07571
-1.07679
-1.07787
-1.07895
-1.08003
-1.08111
-1.08219
-1.08326
-1.08434
-1.08541
-1.08648
-1.08756
-1.08863
-1.0897
-1.09077
-1.09184
-1.0929
-1.09397
-1.09504
-1.0961
-1.09717
-1.09823
-1.09929
-1.10035
-1.10141
-1.10247
-1.10353
-1.10459
-1.10565
-1.10671
-1.10776
-1.10882
-1.10987
-1.11092
-1.11198
-1.11303
-1.11408
-1.11513
-1.11618
-1.11722
-1.11827
-1.11932
-1.12036
-1.12141
-1.12245
-1.12349
-1.12454
-1.12558
-1.12662
-1.12766
-1.12869
-1.12973
-1.13077
-1.1318
-1.13284
-1.13387
-1.13491
-1.13594
-1.13697
-1.138
-1.13903
-1.14006
-1.14109
-1.14212
-1.14314
-1.14417
-1.1452
-1.14622
-1.14724
-1.14826
-1.14929
-1.15031
-1.15133
-1.15235
-1.15336
-1.15438
-1.1554
-1.15641
-1.15743
-1.15844
-1.15946
-1.16047
-1.16148
-1.16249
-1.1635
-1.16451
-1.16552
-1.16653
-1.16753
-1.16854
-1.16954
-1.17055
-1.17155
-1.17255
-1.17355
-1.17455
-1.17555
-1.17655
-1.17755
-1.17855
-1.17954
-1.18054
-1.18154
-1.18253
-1.18352
-1.18452
-1.18551
-1.1865
-1.18749
-1.18848
-1.18947
-1.19045
-1.19144
-1.19243
-1.19341
-1.19439
-1.19538
-1.19636
-1.19734
-1.19832
-1.1993
-1.20028
-1.20126
-1.20224
-1.20322
-1.20419
-1.20517
-1.20614
-1.20712
-1.20809
-1.20906
-1.21003
-1.211
-1.21197
-1.21294
-1.21391
-1.21487
-1.21584
-1.21681
-1.21777
-1.21874
-1.2197
-1.22066
-1.22162
-1.22258
-1.22354
-1.2245
-1.22546
-1.22642
-1.22737
-1.22833
-1.22929
-1.23024
-1.23119
-1.23215
-1.2331
-1.23405
-1.235
-1.23595
-1.2369
-1.23784
-1.23879
-1.23974
-1.24068
-1.24163
-1.24257
-1.24352
-1.24446
-1.2454
-1.24634
-1.24728
-1.24822
-1.24916
-1.25009
-1.25103
-1.25197
-1.2529
-1.25384
-1.25477
-1.2557
-1.25664
-1.25757
-1.2585
-1.25943
-1.26036
-1.26128
-1.26221
-1.26314
-1.26406
-1.26499
-1.26591
-1.26684
-1.26776
-1.26868
-1.2696
-1.27052
-1.27144
-1.27236
-1.27328
-1.27419
-1.27511
-1.27603
-1.27694
-1.27786
-1.27877
-1.27968
-1.28059
-1.2815
-1.28241
-1.28332
-1.28423
-1.28514
-1.28605
-1.28695
-1.28786
-1.28876
-1.28967
-1.29057
-1.29147
-1.29237
-1.29327
-1.29418
-1.29507
-1.29597
-1.29687
-1.29777
-1.29866
-1.29956
-1.30045
-1.30135
-1.30224
-1.30313
-1.30403
-1.30492
-1.30581
-1.3067
-1.30758
-1.30847
-1.30936
-1.31025
-1.31113
-1.31202
-1.3129
-1.31378
-1.31467
-1.31555
-1.31643
-1.31731
-1.31819
-1.31907
-1.31994
-1.32082
-1.3217
-1.32257
-1.32345
-1.32432
-1.3252
-1.32607
-1.32694
-1.32781
-1.32868
-1.32955
-1.33042
-1.33129
-1.33216
-1.33302
-1.33389
-1.33475
-1.33562
-1.33648
-1.33734
-1.33821
-1.33907
-1.33993
-1.34079
-1.34165
-1.34251
-1.34336
-1.34422
-1.34508
-1.34593
-1.34679
-1.34764
-1.34849
-1.34935
-1.3502
-1.35105
-1.3519
-1.35275
-1.3536
-1.35444
-1.35529
-1.35614
-1.35698
-1.35783
-1.35867
-1.35952
-1.36036
-1.3612
-1.36204
-1.36288
-1.36372
-1.36456
-1.3654
-1.36624
-1.36707
-1.36791
-1.36874
-1.36958
-1.37041
-1.37125
-1.37208
-1.37291
-1.37374
-1.37457
-1.3754
-1.37623
-1.37706
-1.37789
-1.37871
-1.37954
-1.38036
-1.38119
-1.38201
-1.38283
-1.38366
-1.38448
-1.3853
-1.38612
-1.38694
-1.38776
-1.38857
-1.38939
-1.39021
-1.39102
-1.39184
-1.39265
-1.39347
-1.39428
-1.39509
-1.3959
-1.39671
-1.39752
-1.39833
-1.39914
-1.39995
-1.40075
-1.40156
-1.40237
-1.40317
-1.40397
-1.40478
-1.40558
-1.40638
-1.40718
-1.40798
-1.40878
-1.40958
-1.41038
-1.41118
-1.41197
-1.41277
-1.41357
-1.41436
-1.41516
-1.41595
-1.41674
-1.41753
-1.41832
-1.41911
-1.4199
-1.42069
-1.42148
-1.42227
-1.42306
-1.42384
-1.42463
-1.42541
-1.4262
-1.42698
-1.42776
-1.42854
-1.42933
-1.43011
-1.43089
-1.43166
-1.43244
-1.43322
-1.434
-1.43477
-1.43555
-1.43632
-1.4371
-1.43787
-1.43864
-1.43942
-1.44019
-1.44096
-1.44173
-1.4425
-1.44327
-1.44403
-1.4448
-1.44557
-1.44633
-1.4471
-1.44786
-1.44863
-1.44939
-1.45015
-1.45091
-1.45167
-1.45243
-1.45319
-1.45395
-1.45471
-1.45547
-1.45622
-1.45698
-1.45773
-1.45849
-1.45924
-1.45999
-1.46075
-1.4615
-1.46225
-1.463
-1.46375
-1.4645
-1.46525
-1.46599
-1.46674
-1.46749
-1.46823
-1.46898
-1.46972
-1.47046
-1.47121
-1.47195
-1.47269
-1.47343
-1.47417
-1.47491
-1.47565
-1.47639
-1.47712
-1.47786
-1.4786
-1.47933
-1.48007
-1.4808
-1.48153
-1.48226
-1.483
-1.48373
-1.48446
-1.48519
-1.48592
-1.48664
-1.48737
-1.4881
-1.48883
-1.48955
-1.49028
-1.491
-1.49172
-1.49245
-1.49317
-1.49389
-1.49461
-1.49533
-1.49605
-1.49677
-1.49749
-1.4982
-1.49892
-1.49964
-1.50035
-1.50107
-1.50178
-1.50249
-1.50321
-1.50392
-1.50463
-1.50534
-1.50605
-1.50676
-1.50747
-1.50817
-1.50888
-1.50959
-1.51029
-1.511
-1.5117
-1.51241
-1.51311
-1.51381
-1.51451
-1.51522
-1.51592
-1.51662
-1.51731
-1.51801
-1.51871
-1.51941
-1.5201
-1.5208
-1.5215
-1.52219
-1.52288
-1.52358
-1.52427
-1.52496
-1.52565
-1.52634
-1.52703
-1.52772
-1.52841
-1.5291
-1.52978
-1.53047
-1.53116
-1.53184
-1.53252
-1.53321
-1.53389
-1.53457
-1.53526
-1.53594
-1.53662
-1.5373
-1.53798
-1.53865
-1.53933
-1.54001
-1.54068
-1.54136
-1.54204
-1.54271
-1.54338
-1.54406
-1.54473
-1.5454
-1.54607
-1.54674
-1.54741
-1.54808
-1.54875
-1.54942
-1.55008
-1.55075
-1.55142
-1.55208
-1.55275
-1.55341
-1.55407
-1.55474
-1.5554
-1.55606
-1.55672
-1.55738
-1.55804
-1.5587
-1.55936
-1.56001
-1.56067
-1.56133
-1.56198
-1.56264
-1.56329
-1.56394
-1.5646
-1.56525
-1.5659
-1.56655
-1.5672
-1.56785
-1.5685
-1.56915
-1.56979
-1.57044
-1.57109
-1.57173
-1.57238
-1.57302
-1.57366
-1.57431
-1.57495
-1.57559
-1.57623
-1.57687
-1.57751
-1.57815
-1.57879
-1.57943
-1.58006
-1.5807
-1.58134
-1.58197
-1.58261
-1.58324
-1.58387
-1.58451
-1.58514
-1.58577
-1.5864
-1.58703
-1.58766
-1.58829
-1.58892
-1.58954
-1.59017
-1.5908
-1.59142
-1.59205
-1.59267
-1.59329
-1.59392
-1.59454
-1.59516
-1.59578
-1.5964
-1.59702
-1.59764
-1.59826
-1.59888
-1.5995
-1.60011
-1.60073
-1.60134
-1.60196
-1.60257
-1.60318
-1.6038
-1.60441
-1.60502
-1.60563
-1.60624
-1.60685
-1.60746
-1.60807
-1.60868
-1.60928
-1.60989
-1.6105
-1.6111
-1.6117
-1.61231
-1.61291
-1.61351
-1.61412
-1.61472
-1.61532
-1.61592
-1.61652
-1.61712
-1.61771
-1.61831
-1.61891
-1.6195
-1.6201
-1.62069
-1.62129
-1.62188
-1.62248
-1.62307
-1.62366
-1.62425
-1.62484
-1.62543
-1.62602
-1.62661
-1.6272
-1.62779
-1.62837
-1.62896
-1.62954
-1.63013
-1.63071
-1.6313
-1.63188
-1.63246
-1.63304
-1.63362
-1.6342
-1.63478
-1.63536
-1.63594
-1.63652
-1.6371
-1.63767
-1.63825
-1.63883
-1.6394
-1.63998
-1.64055
-1.64112
-1.64169
-1.64227
-1.64284
-1.64341
-1.64398
-1.64455
-1.64512
-1.64568
-1.64625
-1.64682
-1.64738
-1.64795
-1.64851
-1.64908
-1.64964
-1.6502
-1.65077
-1.65133
-1.65189
-1.65245
-1.65301
-1.65357
-1.65413
-1.65469
-1.65524
-1.6558
-1.65636
-1.65691
-1.65747
-1.65802
-1.65858
-1.65913
-1.65968
-1.66023
-1.66079
-1.66134
-1.66189
-1.66244
-1.66298
-1.66353
-1.66408
-1.66463
-1.66517
-1.66572
-1.66626
-1.66681
-1.66735
-1.6679
-1.66844
-1.66898
-1.66952
-1.67006
-1.6706
-1.67114
-1.67168
-1.67222
-1.67276
-1.6733
-1.67383
-1.67437
-1.6749
-1.67544
-1.67597
-1.67651
-1.67704
-1.67757
-1.6781
-1.67863
-1.67916
-1.67969
-1.68022
-1.68075
-1.68128
-1.68181
-1.68233
-1.68286
-1.68339
-1.68391
-1.68444
-1.68496
-1.68548
-1.686
-1.68653
-1.68705
-1.68757
-1.68809
-1.68861
-1.68913
-1.68965
-1.69016
-1.69068
-1.6912
-1.69171
-1.69223
-1.69274
-1.69326
-1.69377
-1.69428
-1.6948
-1.69531
-1.69582
-1.69633
-1.69684
-1.69735
-1.69786
-1.69837
-1.69887
-1.69938
-1.69989
-1.70039
-1.7009
-1.7014
-1.7019
-1.70241
-1.70291
-1.70341
-1.70391
-1.70442
-1.70492
-1.70542
-1.70591
-1.70641
-1.70691
-1.70741
-1.7079
-1.7084
-1.7089
-1.70939
-1.70989
-1.71038
-1.71087
-1.71136
-1.71186
-1.71235
-1.71284
-1.71333
-1.71382
-1.71431
-1.7148
-1.71528
-1.71577
-1.71626
-1.71674
-1.71723
-1.71771
-1.7182
-1.71868
-1.71916
-1.71965
-1.72013
-1.72061
-1.72109
-1.72157
-1.72205
-1.72253
-1.72301
-1.72348
-1.72396
-1.72444
-1.72491
-1.72539
-1.72586
-1.72634
-1.72681
-1.72728
-1.72775
-1.72823
-1.7287
-1.72917
-1.72964
-1.73011
-1.73058
-1.73104
-1.73151
-1.73198
-1.73244
-1.73291
-1.73338
-1.73384
-1.7343
-1.73477
-1.73523
-1.73569
-1.73615
-1.73662
-1.73708
-1.73754
-1.738
-1.73845
-1.73891
-1.73937
-1.73983
-1.74028
-1.74074
-1.74119
-1.74165
-1.7421
-1.74256
-1.74301
-1.74346
-1.74391
-1.74436
-1.74481
-1.74526
-1.74571
-1.74616
-1.74661
-1.74706
-1.74751
-1.74795
-1.7484
-1.74884
-1.74929
-1.74973
-1.75018
-1.75062
-1.75106
-1.7515
-1.75194
-1.75238
-1.75282
-1.75326
-1.7537
-1.75414
-1.75458
-1.75502
-1.75545
-1.75589
-1.75632
-1.75676
-1.75719
-1.75763
-1.75806
-1.75849
-1.75892
-1.75935
-1.75978
-1.76021
-1.76064
-1.76107
-1.7615
-1.76193
-1.76236
-1.76278
-1.76321
-1.76363
-1.76406
-1.76448
-1.76491
-1.76533
-1.76575
-1.76618
-1.7666
-1.76702
-1.76744
-1.76786
-1.76828
-1.7687
-1.76911
-1.76953
-1.76995
-1.77036
-1.77078
-1.77119
-1.77161
-1.77202
-1.77244
-1.77285
-1.77326
-1.77367
-1.77408
-1.77449
-1.7749
-1.77531
-1.77572
-1.77613
-1.77654
-1.77695
-1.77735
-1.77776
-1.77816
-1.77857
-1.77897
-1.77938
-1.77978
-1.78018
-1.78058
-1.78098
-1.78139
-1.78179
-1.78219
-1.78258
-1.78298
-1.78338
-1.78378
-1.78417
-1.78457
-1.78497
-1.78536
-1.78576
-1.78615
-1.78654
-1.78694
-1.78733
-1.78772
-1.78811
-1.7885
-1.78889
-1.78928
-1.78967
-1.79006
-1.79044
-1.79083
-1.79122
-1.7916
-1.79199
-1.79237
-1.79276
-1.79314
-1.79353
-1.79391
-1.79429
-1.79467
-1.79505
-1.79543
-1.79581
-1.79619
-1.79657
-1.79695
-1.79732
-1.7977
-1.79808
-1.79845
-1.79883
-1.7992
-1.79958
-1.79995
-1.80032
-1.8007
-1.80107
-1.80144
-1.80181
-1.80218
-1.80255
-1.80292
-1.80329
-1.80365
-1.80402
-1.80439
-1.80475
-1.80512
-1.80548
-1.80585
-1.80621
-1.80658
-1.80694
-1.8073
-1.80766
-1.80802
-1.80838
-1.80874
-1.8091
-1.80946
-1.80982
-1.81018
-1.81053
-1.81089
-1.81125
-1.8116
-1.81196
-1.81231
-1.81266
-1.81302
-1.81337
-1.81372
-1.81407
-1.81442
-1.81477
-1.81512
-1.81547
-1.81582
-1.81617
-1.81652
-1.81686
-1.81721
-1.81756
-1.8179
-1.81825
-1.81859
-1.81893
-1.81928
-1.81962
-1.81996
-1.8203
-1.82064
-1.82098
-1.82132
-1.82166
-1.822
-1.82234
-1.82268
-1.82301
-1.82335
-1.82369
-1.82402
-1.82436
-1.82469
-1.82502
-1.82536
-1.82569
-1.82602
-1.82635
-1.82668
-1.82701
-1.82734
-1.82767
-1.828
-1.82833
-1.82866
-1.82898
-1.82931
-1.82963
-1.82996
-1.83028
-1.83061
-1.83093
-1.83126
-1.83158
-1.8319
-1.83222
-1.83254
-1.83286
-1.83318
-1.8335
-1.83382
-1.83414
-1.83445
-1.83477
-1.83509
-1.8354
-1.83572
-1.83603
-1.83635
-1.83666
-1.83697
-1.83729
-1.8376
-1.83791
-1.83822
-1.83853
-1.83884
-1.83915
-1.83946
-1.83977
-1.84007
-1.84038
-1.84069
-1.84099
-1.8413
-1.8416
-1.84191
-1.84221
-1.84251
-1.84282
-1.84312
-1.84342
-1.84372
-1.84402
-1.84432
-1.84462
-1.84492
-1.84522
-1.84551
-1.84581
-1.84611
-1.8464
-1.8467
-1.84699
-1.84729
-1.84758
-1.84787
-1.84817
-1.84846
-1.84875
-1.84904
-1.84933
-1.84962
-1.84991
-1.8502
-1.85049
-1.85077
-1.85106
-1.85135
-1.85163
-1.85192
-1.8522
-1.85249
-1.85277
-1.85306
-1.85334
-1.85362
-1.8539
-1.85418
-1.85446
-1.85474
-1.85502
-1.8553
-1.85558
-1.85586
-1.85614
-1.85641
-1.85669
-1.85696
-1.85724
-1.85751
-1.85779
-1.85806
-1.85833
-1.85861
-1.85888
-1.85915
-1.85942
-1.85969
-1.85996
-1.86023
-1.8605
-1.86076
-1.86103
-1.8613
-1.86156
-1.86183
-1.8621
-1.86236
-1.86262
-1.86289
-1.86315
-1.86341
-1.86368
-1.86394
-1.8642
-1.86446
-1.86472
-1.86498
-1.86524
-1.86549
-1.86575
-1.86601
-1.86626
-1.86652
-1.86678
-1.86703
-1.86729
-1.86754
-1.86779
-1.86805
-1.8683
-1.86855
-1.8688
-1.86905
-1.8693
-1.86955
-1.8698
-1.87005
-1.87029
-1.87054
-1.87079
-1.87104
-1.87128
-1.87153
-1.87177
-1.87201
-1.87226
-1.8725
-1.87274
-1.87298
-1.87323
-1.87347
-1.87371
-1.87395
-1.87419
-1.87442
-1.87466
-1.8749
-1.87514
-1.87537
-1.87561
-1.87584
-1.87608
-1.87631
-1.87655
-1.87678
-1.87701
-1.87725
-1.87748
-1.87771
-1.87794
-1.87817
-1.8784
-1.87863
-1.87886
-1.87908
-1.87931
-1.87954
-1.87976
-1.87999
-1.88021
-1.88044
-1.88066
-1.88089
-1.88111
-1.88133
-1.88155
-1.88177
-1.882
-1.88222
-1.88243
-1.88265
-1.88287
-1.88309
-1.88331
-1.88353
-1.88374
-1.88396
-1.88417
-1.88439
-1.8846
-1.88482
-1.88503
-1.88524
-1.88545
-1.88567
-1.88588
-1.88609
-1.8863
-1.88651
-1.88672
-1.88692
-1.88713
-1.88734
-1.88755
-1.88775
-1.88796
-1.88816
-1.88837
-1.88857
-1.88878
-1.88898
-1.88918
-1.88938
-1.88958
-1.88979
-1.88999
-1.89019
-1.89039
-1.89058
-1.89078
-1.89098
-1.89118
-1.89137
-1.89157
-1.89177
-1.89196
-1.89215
-1.89235
-1.89254
-1.89273
-1.89293
-1.89312
-1.89331
-1.8935
-1.89369
-1.89388
-1.89407
-1.89426
-1.89445
-1.89463
-1.89482
-1.89501
-1.89519
-1.89538
-1.89556
-1.89575
-1.89593
-1.89611
-1.8963
-1.89648
-1.89666
-1.89684
-1.89702
-1.8972
-1.89738
-1.89756
-1.89774
-1.89792
-1.8981
-1.89827
-1.89845
-1.89862
-1.8988
-1.89897
-1.89915
-1.89932
-1.89949
-1.89967
-1.89984
-1.90001
-1.90018
-1.90035
-1.90052
-1.90069
-1.90086
-1.90103
-1.9012
-1.90136
-1.90153
-1.9017
-1.90186
-1.90203
-1.90219
-1.90236
-1.90252
-1.90268
-1.90285
-1.90301
-1.90317
-1.90333
-1.90349
-1.90365
-1.90381
-1.90397
-1.90413
-1.90428
-1.90444
-1.9046
-1.90475
-1.90491
-1.90506
-1.90522
-1.90537
-1.90553
-1.90568
-1.90583
-1.90598
-1.90613
-1.90628
-1.90643
-1.90658
-1.90673
-1.90688
-1.90703
-1.90718
-1.90733
-1.90747
-1.90762
-1.90776
-1.90791
-1.90805
-1.9082
-1.90834
-1.90848
-1.90862
-1.90877
-1.90891
-1.90905
-1.90919
-1.90933
-1.90947
-1.90961
-1.90974
-1.90988
-1.91002
-1.91015
-1.91029
-1.91043
-1.91056
-1.9107
-1.91083
-1.91096
-1.91109
-1.91123
-1.91136
-1.91149
-1.91162
-1.91175
-1.91188
-1.91201
-1.91214
-1.91227
-1.91239
-1.91252
-1.91265
-1.91277
-1.9129
-1.91302
-1.91315
-1.91327
-1.91339
-1.91352
-1.91364
-1.91376
-1.91388
-1.914
-1.91412
-1.91424
-1.91436
-1.91448
-1.9146
-1.91471
-1.91483
-1.91495
-1.91506
-1.91518
-1.91529
-1.91541
-1.91552
-1.91563
-1.91575
-1.91586
-1.91597
-1.91608
-1.91619
-1.9163
-1.91641
-1.91652
-1.91663
-1.91674
-1.91684
-1.91695
-1.91706
-1.91716
-1.91727
-1.91737
-1.91748
-1.91758
-1.91768
-1.91779
-1.91789
-1.91799
-1.91809
-1.91819
-1.91829
-1.91839
-1.91849
-1.91859
-1.91869
-1.91879
-1.91888
-1.91898
-1.91907
-1.91917
-1.91926
-1.91936
-1.91945
-1.91954
-1.91964
-1.91973
-1.91982
-1.91991
-1.92
-1.92009
-1.92018
-1.92027
-1.92036
-1.92045
-1.92053
-1.92062
-1.92071
-1.92079
-1.92088
-1.92096
-1.92105
-1.92113
-1.92121
-1.9213
-1.92138
-1.92146
-1.92154
-1.92162
-1.9217
-1.92178
-1.92186
-1.92194
-1.92202
-1.92209
-1.92217
-1.92225
-1.92232
-1.9224
-1.92247
-1.92255
-1.92262
-1.92269
-1.92277
-1.92284
-1.92291
-1.92298
-1.92305
-1.92312
-1.92319
-1.92326
-1.92333
-1.9234
-1.92347
-1.92353
-1.9236
-1.92366
-1.92373
-1.92379
-1.92386
-1.92392
-1.92399
-1.92405
-1.92411
-1.92417
-1.92423
-1.92429
-1.92435
-1.92441
-1.92447
-1.92453
-1.92459
-1.92465
-1.9247
-1.92476
-1.92481
-1.92487
-1.92492
-1.92498
-1.92503
-1.92509
-1.92514
-1.92519
-1.92524
-1.92529
-1.92534
-1.92539
-1.92544
-1.92549
-1.92554
-1.92559
-1.92564
-1.92568
-1.92573
-1.92578
-1.92582
-1.92587
-1.92591
-1.92595
-1.926
-1.92604
-1.92608
-1.92612
-1.92616
-1.92621
-1.92625
-1.92629
-1.92632
-1.92636
-1.9264
-1.92644
-1.92648
-1.92651
-1.92655
-1.92658
-1.92662
-1.92665
-1.92669
-1.92672
-1.92675
-1.92678
-1.92682
-1.92685
-1.92688
-1.92691
-1.92694
-1.92697
-1.927
-1.92702
-1.92705
-1.92708
-1.9271
-1.92713
-1.92716
-1.92718
-1.9272
-1.92723
-1.92725
-1.92727
-1.9273
-1.92732
-1.92734
-1.92736
-1.92738
-1.9274
-1.92742
-1.92744
-1.92746
-1.92747
-1.92749
-1.92751
-1.92752
-1.92754
-1.92755
-1.92757
-1.92758
-1.9276
-1.92761
-1.92762
-1.92763
-1.92764
-1.92765
-1.92766
-1.92767
-1.92768
-1.92769
-1.9277
-1.92771
-1.92771
-1.92772
-1.92773
-1.92773
-1.92774
-1.92774
-1.92775
-1.92775
-1.92775
-1.92775
-1.92776
-1.92776
-1.92776
-1.92776
-1.92776
-1.92776
-1.92776
-1.92775
-1.92775
-1.92775
-1.92775
-1.92774
-1.92774
-1.92773
-1.92773
-1.92772
-1.92771
-1.92771
-1.9277
-1.92769
-1.92768
-1.92767
-1.92766
-1.92765
-1.92764
-1.92763
-1.92762
-1.92761
-1.9276
-1.92758
-1.92757
-1.92755
-1.92754
-1.92752
-1.92751
-1.92749
-1.92747
-1.92746
-1.92744
-1.92742
-1.9274
-1.92738
-1.92736
-1.92734
-1.92732
-1.9273
-1.92727
-1.92725
-1.92723
-1.9272
-1.92718
-1.92716
-1.92713
-1.9271
-1.92708
-1.92705
-1.92702
-1.927
-1.92697
-1.92694
-1.92691
-1.92688
-1.92685
-1.92682
-1.92678
-1.92675
-1.92672
-1.92669
-1.92665
-1.92662
-1.92658
-1.92655
-1.92651
-1.92648
-1.92644
-1.9264
-1.92636
-1.92632
-1.92629
-1.92625
-1.92621
-1.92616
-1.92612
-1.92608
-1.92604
-1.926
-1.92595
-1.92591
-1.92587
-1.92582
-1.92578
-1.92573
-1.92568
-1.92564
-1.92559
-1.92554
-1.92549
-1.92544
-1.92539
-1.92534
-1.92529
-1.92524
-1.92519
-1.92514
-1.92509
-1.92503
-1.92498
-1.92492
-1.92487
-1.92481
-1.92476
-1.9247
-1.92465
-1.92459
-1.92453
-1.92447
-1.92441
-1.92435
-1.92429
-1.92423
-1.92417
-1.92411
-1.92405
-1.92399
-1.92392
-1.92386
-1.92379
-1.92373
-1.92366
-1.9236
-1.92353
-1.92347
-1.9234
-1.92333
-1.92326
-1.92319
-1.92312
-1.92305
-1.92298
-1.92291
-1.92284
-1.92277
-1.92269
-1.92262
-1.92255
-1.92247
-1.9224
-1.92232
-1.92225
-1.92217
-1.92209
-1.92202
-1.92194
-1.92186
-1.92178
-1.9217
-1.92162
-1.92154
-1.92146
-1.92138
-1.9213
-1.92121
-1.92113
-1.92105
-1.92096
-1.92088
-1.92079
-1.92071
-1.92062
-1.92053
-1.92045
-1.92036
-1.92027
-1.92018
-1.92009
-1.92
-1.91991
-1.91982
-1.91973
-1.91964
-1.91954
-1.91945
-1.91936
-1.91926
-1.91917
-1.91907
-1.91898
-1.91888
-1.91879
-1.91869
-1.91859
-1.91849
-1.91839
-1.91829
-1.91819
-1.91809
-1.91799
-1.91789
-1.91779
-1.91768
-1.91758
-1.91748
-1.91737
-1.91727
-1.91716
-1.91706
-1.91695
-1.91684
-1.91674
-1.91663
-1.91652
-1.91641
-1.9163
-1.91619
-1.91608
-1.91597
-1.91586
-1.91575
-1.91563
-1.91552
-1.91541
-1.91529
-1.91518
-1.91506
-1.91495
-1.91483
-1.91471
-1.9146
-1.91448
-1.91436
-1.91424
-1.91412
-1.914
-1.91388
-1.91376
-1.91364
-1.91352
-1.91339
-1.91327
-1.91315
-1.91302
-1.9129
-1.91277
-1.91265
-1.91252
-1.91239
-1.91227
-1.91214
-1.91201
-1.91188
-1.91175
-1.91162
-1.91149
-1.91136
-1.91123
-1.91109
-1.91096
-1.91083
-1.9107
-1.91056
-1.91043
-1.91029
-1.91015
-1.91002
-1.90988
-1.90974
-1.90961
-1.90947
-1.90933
-1.90919
-1.90905
-1.90891
-1.90877
-1.90862
-1.90848
-1.90834
-1.9082
-1.90805
-1.90791
-1.90776
-1.90762
-1.90747
-1.90733
-1.90718
-1.90703
-1.90688
-1.90673
-1.90658
-1.90643
-1.90628
-1.90613
-1.90598
-1.90583
-1.90568
-1.90553
-1.90537
-1.90522
-1.90506
-1.90491
-1.90475
-1.9046
-1.90444
-1.90428
-1.90413
-1.90397
-1.90381
-1.90365
-1.90349
-1.90333
-1.90317
-1.90301
-1.90285
-1.90268
-1.90252
-1.90236
-1.90219
-1.90203
-1.90186
-1.9017
-1.90153
-1.90136
-1.9012
-1.90103
-1.90086
-1.90069
-1.90052
-1.90035
-1.90018
-1.90001
-1.89984
-1.89967
-1.89949
-1.89932
-1.89915
-1.89897
-1.8988
-1.89862
-1.89845
-1.89827
-1.8981
-1.89792
-1.89774
-1.89756
-1.89738
-1.8972
-1.89702
-1.89684
-1.89666
-1.89648
-1.8963
-1.89611
-1.89593
-1.89575
-1.89556
-1.89538
-1.89519
-1.89501
-1.89482
-1.89463
-1.89445
-1.89426
-1.89407
-1.89388
-1.89369
-1.8935
-1.89331
-1.89312
-1.89293
-1.89273
-1.89254
-1.89235
-1.89215
-1.89196
-1.89177
-1.89157
-1.89137
-1.89118
-1.89098
-1.89078
-1.89058
-1.89039
-1.89019
-1.88999
-1.88979
-1.88958
-1.88938
-1.88918
-1.88898
-1.88878
-1.88857
-1.88837
-1.88816
-1.88796
-1.88775
-1.88755
-1.88734
-1.88713
-1.88692
-1.88672
-1.88651
-1.8863
-1.88609
-1.88588
-1.88567
-1.88545
-1.88524
-1.88503
-1.88482
-1.8846
-1.88439
-1.88417
-1.88396
-1.88374
-1.88353
-1.88331
-1.88309
-1.88287
-1.88265
-1.88243
-1.88222
-1.882
-1.88177
-1.88155
-1.88133
-1.88111
-1.88089
-1.88066
-1.88044
-1.88021
-1.87999
-1.87976
-1.87954
-1.87931
-1.87908
-1.87886
-1.87863
-1.8784
-1.87817
-1.87794
-1.87771
-1.87748
-1.87725
-1.87701
-1.87678
-1.87655
-1.87631
-1.87608
-1.87584
-1.87561
-1.87537
-1.87514
-1.8749
-1.87466
-1.87442
-1.87419
-1.87395
-1.87371
-1.87347
-1.87323
-1.87298
-1.87274
-1.8725
-1.87226
-1.87201
-1.87177
-1.87153
-1.87128
-1.87104
-1.87079
-1.87054
-1.87029
-1.87005
-1.8698
-1.86955
-1.8693
-1.86905
-1.8688
-1.86855
-1.8683
-1.86805
-1.86779
-1.86754
-1.86729
-1.86703
-1.86678
-1.86652
-1.86626
-1.86601
-1.86575
-1.86549
-1.86524
-1.86498
-1.86472
-1.86446
-1.8642
-1.86394
-1.86368
-1.86341
-1.86315
-1.86289
-1.86262
-1.86236
-1.8621
-1.86183
-1.86156
-1.8613
-1.86103
-1.86076
-1.8605
-1.86023
-1.85996
-1.85969
-1.85942
-1.85915
-1.85888
-1.85861
-1.85833
-1.85806
-1.85779
-1.85751
-1.85724
-1.85696
-1.85669
-1.85641
-1.85614
-1.85586
-1.85558
-1.8553
-1.85502
-1.85474
-1.85446
-1.85418
-1.8539
-1.85362
-1.85334
-1.85306
-1.85277
-1.85249
-1.8522
-1.85192
-1.85163
-1.85135
-1.85106
-1.85077
-1.85049
-1.8502
-1.84991
-1.84962
-1.84933
-1.84904
-1.84875
-1.84846
-1.84817
-1.84787
-1.84758
-1.84729
-1.84699
-1.8467
-1.8464
-1.84611
-1.84581
-1.84551
-1.84522
-1.84492
-1.84462
-1.84432
-1.84402
-1.84372
-1.84342
-1.84312
-1.84282
-1.84251
-1.84221
-1.84191
-1.8416
-1.8413
-1.84099
-1.84069
-1.84038
-1.84007
-1.83977
-1.83946
-1.83915
-1.83884
-1.83853
-1.83822
-1.83791
-1.8376
-1.83729
-1.83697
-1.83666
-1.83635
-1.83603
-1.83572
-1.8354
-1.83509
-1.83477
-1.83445
-1.83414
-1.83382
-1.8335
-1.83318
-1.83286
-1.83254
-1.83222
-1.8319
-1.83158
-1.83126
-1.83093
-1.83061
-1.83028
-1.82996
-1.82963
-1.82931
-1.82898
-1.82866
-1.82833
-1.828
-1.82767
-1.82734
-1.82701
-1.82668
-1.82635
-1.82602
-1.82569
-1.82536
-1.82502
-1.82469
-1.82436
-1.82402
-1.82369
-1.82335
-1.82301
-1.82268
-1.82234
-1.822
-1.82166
-1.82132
-1.82098
-1.82064
-1.8203
-1.81996
-1.81962
-1.81928
-1.81893
-1.81859
-1.81825
-1.8179
-1.81756
-1.81721
-1.81686
-1.81652
-1.81617
-1.81582
-1.81547
-1.81512
-1.81477
-1.81442
-1.81407
-1.81372
-1.81337
-1.81302
-1.81266
-1.81231
-1.81196
-1.8116
-1.81125
-1.81089
-1.81053
-1.81018
-1.80982
-1.80946
-1.8091
-1.80874
-1.80838
-1.80802
-1.80766
-1.8073
-1.80694
-1.80658
-1.80621
-1.80585
-1.80548
-1.80512
-1.80475
-1.80439
-1.80402
-1.80365
-1.80329
-1.80292
-1.80255
-1.80218
-1.80181
-1.80144
-1.80107
-1.8007
-1.80032
-1.79995
-1.79958
-1.7992
-1.79883
-1.79845
-1.79808
-1.7977
-1.79732
-1.79695
-1.79657
-1.79619
-1.79581
-1.79543
-1.79505
-1.79467
-1.79429
-1.79391
-1.79353
-1.79314
-1.79276
-1.79237
-1.79199
-1.7916
-1.79122
-1.79083
-1.79044
-1.79006
-1.78967
-1.78928
-1.78889
-1.7885
-1.78811
-1.78772
-1.78733
-1.78694
-1.78654
-1.78615
-1.78576
-1.78536
-1.78497
-1.78457
-1.78417
-1.78378
-1.78338
-1.78298
-1.78258
-1.78219
-1.78179
-1.78139
-1.78098
-1.78058
-1.78018
-1.77978
-1.77938
-1.77897
-1.77857
-1.77816
-1.77776
-1.77735
-1.77695
-1.77654
-1.77613
-1.77572
-1.77531
-1.7749
-1.77449
-1.77408
-1.77367
-1.77326
-1.77285
-1.77244
-1.77202
-1.77161
-1.77119
-1.77078
-1.77036
-1.76995
-1.76953
-1.76911
-1.7687
-1.76828
-1.76786
-1.76744
-1.76702
-1.7666
-1.76618
-1.76575
-1.76533
-1.76491
-1.76448
-1.76406
-1.76363
-1.76321
-1.76278
-1.76236
-1.76193
-1.7615
-1.76107
-1.76064
-1.76021
-1.75978
-1.75935
-1.75892
-1.75849
-1.75806
-1.75763
-1.75719
-1.75676
-1.75632
-1.75589
-1.75545
-1.75502
-1.75458
-1.75414
-1.7537
-1.75326
-1.75282
-1.75238
-1.75194
-1.7515
-1.75106
-1.75062
-1.75018
-1.74973
-1.74929
-1.74884
-1.7484
-1.74795
-1.74751
-1.74706
-1.74661
-1.74616
-1.74571
-1.74526
-1.74481
-1.74436
-1.74391
-1.74346
-1.74301
-1.74256
-1.7421
-1.74165
-1.74119
-1.74074
-1.74028
-1.73983
-1.73937
-1.73891
-1.73845
-1.738
-1.73754
-1.73708
-1.73662
-1.73615
-1.73569
-1.73523
-1.73477
-1.7343
-1.73384
-1.73338
-1.73291
-1.73244
-1.73198
-1.73151
-1.73104
-1.73058
-1.73011
-1.72964
-1.72917
-1.7287
-1.72823
-1.72775
-1.72728
-1.72681
-1.72634
-1.72586
-1.72539
-1.72491
-1.72444
-1.72396
-1.72348
-1.72301
-1.72253
-1.72205
-1.72157
-1.72109
-1.72061
-1.72013
-1.71965
-1.71916
-1.71868
-1.7182
-1.71771
-1.71723
-1.71674
-1.71626
-1.71577
-1.71528
-1.7148
-1.71431
-1.71382
-1.71333
-1.71284
-1.71235
-1.71186
-1.71136
-1.71087
-1.71038
-1.70989
-1.70939
-1.7089
-1.7084
-1.7079
-1.70741
-1.70691
-1.70641
-1.70591
-1.70542
-1.70492
-1.70442
-1.70391
-1.70341
-1.70291
-1.70241
-1.7019
-1.7014
-1.7009
-1.70039
-1.69989
-1.69938
-1.69887
-1.69837
-1.69786
-1.69735
-1.69684
-1.69633
-1.69582
-1.69531
-1.6948
-1.69428
-1.69377
-1.69326
-1.69274
-1.69223
-1.69171
-1.6912
-1.69068
-1.69016
-1.68965
-1.68913
-1.68861
-1.68809
-1.68757
-1.68705
-1.68653
-1.686
-1.68548
-1.68496
-1.68444
-1.68391
-1.68339
-1.68286
-1.68233
-1.68181
-1.68128
-1.68075
-1.68022
-1.67969
-1.67916
-1.67863
-1.6781
-1.67757
-1.67704
-1.67651
-1.67597
-1.67544
-1.6749
-1.67437
-1.67383
-1.6733
-1.67276
-1.67222
-1.67168
-1.67114
-1.6706
-1.67006
-1.66952
-1.66898
-1.66844
-1.6679
-1.66735
-1.66681
-1.66626
-1.66572
-1.66517
-1.66463
-1.66408
-1.66353
-1.66298
-1.66244
-1.66189
-1.66134
-1.66079
-1.66023
-1.65968
-1.65913
-1.65858
-1.65802
-1.65747
-1.65691
-1.65636
-1.6558
-1.65524
-1.65469
-1.65413
-1.65357
-1.65301
-1.65245
-1.65189
-1.65133
-1.65077
-1.6502
-1.64964
-1.64908
-1.64851
-1.64795
-1.64738
-1.64682
-1.64625
-1.64568
-1.64512
-1.64455
-1.64398
-1.64341
-1.64284
-1.64227
-1.64169
-1.64112
-1.64055
-1.63998
-1.6394
-1.63883
-1.63825
-1.63767
-1.6371
-1.63652
-1.63594
-1.63536
-1.63478
-1.6342
-1.63362
-1.63304
-1.63246
-1.63188
-1.6313
-1.63071
-1.63013
-1.62954
-1.62896
-1.62837
-1.62779
-1.6272
-1.62661
-1.62602
-1.62543
-1.62484
-1.62425
-1.62366
-1.62307
-1.62248
-1.62188
-1.62129
-1.62069
-1.6201
-1.6195
-1.61891
-1.61831
-1.61771
-1.61712
-1.61652
-1.61592
-1.61532
-1.61472
-1.61412
-1.61351
-1.61291
-1.61231
-1.6117
-1.6111
-1.6105
-1.60989
-1.60928
-1.60868
-1.60807
-1.60746
-1.60685
-1.60624
-1.60563
-1.60502
-1.60441
-1.6038
-1.60318
-1.60257
-1.60196
-1.60134
-1.60073
-1.60011
-1.5995
-1.59888
-1.59826
-1.59764
-1.59702
-1.5964
-1.59578
-1.59516
-1.59454
-1.59392
-1.59329
-1.59267
-1.59205
-1.59142
-1.5908
-1.59017
-1.58954
-1.58892
-1.58829
-1.58766
-1.58703
-1.5864
-1.58577
-1.58514
-1.58451
-1.58387
-1.58324
-1.58261
-1.58197
-1.58134
-1.5807
-1.58006
-1.57943
-1.57879
-1.57815
-1.57751
-1.57687
-1.57623
-1.57559
-1.57495
-1.57431
-1.57366
-1.57302
-1.57238
-1.57173
-1.57109
-1.57044
-1.56979
-1.56915
-1.5685
-1.56785
-1.5672
-1.56655
-1.5659
-1.56525
-1.5646
-1.56394
-1.56329
-1.56264
-1.56198
-1.56133
-1.56067
-1.56001
-1.55936
-1.5587
-1.55804
-1.55738
-1.55672
-1.55606
-1.5554
-1.55474
-1.55407
-1.55341
-1.55275
-1.55208
-1.55142
-1.55075
-1.55008
-1.54942
-1.54875
-1.54808
-1.54741
-1.54674
-1.54607
-1.5454
-1.54473
-1.54406
-1.54338
-1.54271
-1.54204
-1.54136
-1.54068
-1.54001
-1.53933
-1.53865
-1.53798
-1.5373
-1.53662
-1.53594
-1.53526
-1.53457
-1.53389
-1.53321
-1.53252
-1.53184
-1.53116
-1.53047
-1.52978
-1.5291
-1.52841
-1.52772
-1.52703
-1.52634
-1.52565
-1.52496
-1.52427
-1.52358
-1.52288
-1.52219
-1.5215
-1.5208
-1.5201
-1.51941
-1.51871
-1.51801
-1.51731
-1.51662
-1.51592
-1.51522
-1.51451
-1.51381
-1.51311
-1.51241
-1.5117
-1.511
-1.51029
-1.50959
-1.50888
-1.50817
-1.50747
-1.50676
-1.50605
-1.50534
-1.50463
-1.50392
-1.50321
-1.50249
-1.50178
-1.50107
-1.50035
-1.49964
-1.49892
-1.4982
-1.49749
-1.49677
-1.49605
-1.49533
-1.49461
-1.49389
-1.49317
-1.49245
-1.49172
-1.491
-1.49028
-1.48955
-1.48883
-1.4881
-1.48737
-1.48664
-1.48592
-1.48519
-1.48446
-1.48373
-1.483
-1.48226
-1.48153
-1.4808
-1.48007
-1.47933
-1.4786
-1.47786
-1.47712
-1.47639
-1.47565
-1.47491
-1.47417
-1.47343
-1.47269
-1.47195
-1.47121
-1.47046
-1.46972
-1.46898
-1.46823
-1.46749
-1.46674
-1.46599
-1.46525
-1.4645
-1.46375
-1.463
-1.46225
-1.4615
-1.46075
-1.45999
-1.45924
-1.45849
-1.45773
-1.45698
-1.45622
-1.45547
-1.45471
-1.45395
-1.45319
-1.45243
-1.45167
-1.45091
-1.45015
-1.44939
-1.44863
-1.44786
-1.4471
-1.44633
-1.44557
-1.4448
-1.44403
-1.44327
-1.4425
-1.44173
-1.44096
-1.44019
-1.43942
-1.43864
-1.43787
-1.4371
-1.43632
-1.43555
-1.43477
-1.434
-1.43322
-1.43244
-1.43166
-1.43089
-1.43011
-1.42933
-1.42854
-1.42776
-1.42698
-1.4262
-1.42541
-1.42463
-1.42384
-1.42306
-1.42227
-1.42148
-1.42069
-1.4199
-1.41911
-1.41832
-1.41753
-1.41674
-1.41595
-1.41516
-1.41436
-1.41357
-1.41277
-1.41197
-1.41118
-1.41038
-1.40958
-1.40878
-1.40798
-1.40718
-1.40638
-1.40558
-1.40478
-1.40397
-1.40317
-1.40237
-1.40156
-1.40075
-1.39995
-1.39914
-1.39833
-1.39752
-1.39671
-1.3959
-1.39509
-1.39428
-1.39346
-1.39265
-1.39184
-1.39102
-1.39021
-1.38939
-1.38857
-1.38776
-1.38694
-1.38612
-1.3853
-1.38448
-1.38366
-1.38283
-1.38201
-1.38119
-1.38036
-1.37954
-1.37871
-1.37789
-1.37706
-1.37623
-1.3754
-1.37457
-1.37374
-1.37291
-1.37208
-1.37125
-1.37041
-1.36958
-1.36874
-1.36791
-1.36707
-1.36624
-1.3654
-1.36456
-1.36372
-1.36288
-1.36204
-1.3612
-1.36036
-1.35952
-1.35867
-1.35783
-1.35698
-1.35614
-1.35529
-1.35444
-1.3536
-1.35275
-1.3519
-1.35105
-1.3502
-1.34935
-1.34849
-1.34764
-1.34679
-1.34593
-1.34508
-1.34422
-1.34336
-1.34251
-1.34165
-1.34079
-1.33993
-1.33907
-1.33821
-1.33734
-1.33648
-1.33562
-1.33475
-1.33389
-1.33302
-1.33216
-1.33129
-1.33042
-1.32955
-1.32868
-1.32781
-1.32694
-1.32607
-1.3252
-1.32432
-1.32345
-1.32257
-1.3217
-1.32082
-1.31994
-1.31907
-1.31819
-1.31731
-1.31643
-1.31555
-1.31467
-1.31378
-1.3129
-1.31202
-1.31113
-1.31025
-1.30936
-1.30847
-1.30758
-1.3067
-1.30581
-1.30492
-1.30403
-1.30313
-1.30224
-1.30135
-1.30045
-1.29956
-1.29866
-1.29777
-1.29687
-1.29597
-1.29507
-1.29418
-1.29327
-1.29237
-1.29147
-1.29057
-1.28967
-1.28876
-1.28786
-1.28695
-1.28605
-1.28514
-1.28423
-1.28332
-1.28241
-1.2815
-1.28059
-1.27968
-1.27877
-1.27786
-1.27694
-1.27603
-1.27511
-1.27419
-1.27328
-1.27236
-1.27144
-1.27052
-1.2696
-1.26868
-1.26776
-1.26684
-1.26591
-1.26499
-1.26406
-1.26314
-1.26221
-1.26128
-1.26036
-1.25943
-1.2585
-1.25757
-1.25664
-1.2557
-1.25477
-1.25384
-1.2529
-1.25197
-1.25103
-1.25009
-1.24916
-1.24822
-1.24728
-1.24634
-1.2454
-1.24446
-1.24352
-1.24257
-1.24163
-1.24068
-1.23974
-1.23879
-1.23784
-1.2369
-1.23595
-1.235
-1.23405
-1.2331
-1.23215
-1.23119
-1.23024
-1.22929
-1.22833
-1.22737
-1.22642
-1.22546
-1.2245
-1.22354
-1.22258
-1.22162
-1.22066
-1.2197
-1.21874
-1.21777
-1.21681
-1.21584
-1.21487
-1.21391
-1.21294
-1.21197
-1.211
-1.21003
-1.20906
-1.20809
-1.20712
-1.20614
-1.20517
-1.20419
-1.20322
-1.20224
-1.20126
-1.20028
-1.1993
-1.19832
-1.19734
-1.19636
-1.19538
-1.19439
-1.19341
-1.19243
-1.19144
-1.19045
-1.18947
-1.18848
-1.18749
-1.1865
-1.18551
-1.18452
-1.18352
-1.18253
-1.18154
-1.18054
-1.17954
-1.17855
-1.17755
-1.17655
-1.17555
-1.17455
-1.17355
-1.17255
-1.17155
-1.17055
-1.16954
-1.16854
-1.16753
-1.16653
-1.16552
-1.16451
-1.1635
-1.16249
-1.16148
-1.16047
-1.15946
-1.15844
-1.15743
-1.15641
-1.1554
-1.15438
-1.15336
-1.15235
-1.15133
-1.15031
-1.14929
-1.14826
-1.14724
-1.14622
-1.1452
-1.14417
-1.14314
-1.14212
-1.14109
-1.14006
-1.13903
-1.138
-1.13697
-1.13594
-1.13491
-1.13387
-1.13284
-1.1318
-1.13077
-1.12973
-1.12869
-1.12766
-1.12662
-1.12558
-1.12454
-1.12349
-1.12245
-1.12141
-1.12036
-1.11932
-1.11827
-1.11722
-1.11618
-1.11513
-1.11408
-1.11303
-1.11198
-1.11092
-1.10987
-1.10882
-1.10776
-1.10671
-1.10565
-1.10459
-1.10353
-1.10247
-1.10141
-1.10035
-1.09929
-1.09823
-1.09717
-1.0961
-1.09504
-1.09397
-1.0929
-1.09184
-1.09077
-1.0897
-1.08863
-1.08756
-1.08648
-1.08541
-1.08434
-1.08326
-1.08219
-1.08111
-1.08003
-1.07895
-1.07787
-1.07679
-1.07571
-1.07463
-1.07355
-1.07247
-1.07138
-1.0703
-1.06921
-1.06812
-1.06703
-1.06595
-1.06486
-1.06376
-1.06267
-1.06158
-1.06049
-1.05939
-1.0583
-1.0572
-1.05611
-1.05501
-1.05391
-1.05281
-1.05171
-1.05061
-1.04951
-1.0484
-1.0473
-1.04619
-1.04509
-1.04398
-1.04287
-1.04176
-1.04065
-1.03954
-1.03843
-1.03732
-1.03621
-1.03509
-1.03398
-1.03286
-1.03175
-1.03063
-1.02951
-1.02839
-1.02727
-1.02615
-1.02503
-1.02391
-1.02278
-1.02166
-1.02053
-1.0194
-1.01828
-1.01715
-1.01602
-1.01489
-1.01376
-1.01263
-1.01149
-1.01036
-1.00922
-1.00809
-1.00695
-1.00581
-1.00468
-1.00354
-1.0024
-1.00125
-1.00011
-0.998969
-0.997825
-0.99668
-0.995534
-0.994387
-0.99324
-0.992091
-0.990941
-0.989791
-0.98864
-0.987487
-0.986334
-0.98518
-0.984025
-0.982868
-0.981711
-0.980553
-0.979395
-0.978235
-0.977074
-0.975912
-0.97475
-0.973586
-0.972422
-0.971256
-0.97009
-0.968923
-0.967754
-0.966585
-0.965415
-0.964244
-0.963072
-0.961899
-0.960725
-0.95955
-0.958374
-0.957198
-0.95602
-0.954841
-0.953662
-0.952481
-0.9513
-0.950117
-0.948934
-0.94775
-0.946564
-0.945378
-0.944191
-0.943003
-0.941814
-0.940624
-0.939433
-0.938241
-0.937048
-0.935854
-0.934659
-0.933463
-0.932266
-0.931069
-0.92987
-0.92867
-0.92747
-0.926268
-0.925066
-0.923862
-0.922658
-0.921452
-0.920246
-0.919038
-0.91783
-0.916621
-0.91541
-0.914199
-0.912987
-0.911774
-0.91056
-0.909344
-0.908128
-0.906911
-0.905693
-0.904474
-0.903254
-0.902033
-0.900811
-0.899588
-0.898364
-0.897139
-0.895913
-0.894686
-0.893458
-0.89223
-0.891
-0.889769
-0.888537
-0.887304
-0.88607
-0.884836
-0.8836
-0.882363
-0.881125
-0.879887
-0.878647
-0.877406
-0.876164
-0.874922
-0.873678
-0.872433
-0.871187
-0.869941
-0.868693
-0.867444
-0.866195
-0.864944
-0.863692
-0.862439
-0.861186
-0.859931
-0.858675
-0.857418
-0.856161
-0.854902
-0.853642
-0.852381
-0.85112
-0.849857
-0.848593
-0.847328
-0.846062
-0.844796
-0.843528
-0.842259
-0.840989
-0.839718
-0.838446
-0.837173
-0.835899
-0.834624
-0.833348
-0.832071
-0.830793
-0.829514
-0.828234
-0.826953
-0.825671
-0.824388
-0.823103
-0.821818
-0.820532
-0.819245
-0.817956
-0.816667
-0.815377
-0.814085
-0.812793
-0.811499
-0.810205
-0.808909
-0.807613
-0.806315
-0.805016
-0.803717
-0.802416
-0.801114
-0.799811
-0.798507
-0.797202
-0.795896
-0.794589
-0.793281
-0.791972
-0.790662
-0.789351
-0.788039
-0.786725
-0.785411
-0.784096
-0.782779
-0.781462
-0.780143
-0.778824
-0.777503
-0.776181
-0.774858
-0.773534
-0.77221
-0.770884
-0.769557
-0.768228
-0.766899
-0.765569
-0.764238
-0.762905
-0.761572
-0.760238
-0.758902
-0.757565
-0.756228
-0.754889
-0.753549
-0.752208
-0.750866
-0.749523
-0.748179
-0.746834
-0.745488
-0.74414
-0.742792
-0.741442
-0.740092
-0.73874
-0.737387
-0.736033
-0.734678
-0.733322
-0.731965
-0.730607
-0.729248
-0.727887
-0.726526
-0.725163
-0.7238
-0.722435
-0.721069
-0.719702
-0.718334
-0.716965
-0.715595
-0.714223
-0.712851
-0.711477
-0.710103
-0.708727
-0.70735
-0.705972
-0.704593
-0.703213
-0.701832
-0.70045
-0.699066
-0.697682
-0.696296
-0.694909
-0.693521
-0.692132
-0.690742
-0.689351
-0.687958
-0.686565
-0.68517
-0.683775
-0.682378
-0.68098
-0.679581
-0.67818
-0.676779
-0.675377
-0.673973
-0.672568
-0.671163
-0.669756
-0.668347
-0.666938
-0.665528
-0.664116
-0.662704
-0.66129
-0.659875
-0.658459
-0.657042
-0.655624
-0.654204
-0.652784
-0.651362
-0.649939
-0.648515
-0.64709
-0.645663
-0.644236
-0.642807
-0.641378
-0.639947
-0.638515
-0.637081
-0.635647
-0.634212
-0.632775
-0.631337
-0.629898
-0.628458
-0.627017
-0.625574
-0.624131
-0.622686
-0.62124
-0.619793
-0.618344
-0.616895
-0.615444
-0.613993
-0.61254
-0.611086
-0.60963
-0.608174
-0.606716
-0.605257
-0.603797
-0.602336
-0.600874
-0.59941
-0.597946
-0.59648
-0.595013
-0.593545
-0.592075
-0.590605
-0.589133
-0.58766
-0.586186
-0.58471
-0.583234
-0.581756
-0.580277
-0.578797
-0.577316
-0.575833
-0.574349
-0.572864
-0.571378
-0.569891
-0.568402
-0.566913
-0.565422
-0.56393
-0.562436
-0.560942
-0.559446
-0.557949
-0.556451
-0.554951
-0.553451
-0.551949
-0.550446
-0.548942
-0.547436
-0.54593
-0.544422
-0.542913
-0.541402
-0.539891
-0.538378
-0.536864
-0.535349
-0.533832
-0.532315
-0.530796
-0.529275
-0.527754
-0.526231
-0.524708
-0.523183
-0.521656
-0.520129
-0.5186
-0.51707
-0.515539
-0.514006
-0.512472
-0.510937
-0.509401
-0.507863
-0.506325
-0.504785
-0.503243
-0.501701
-0.500157
-0.498612
-0.497066
-0.495518
-0.49397
-0.49242
-0.490868
-0.489316
-0.487762
-0.486207
-0.48465
-0.483093
-0.481534
-0.479974
-0.478412
-0.47685
-0.475286
-0.47372
-0.472154
-0.470586
-0.469017
-0.467447
-0.465875
-0.464302
-0.462728
-0.461152
-0.459576
-0.457998
-0.456418
-0.454838
-0.453256
-0.451672
-0.450088
-0.448502
-0.446915
-0.445327
-0.443737
-0.442146
-0.440554
-0.43896
-0.437365
-0.435769
-0.434172
-0.432573
-0.430973
-0.429371
-0.427769
-0.426164
-0.424559
-0.422952
-0.421344
-0.419735
-0.418125
-0.416513
-0.414899
-0.413285
-0.411669
-0.410052
-0.408433
-0.406813
-0.405192
-0.403569
-0.401946
-0.40032
-0.398694
-0.397066
-0.395437
-0.393806
-0.392174
-0.390541
-0.388907
-0.387271
-0.385633
-0.383995
-0.382355
-0.380714
-0.379071
-0.377427
-0.375782
-0.374135
-0.372487
-0.370837
-0.369187
-0.367534
-0.365881
-0.364226
-0.36257
-0.360912
-0.359253
-0.357593
-0.355931
-0.354268
-0.352604
-0.350938
-0.349271
-0.347602
-0.345932
-0.344261
-0.342588
-0.340914
-0.339239
-0.337562
-0.335884
-0.334204
-0.332523
-0.330841
-0.329157
-0.327472
-0.325785
-0.324097
-0.322408
-0.320717
-0.319025
-0.317331
-0.315636
-0.31394
-0.312242
-0.310543
-0.308842
-0.30714
-0.305436
-0.303732
-0.302025
-0.300318
-0.298609
-0.296898
-0.295186
-0.293473
-0.291758
-0.290042
-0.288324
-0.286605
-0.284884
-0.283162
-0.281439
-0.279714
-0.277988
-0.27626
-0.274531
-0.272801
-0.271069
-0.269335
-0.2676
-0.265864
-0.264126
-0.262387
-0.260646
-0.258904
-0.25716
-0.255415
-0.253669
-0.251921
-0.250171
-0.24842
-0.246668
-0.244914
-0.243159
-0.241402
-0.239644
-0.237884
-0.236123
-0.23436
-0.232596
-0.23083
-0.229063
-0.227295
-0.225525
-0.223753
-0.22198
-0.220205
-0.218429
-0.216652
-0.214873
-0.213092
-0.21131
-0.209527
-0.207742
-0.205955
-0.204167
-0.202378
-0.200587
-0.198794
-0.197
-0.195204
-0.193407
-0.191609
-0.189809
-0.188007
-0.186204
-0.184399
-0.182593
-0.180785
-0.178976
-0.177165
-0.175353
-0.173539
-0.171724
-0.169907
-0.168088
-0.166268
-0.164447
-0.162624
-0.160799
-0.158973
-0.157145
-0.155316
-0.153485
-0.151653
-0.149819
-0.147984
-0.146146
-0.144308
-0.142468
-0.140626
-0.138783
-0.136938
-0.135091
-0.133243
-0.131394
-0.129543
-0.12769
-0.125836
-0.12398
-0.122122
-0.120263
-0.118403
-0.116541
-0.114677
-0.112811
-0.110944
-0.109076
-0.107206
-0.105334
-0.103461
-0.101586
-0.099709
-0.0978308
-0.0959511
-0.0940697
-0.0921867
-0.090302
-0.0884158
-0.086528
-0.0846385
-0.0827474
-0.0808547
-0.0789604
-0.0770644
-0.0751668
-0.0732676
-0.0713667
-0.0694643
-0.0675601
-0.0656544
-0.063747
-0.0618379
-0.0599273
-0.0580149
-0.056101
-0.0541853
-0.0522681
-0.0503491
-0.0484286
-0.0465063
-0.0445824
-0.0426569
-0.0407297
-0.0388008
-0.0368702
-0.034938
-0.0330041
-0.0310685
-0.0291313
-0.0271924
-0.0252518
-0.0233095
-0.0213656
-0.0194199
-0.0174726
-0.0155236
-0.0135729
-0.0116205
-0.00966636
-0.00771057
-0.00575308
-0.00379389
-0.00183299
0.00012961
0.00209392
0.00405994
0.00602766
0.00799711
0.00996826
0.0119411
0.0139157
0.015892
0.0178701
0.0198499
0.0218314
0.0238146
0.0257995
0.0277862
0.0297746
0.0317648
0.0337567
0.0357504
0.0377458
0.0397429
0.0417418
0.0437424
0.0457448
0.047749
0.0497549
0.0517626
0.053772
0.0557832
0.0577962
0.0598109
0.0618274
0.0638457
0.0658657
0.0678875
0.0699112
0.0719365
0.0739637
0.0759927
0.0780234
0.080056
0.0820903
0.0841264
0.0861644
0.0882041
0.0902456
0.092289
0.0943341
0.096381
0.0984298
0.10048
0.102533
0.104587
0.106643
0.108701
0.110761
0.112822
0.114885
0.116951
0.119018
0.121086
0.123157
0.12523
0.127304
0.12938
0.131458
0.133538
0.13562
0.137703
0.139789
0.141876
0.143965
0.146057
0.148149
0.150244
0.152341
0.15444
0.15654
0.158642
0.160746
0.162852
0.16496
0.16707
0.169182
0.171296
0.173411
0.175529
0.177648
0.179769
0.181892
0.184017
0.186144
0.188273
0.190404
0.192537
0.194671
0.196808
0.198946
0.201087
0.203229
0.205373
0.20752
0.209668
0.211818
0.21397
0.216124
0.21828
0.220438
0.222598
0.224759
0.226923
0.229089
0.231257
0.233426
0.235598
0.237771
0.239947
0.242125
0.244304
0.246486
0.248669
0.250855
0.253042
0.255232
0.257423
0.259616
0.261812
0.264009
0.266209
0.26841
0.270614
0.27282
0.275027
0.277237
0.279448
0.281662
0.283877
0.286095
0.288315
0.290537
0.29276
0.294986
0.297214
0.299444
0.301676
0.30391
0.306146
0.308384
0.310625
0.312867
0.315111
0.317358
0.319606
0.321857
0.324109
0.326364
0.328621
0.33088
0.333141
0.335404
0.337669
0.339937
0.342206
0.344478
0.346751
0.349027
0.351305
0.353585
0.355867
0.358151
0.360437
0.362726
0.365017
0.367309
0.369604
0.371901
0.3742
0.376502
0.378805
0.381111
0.383419
0.385729
0.388041
0.390355
0.392671
0.39499
0.397311
0.399634
0.401959
0.404286
0.406616
0.408947
0.411281
0.413617
0.415956
0.418296
0.420639
0.422984
0.425331
0.42768
0.430032
0.432386
0.434742
0.4371
0.439461
0.441823
0.444188
0.446556
0.448925
0.451297
0.453671
0.456047
0.458425
0.460806
0.463189
0.465574
0.467962
0.470352
0.472744
0.475138
0.477535
0.479934
0.482335
0.484739
0.487144
0.489553
0.491963
0.494376
0.496791
0.499208
0.501628
0.50405
0.506474
0.508901
0.51133
0.513761
0.516195
0.518631
0.521069
0.52351
0.525953
0.528399
0.530846
0.533297
0.535749
0.538204
0.540661
0.543121
0.545583
0.548047
0.550514
0.552983
0.555455
0.557929
0.560405
0.562884
0.565366
0.567849
0.570335
0.572824
0.575315
0.577808
0.580304
0.582802
0.585303
0.587806
0.590311
0.592819
0.59533
0.597843
0.600358
0.602876
0.605396
0.607919
0.610444
0.612972
0.615502
0.618035
0.62057
0.623108
0.625648
0.628191
0.630736
0.633284
0.635834
0.638387
0.640942
0.6435
0.64606
0.648623
0.651189
0.653757
0.656327
0.6589
0.661476
0.664054
0.666635
0.669218
0.671804
0.674393
0.676984
0.679578
0.682174
0.684773
0.687374
0.689978
0.692585
0.695194
0.697806
0.70042
0.703038
0.705657
0.70828
0.710905
0.713532
0.716163
0.718796
0.721431
0.724069
0.72671
0.729354
0.732
0.734649
0.737301
0.739955
0.742612
0.745272
0.747934
0.750599
0.753267
0.755937
0.75861
0.761286
0.763965
0.766646
0.76933
0.772017
0.774707
0.777399
0.780094
0.782792
0.785492
0.788196
0.790902
0.793611
0.796322
0.799037
0.801754
0.804474
0.807196
0.809922
0.81265
0.815382
0.818116
0.820852
0.823592
0.826335
0.82908
0.831828
0.834579
0.837333
0.840089
0.842849
0.845611
0.848377
0.851145
0.853916
0.85669
0.859466
0.862246
0.865029
0.867814
0.870602
0.873394
0.876188
0.878985
0.881785
0.884588
0.887394
0.890202
0.893014
0.895829
0.898647
0.901467
0.904291
0.907117
0.909947
0.912779
0.915615
0.918453
0.921295
0.924139
0.926987
0.929837
0.932691
0.935547
0.938407
0.941269
0.944135
0.947004
0.949875
0.95275
0.955628
0.958509
0.961393
0.96428
0.96717
0.970063
0.972959
0.975859
0.978761
0.981667
0.984575
0.987487
0.990402
0.99332
0.996241
0.999166
1.00209
1.00502
1.00796
1.01089
1.01383
1.01678
1.01972
1.02267
1.02563
1.02858
1.03154
1.0345
1.03747
1.04044
1.04341
1.04639
1.04936
1.05235
1.05533
1.05832
1.06131
1.06431
1.0673
1.07031
1.07331
1.07632
1.07933
1.08234
1.08536
1.08838
1.09141
1.09444
1.09747
1.1005
1.10354
1.10658
1.10962
1.11267
1.11572
1.11878
1.12184
1.1249
1.12796
1.13103
1.1341
1.13718
1.14026
1.14334
1.14642
1.14951
1.1526
1.1557
1.1588
1.1619
1.16501
1.16812
1.17123
1.17435
1.17747
1.18059
1.18372
1.18685
1.18998
1.19312
1.19626
1.1994
1.20255
1.2057
1.20886
1.21202
1.21518
1.21835
1.22152
1.22469
1.22787
1.23105
1.23423
1.23742
1.24061
1.24381
1.247
1.25021
1.25341
1.25662
1.25983
1.26305
1.26627
1.2695
1.27272
1.27596
1.27919
1.28243
1.28567
1.28892
1.29217
1.29542
1.29868
1.30194
1.30521
1.30848
1.31175
1.31503
1.31831
1.32159
1.32488
1.32817
1.33147
1.33477
1.33807
1.34138
1.34469
1.34801
1.35133
1.35465
1.35798
1.36131
1.36464
1.36798
1.37132
1.37467
1.37802
1.38137
1.38473
1.3881
1.39146
1.39483
1.39821
1.40158
1.40497
1.40835
1.41174
1.41514
1.41854
1.42194
1.42534
1.42876
1.43217
1.43559
1.43901
1.44244
1.44587
1.4493
1.45274
1.45619
1.45963
1.46309
1.46654
1.47
1.47347
1.47693
1.48041
1.48388
1.48737
1.49085
1.49434
1.49783
1.50133
1.50483
1.50834
1.51185
1.51537
1.51889
1.52241
1.52594
1.52947
1.53301
1.53655
1.54009
1.54364
1.54719
1.55075
1.55432
1.55788
1.56145
1.56503
1.56861
1.5722
1.57578
1.57938
1.58298
1.58658
1.59019
1.5938
1.59741
1.60103
1.60466
1.60829
1.61192
1.61556
1.61921
1.62285
1.62651
1.63016
1.63382
1.63749
1.64116
1.64484
1.64852
1.6522
1.65589
1.65958
1.66328
1.66699
1.67069
1.67441
1.67812
1.68185
1.68557
1.68931
1.69304
1.69678
1.70053
1.70428
1.70804
1.7118
1.71556
1.71933
1.72311
1.72689
1.73067
1.73446
1.73826
1.74205
1.74586
1.74967
1.75348
1.7573
1.76113
1.76495
1.76879
1.77263
1.77647
1.78032
1.78417
1.78803
1.7919
1.79577
1.79964
1.80352
1.80741
1.81129
1.81519
1.81909
1.82299
1.8269
1.83082
1.83474
1.83867
1.8426
1.84653
1.85047
1.85442
1.85837
1.86233
1.86629
1.87026
1.87423
1.87821
1.88219
1.88618
1.89018
1.89418
1.89818
1.90219
1.90621
1.91023
1.91425
1.91829
1.92232
1.92637
1.93042
1.93447
1.93853
1.94259
1.94666
1.95074
1.95482
1.95891
1.963
1.9671
1.9712
1.97531
1.97943
1.98355
1.98768
1.99181
1.99595
2.00009
2.00424
2.00839
2.01256
2.01672
2.02089
2.02507
2.02926
2.03345
2.03764
2.04184
2.04605
2.05026
2.05448
2.05871
2.06294
2.06718
2.07142
2.07567
2.07992
2.08418
2.08845
2.09272
2.097
2.10129
2.10558
2.10988
2.11418
2.11849
2.1228
2.12712
2.13145
2.13579
2.14013
2.14447
2.14883
2.15318
2.15755
2.16192
2.1663
2.17068
2.17507
2.17947
2.18387
2.18828
2.1927
2.19712
2.20155
2.20598
2.21043
2.21487
2.21933
2.22379
2.22826
2.23273
2.23721
2.2417
2.24619
2.25069
2.2552
2.25971
2.26424
2.26876
2.2733
2.27784
2.28238
2.28694
2.2915
2.29607
2.30064
2.30522
2.30981
2.31441
2.31901
2.32362
2.32823
2.33285
2.33748
2.34212
2.34676
2.35141
2.35607
2.36074
2.36541
2.37009
2.37477
2.37947
2.38417
2.38887
2.39359
2.39831
2.40304
2.40777
2.41252
2.41727
2.42203
2.42679
2.43156
2.43634
2.44113
2.44593
2.45073
2.45554
2.46036
2.46518
2.47001
2.47485
2.4797
2.48456
2.48942
2.49429
2.49917
2.50405
2.50894
2.51384
2.51875
2.52367
2.52859
2.53353
2.53847
2.54341
2.54837
2.55333
2.5583
2.56328
2.56827
2.57326
2.57827
2.58328
2.5883
2.59332
2.59836
2.6034
2.60845
2.61351
2.61858
2.62366
2.62874
2.63384
2.63894
2.64405
2.64916
2.65429
2.65942
2.66457
2.66972
2.67488
2.68004
2.68522
2.69041
2.6956
2.7008
2.70601
2.71123
2.71646
2.7217
2.72694
2.7322
2.73746
2.74273
2.74801
2.7533
2.7586
2.76391
2.76922
2.77455
2.77988
2.78523
2.79058
2.79594
2.80131
2.80669
2.81208
2.81748
2.82288
2.8283
2.83373
2.83916
2.8446
2.85006
2.85552
2.86099
2.86647
2.87197
2.87747
2.88298
2.8885
2.89403
2.89956
2.90511
2.91067
2.91624
2.92182
2.92741
2.933
2.93861
2.94423
2.94985
2.95549
2.96114
2.96679
2.97246
2.97814
2.98383
2.98952
2.99523
3.00095
3.00668
3.01241
3.01816
3.02392
3.02969
3.03547
3.04126
3.04706
3.05287
3.05869
3.06452
3.07037
3.07622
3.08208
3.08796
3.09384
3.09974
3.10564
3.11156
3.11749
3.12343
3.12938
3.13534
3.14132
3.1473
3.15329
3.1593
3.16532
3.17134
3.17738
3.18344
3.1895
3.19557
3.20166
3.20775
3.21386
3.21998
3.22611
3.23225
3.23841
3.24457
3.25075
3.25694
3.26314
3.26936
3.27558
3.28182
3.28807
3.29433
3.3006
3.30689
3.31318
3.31949
3.32582
3.33215
3.3385
3.34486
3.35123
3.35761
3.36401
3.37042
3.37684
3.38327
3.38972
3.39618
3.40265
3.40914
3.41564
3.42215
3.42867
3.43521
3.44176
3.44832
3.4549
3.46149
3.46809
3.47471
3.48134
3.48798
3.49464
3.50131
3.50799
3.51469
3.5214
3.52812
3.53486
3.54161
3.54838
3.55516
3.56195
3.56876
3.57558
3.58242
3.58927
3.59613
3.60301
3.60991
3.61681
3.62374
3.63067
3.63762
3.64459
3.65157
3.65857
3.66558
3.6726
3.67964
3.6867
3.69377
3.70085
3.70795
3.71507
3.7222
3.72935
3.73651
3.74368
3.75088
3.75809
3.76531
3.77255
3.7798
3.78708
3.79436
3.80167
3.80899
3.81632
3.82367
3.83104
3.83842
3.84582
3.85324
3.86067
3.86812
3.87559
3.88307
3.89057
3.89809
3.90562
3.91317
3.92074
3.92833
3.93593
3.94355
3.95119
3.95884
3.96651
3.9742
3.98191
3.98963
3.99737
4.00513
4.01291
4.02071
4.02852
4.03636
4.04421
4.05208
4.05996
4.06787
4.07579
4.08374
4.0917
4.09968
4.10768
4.1157
4.12374
4.13179
4.13987
4.14796
4.15608
4.16421
4.17237
4.18054
4.18873
4.19695
4.20518
4.21343
4.22171
4.23
4.23831
4.24665
4.255
4.26338
4.27177
4.28019
4.28863
4.29709
4.30557
4.31407
4.32259
4.33113
4.3397
4.34828
4.35689
4.36552
4.37417
4.38285
4.39154
4.40026
4.409
4.41776
4.42655
4.43535
4.44418
4.45304
4.46191
4.47081
4.47973
4.48868
4.49765
4.50664
4.51566
4.5247
4.53376
4.54285
4.55196
4.56109
4.57025
4.57944
4.58865
4.59788
4.60714
4.61642
4.62573
4.63506
4.64442
4.6538
4.66321
4.67265
4.68211
4.6916
4.70111
4.71065
4.72022
4.72981
4.73943
4.74907
4.75874
4.76844
4.77817
4.78792
4.79771
4.80751
4.81735
4.82722
4.83711
4.84703
4.85698
4.86696
4.87696
4.887
4.89706
4.90715
4.91728
4.92743
4.93761
4.94782
4.95806
4.96833
4.97864
4.98897
4.99933
5.00972
5.02015
5.0306
5.04109
5.05161
5.06216
5.07274
5.08335
5.09399
5.10467
5.11538
5.12613
5.1369
5.14771
5.15855
5.16943
5.18034
5.19128
5.20226
5.21327
5.22431
5.23539
5.24651
5.25766
5.26885
5.28007
5.29132
5.30262
5.31395
5.32531
5.33671
5.34815
5.35963
5.37114
5.38269
5.39428
5.4059
5.41757
5.42927
5.44101
5.45279
5.46461
5.47646
5.48836
5.5003
5.51228
5.52429
5.53635
5.54845
5.56059
5.57277
5.585
5.59726
5.60957
5.62192
5.63431
5.64675
5.65922
5.67175
5.68431
5.69692
5.70958
5.72228
5.73502
5.74781
5.76065
5.77353
5.78646
5.79943
5.81245
5.82552
5.83863
5.8518
5.86501
5.87827
5.89158
5.90493
5.91834
5.9318
5.94531
5.95887
5.97247
5.98613
5.99985
6.01361
6.02743
6.0413
6.05522
6.06919
6.08322
6.09731
6.11144
6.12564
6.13989
6.15419
6.16855
6.18297
6.19745
6.21198
6.22657
6.24122
6.25593
6.2707
6.28552
6.30041
6.31536
6.33037
6.34544
6.36057
6.37577
6.39103
6.40635
6.42174
6.43719
6.45271
6.46829
6.48394
6.49965
6.51543
6.53128
6.5472
6.56319
6.57925
6.59537
6.61157
6.62784
6.64418
6.6606
6.67708
6.69364
6.71028
6.72699
6.74377
6.76063
6.77757
6.79458
6.81168
6.82885
6.8461
6.86343
6.88085
6.89834
6.91592
6.93358
6.95132
6.96915
6.98707
7.00507
7.02315
7.04133
7.05959
7.07795
7.09639
7.11492
7.13355
7.15227
7.17108
7.18999
7.209
7.2281
7.24729
7.26659
7.28598
7.30548
7.32507
7.34477
7.36457
7.38448
7.40449
7.42461
7.44484
7.46517
7.48561
7.50617
7.52683
7.54761
7.56851
7.58952
7.61064
7.63189
7.65325
7.67473
7.69634
7.71807
7.73992
7.7619
7.78401
7.80624
7.82861
7.85111
7.87374
7.8965
7.9194
7.94244
7.96562
7.98893
8.01239
8.036
8.05975
8.08365
8.1077
8.1319
8.15625
8.18075
8.20542
8.23024
8.25522
8.28037
8.30568
8.33115
8.3568
8.38261
8.4086
8.43477
8.46111
8.48763
8.51434
8.54123
8.56831
8.59557
8.62303
8.65069
8.67854
8.70659
8.73485
8.76331
8.79198
8.82086
8.84996
8.87927
8.90881
8.93857
8.96856
8.99878
9.02923
9.05992
9.09085
9.12203
9.15346
9.18514
9.21708
9.24928
9.28174
9.31447
9.34748
9.38076
9.41433
9.44819
9.48233
9.51678
9.55152
9.58657
9.62194
9.65762
9.69363
9.72996
9.76663
9.80365
9.841
9.87872
9.91679
9.95523
9.99404
10.0332
10.0728
10.1128
10.1532
10.194
10.2352
10.2768
10.3189
10.3614
10.4044
10.4478
10.4918
10.5362
10.5811
10.6265
10.6724
10.7188
10.7658
10.8133
10.8615
10.9101
10.9594
11.0093
11.0598
11.111
11.1628
11.2152
11.2684
11.3223
11.3768
11.4322
11.4882
11.5451
11.6028
11.6613
11.7207
11.7809
11.842
11.9041
11.9671
12.0311
12.0961
12.1622
12.2294
12.2976
12.3671
12.4377
12.5095
12.5827
12.6572
12.733
12.8103
12.889
12.9693
13.0512
13.1347
13.22
13.307
13.396
13.4869
13.5799
13.675
13.7723
13.8721
13.9742
14.079
14.1865
14.2969
14.4104
14.527
14.6471
14.7707
14.8982
15.0298
15.1657
15.3064
15.452
15.603
15.7598
15.9229
16.0929
16.2703
16.4559
16.6506
16.8552
17.0711
17.2995
17.5422
17.8013
18.0795
18.3804
18.7088
19.0713
19.4783
19.9466
20.5077
21.2335
22.3561
25.6624
17.9076
21.4546
25.2551
25.2544
29.8752
30.3323
24.2456
36.8526
24.2548
30.3332
29.8713
25.2433
25.2512
21.4278
17.8866
25.6524
22.3341
21.2048
20.4737
19.9078
19.435
19.0237
18.657
18.3246
18.0196
17.7374
17.4743
17.2276
16.9953
16.7756
16.567
16.3685
16.179
15.9977
15.8239
15.657
15.4963
15.3415
15.192
15.0476
14.9078
14.7724
14.6411
14.5137
14.3898
14.2694
14.1521
14.0379
13.9266
13.8181
13.7121
13.6086
13.5074
13.4085
13.3118
13.2171
13.1243
13.0335
12.9444
12.8571
12.7715
12.6874
12.6049
12.5238
12.4442
12.366
12.289
12.2134
12.139
12.0658
11.9937
11.9228
11.8529
11.7841
11.7164
11.6496
11.5837
11.5188
11.4548
11.3917
11.3294
11.2679
11.2073
11.1474
11.0883
11.0299
10.9723
10.9154
10.8591
10.8035
10.7486
10.6943
10.6407
10.5876
10.5351
10.4832
10.4319
10.3811
10.3309
10.2812
10.232
10.1833
10.1352
10.0875
10.0402
9.99346
9.94715
9.90129
9.85586
9.81086
9.76628
9.72211
9.67834
9.63497
9.59198
9.54938
9.50715
9.46528
9.42378
9.38262
9.34182
9.30135
9.26122
9.22142
9.18194
9.14278
9.10393
9.06538
9.02714
8.98919
8.95154
8.91417
8.87708
8.84027
8.80374
8.76747
8.73147
8.69572
8.66024
8.625
8.59002
8.55527
8.52077
8.48651
8.45248
8.41868
8.38511
8.35176
8.31863
8.28572
8.25302
8.22053
8.18825
8.15618
8.12431
8.09264
8.06116
8.02988
7.99879
7.96789
7.93718
7.90665
7.8763
7.84613
7.81614
7.78632
7.75667
7.7272
7.69789
7.66875
7.63977
7.61095
7.5823
7.5538
7.52545
7.49726
7.46923
7.44134
7.4136
7.38601
7.35856
7.33125
7.30409
7.27707
7.25018
7.22343
7.19682
7.17034
7.14399
7.11777
7.09168
7.06572
7.03989
7.01418
6.98859
6.96313
6.93778
6.91256
6.88745
6.86246
6.83759
6.81283
6.78818
6.76365
6.73923
6.71491
6.69071
6.66661
6.64262
6.61873
6.59495
6.57127
6.54769
6.52422
6.50084
6.47756
6.45439
6.4313
6.40832
6.38543
6.36263
6.33993
6.31732
6.2948
6.27237
6.25003
6.22779
6.20562
6.18355
6.16156
6.13966
6.11785
6.09611
6.07446
6.0529
6.03141
6.01001
5.98869
5.96744
5.94628
5.92519
5.90418
5.88325
5.8624
5.84162
5.82091
5.80028
5.77972
5.75924
5.73882
5.71848
5.69821
5.67801
5.65788
5.63782
5.61783
5.5979
5.57805
5.55826
5.53854
5.51888
5.49929
5.47976
5.46029
5.4409
5.42156
5.40228
5.38307
5.36392
5.34483
5.32581
5.30684
5.28793
5.26908
5.25029
5.23156
5.21288
5.19427
5.17571
5.1572
5.13875
5.12036
5.10203
5.08374
5.06552
5.04734
5.02922
5.01115
4.99314
4.97518
4.95727
4.93941
4.9216
4.90384
4.88614
4.86848
4.85087
4.83332
4.81581
4.79835
4.78094
4.76357
4.74625
4.72898
4.71176
4.69459
4.67746
4.66037
4.64333
4.62634
4.60939
4.59249
4.57563
4.55881
4.54204
4.52531
4.50862
4.49198
4.47538
4.45882
4.4423
4.42583
4.40939
4.393
4.37665
4.36034
4.34406
4.32783
4.31164
4.29549
4.27937
4.2633
4.24726
4.23126
4.2153
4.19938
4.18349
4.16765
4.15183
4.13606
4.12032
4.10462
4.08896
4.07333
4.05773
4.04218
4.02665
4.01117
3.99571
3.98029
3.96491
3.94956
3.93424
3.91896
3.90371
3.88849
3.87331
3.85816
3.84304
3.82795
3.8129
3.79788
3.78289
3.76793
3.75301
3.73811
3.72325
3.70841
3.69361
3.67884
3.66409
3.64938
3.6347
3.62005
3.60542
3.59083
3.57627
3.56173
3.54722
3.53274
3.5183
3.50387
3.48948
3.47512
3.46078
3.44647
3.43219
3.41793
3.4037
3.3895
3.37533
3.36118
3.34706
3.33297
3.3189
3.30486
3.29085
3.27686
3.26289
3.24895
3.23504
3.22115
3.20729
3.19345
3.17964
3.16585
3.15209
3.13835
3.12463
3.11094
3.09727
3.08363
3.07001
3.05641
3.04284
3.02929
3.01577
3.00226
2.98879
2.97533
2.96189
2.94848
2.93509
2.92173
2.90838
2.89506
2.88176
2.86848
2.85523
2.84199
2.82878
2.81559
2.80241
2.78927
2.77614
2.76303
2.74994
2.73688
2.72383
2.71081
2.6978
2.68482
2.67186
2.65891
2.64599
2.63309
2.62021
2.60734
2.5945
2.58167
2.56887
2.55608
2.54332
2.53057
2.51784
2.50513
2.49244
2.47977
2.46712
2.45449
2.44187
2.42927
2.4167
2.40413
2.39159
2.37907
2.36656
2.35407
2.3416
2.32915
2.31672
2.3043
2.2919
2.27952
2.26715
2.25481
2.24248
2.23016
2.21787
2.20559
2.19333
2.18108
2.16885
2.15664
2.14444
2.13227
2.1201
2.10796
2.09583
2.08371
2.07162
2.05953
2.04747
2.03542
2.02339
2.01137
1.99937
1.98738
1.97541
1.96346
1.95152
1.93959
1.92769
1.91579
1.90391
1.89205
1.8802
1.86837
1.85655
1.84475
1.83296
1.82119
1.80943
1.79769
1.78596
1.77425
1.76255
1.75086
1.73919
1.72754
1.7159
1.70427
1.69266
1.68106
1.66947
1.6579
1.64635
1.6348
1.62328
1.61176
1.60026
1.58877
1.5773
1.56584
1.5544
1.54296
1.53155
1.52014
1.50875
1.49737
1.48601
1.47466
1.46332
1.452
1.44068
1.42939
1.4181
1.40683
1.39557
1.38433
1.37309
1.36187
1.35067
1.33948
1.32829
1.31713
1.30597
1.29483
1.2837
1.27259
1.26148
1.25039
1.23931
1.22825
1.21719
1.20615
1.19512
1.18411
1.17311
1.16211
1.15114
1.14017
1.12922
1.11828
1.10735
1.09643
1.08553
1.07463
1.06375
1.05289
1.04203
1.03119
1.02036
1.00954
0.998732
0.987937
0.977154
0.966384
0.955625
0.944878
0.934144
0.923421
0.912711
0.902012
0.891325
0.88065
0.869988
0.859337
0.848697
0.83807
0.827455
0.816852
0.80626
0.79568
0.785112
0.774556
0.764012
0.753479
0.742959
0.73245
0.721953
0.711468
0.700994
0.690532
0.680082
0.669644
0.659218
0.648803
0.6384
0.628009
0.61763
0.607262
0.596907
0.586563
0.57623
0.56591
0.555601
0.545304
0.535019
0.524746
0.514484
0.504235
0.493997
0.483771
0.473556
0.463354
0.453163
0.442985
0.432818
0.422663
0.41252
0.402389
0.392269
0.382162
0.372066
0.361983
0.351911
0.341852
0.331804
0.321769
0.311745
0.301734
0.291734
0.281747
0.271772
0.261809
0.251858
0.241919
0.231993
0.222078
0.212176
0.202286
0.192409
0.182544
0.172691
0.16285
0.153022
0.143206
0.133403
0.123612
0.113834
0.104068
0.0943146
0.0845739
0.0748459
0.0651305
0.0554279
0.0457379
0.0360608
0.0263964
0.0167449
0.00710619
-0.00251957
-0.0121324
-0.0217322
-0.031319
-0.0408928
-0.0504534
-0.0600009
-0.0695352
-0.0790562
-0.088564
-0.0980585
-0.10754
-0.117007
-0.126461
-0.135902
-0.145329
-0.154743
-0.164143
-0.173529
-0.182902
-0.19226
-0.201605
-0.210936
-0.220253
-0.229556
-0.238845
-0.24812
-0.25738
-0.266627
-0.275859
-0.285076
-0.29428
-0.303468
-0.312643
-0.321802
-0.330947
-0.340078
-0.349193
-0.358294
-0.36738
-0.37645
-0.385506
-0.394547
-0.403572
-0.412583
-0.421577
-0.430557
-0.439521
-0.44847
-0.457403
-0.46632
-0.475221
-0.484107
-0.492977
-0.50183
-0.510668
-0.51949
-0.528295
-0.537084
-0.545857
-0.554613
-0.563353
-0.572076
-0.580783
-0.589472
-0.598145
-0.606801
-0.61544
-0.624061
-0.632666
-0.641253
-0.649823
-0.658375
-0.666909
-0.675426
-0.683926
-0.692407
-0.70087
-0.709316
-0.717743
-0.726152
-0.734543
-0.742915
-0.751269
-0.759604
-0.76792
-0.776218
-0.784496
-0.792756
-0.800996
-0.809217
-0.817419
-0.825601
-0.833764
-0.841907
-0.850031
-0.858134
-0.866217
-0.874281
-0.882324
-0.890347
-0.898349
-0.906331
-0.914292
-0.922232
-0.930151
-0.93805
-0.945927
-0.953783
-0.961617
-0.969431
-0.977222
-0.984992
-0.99274
-1.00047
-1.00817
-1.01585
-1.02351
-1.03115
-1.03876
-1.04635
-1.05392
-1.06147
-1.06899
-1.07649
-1.08396
-1.09142
-1.09884
-1.10625
-1.11363
-1.12099
-1.12832
-1.13563
-1.14291
-1.15017
-1.15741
-1.16462
-1.1718
-1.17896
-1.1861
-1.19321
-1.20029
-1.20735
-1.21438
-1.22138
-1.22836
-1.23532
-1.24225
-1.24915
-1.25602
-1.26287
-1.26969
-1.27648
-1.28325
-1.28999
-1.2967
-1.30338
-1.31004
-1.31666
-1.32326
-1.32983
-1.33638
-1.34289
-1.34937
-1.35583
-1.36226
-1.36866
-1.37502
-1.38136
-1.38767
-1.39395
-1.4002
-1.40642
-1.41261
-1.41877
-1.4249
-1.431
-1.43706
-1.4431
-1.4491
-1.45507
-1.46102
-1.46693
-1.4728
-1.47865
-1.48446
-1.49025
-1.49599
-1.50171
-1.50739
-1.51305
-1.51866
-1.52425
-1.5298
-1.53532
-1.5408
-1.54625
-1.55167
-1.55705
-1.5624
-1.56771
-1.57299
-1.57823
-1.58344
-1.58861
-1.59375
-1.59886
-1.60392
-1.60896
-1.61395
-1.61891
-1.62384
-1.62872
-1.63357
-1.63839
-1.64317
-1.64791
-1.65261
-1.65728
-1.66191
-1.6665
-1.67105
-1.67557
-1.68005
-1.68449
-1.68889
-1.69325
-1.69758
-1.70186
-1.70611
-1.71032
-1.71449
-1.71862
-1.72271
-1.72676
-1.73077
-1.73474
-1.73867
-1.74257
-1.74642
-1.75023
-1.754
-1.75773
-1.76142
-1.76507
-1.76867
-1.77224
-1.77576
-1.77925
-1.78269
-1.78609
-1.78945
-1.79277
-1.79604
-1.79927
-1.80246
-1.80561
-1.80872
-1.81178
-1.8148
-1.81778
-1.82071
-1.8236
-1.82645
-1.82925
-1.83202
-1.83473
-1.83741
-1.84004
-1.84263
-1.84517
-1.84767
-1.85012
-1.85253
-1.8549
-1.85722
-1.8595
-1.86173
-1.86392
-1.86607
-1.86817
-1.87022
-1.87223
-1.87419
-1.87611
-1.87799
-1.87981
-1.8816
-1.88333
-1.88503
-1.88667
-1.88828
-1.88983
-1.89134
-1.8928
-1.89422
-1.89559
-1.89692
-1.8982
-1.89943
-1.90062
-1.90176
-1.90286
-1.90391
-1.90491
-1.90587
-1.90678
-1.90764
-1.90846
-1.90923
-1.90995
-1.91063
-1.91126
-1.91184
-1.91238
-1.91287
-1.91332
-1.91371
-1.91407
-1.91437
-1.91463
-1.91484
-1.915
-1.91512
-1.91519
