-0.350869
-0.350859
-0.35083
-0.350782
-0.350715
-0.350629
-0.350523
-0.350399
-0.350255
-0.350092
-0.34991
-0.349709
-0.349488
-0.349249
-0.34899
-0.348712
-0.348415
-0.348099
-0.347764
-0.347409
-0.347035
-0.346643
-0.346231
-0.3458
-0.345349
-0.34488
-0.344391
-0.343884
-0.343357
-0.342811
-0.342246
-0.341662
-0.341058
-0.340436
-0.339794
-0.339134
-0.338454
-0.337755
-0.337037
-0.3363
-0.335544
-0.334769
-0.333974
-0.333161
-0.332328
-0.331477
-0.330606
-0.329716
-0.328808
-0.32788
-0.326933
-0.325967
-0.324982
-0.323978
-0.322955
-0.321913
-0.320852
-0.319771
-0.318672
-0.317554
-0.316417
-0.315261
-0.314086
-0.312891
-0.311678
-0.310446
-0.309195
-0.307925
-0.306636
-0.305328
-0.304001
-0.302655
-0.301291
-0.299907
-0.298504
-0.297083
-0.295642
-0.294183
-0.292705
-0.291208
-0.289692
-0.288157
-0.286603
-0.285031
-0.283439
-0.281829
-0.2802
-0.278552
-0.276885
-0.2752
-0.273495
-0.271772
-0.27003
-0.26827
-0.26649
-0.264692
-0.262875
-0.261039
-0.259185
-0.257311
-0.255419
-0.253509
-0.251579
-0.249631
-0.247664
-0.245679
-0.243675
-0.241652
-0.239611
-0.237551
-0.235472
-0.233375
-0.231259
-0.229124
-0.226971
-0.224799
-0.222609
-0.2204
-0.218172
-0.215926
-0.213662
-0.211378
-0.209077
-0.206757
-0.204418
-0.202061
-0.199685
-0.197291
-0.194878
-0.192447
-0.189998
-0.18753
-0.185043
-0.182539
-0.180015
-0.177474
-0.174914
-0.172335
-0.169739
-0.167123
-0.16449
-0.161838
-0.159168
-0.15648
-0.153773
-0.151048
-0.148304
-0.145543
-0.142763
-0.139965
-0.137148
-0.134314
-0.131461
-0.12859
-0.1257
-0.122793
-0.119867
-0.116924
-0.113962
-0.110981
-0.107983
-0.104967
-0.101932
-0.0988795
-0.0958087
-0.0927199
-0.089613
-0.086488
-0.0833449
-0.0801838
-0.0770047
-0.0738076
-0.0705924
-0.0673592
-0.0641081
-0.0608389
-0.0575518
-0.0542467
-0.0509237
-0.0475827
-0.0442238
-0.040847
-0.0374522
-0.0340396
-0.0306091
-0.0271606
-0.0236944
-0.0202102
-0.0167083
-0.0131885
-0.00965082
-0.00609536
-0.0025221
0.00106895
0.00467779
0.00830441
0.0119488
0.0156109
0.0192908
0.0229884
0.0267037
0.0304368
0.0341875
0.037956
0.0417421
0.0455459
0.0493674
0.0532065
0.0570632
0.0609376
0.0648296
0.0687393
0.0726665
0.0766113
0.0805737
0.0845537
0.0885513
0.0925664
0.096599
0.100649
0.104717
0.108802
0.112905
0.117025
0.121163
0.125318
0.129491
0.133681
0.137889
0.142114
0.146356
0.150616
0.154893
0.159188
0.1635
0.16783
0.172177
0.176541
0.180923
0.185322
0.189738
0.194172
0.198623
0.203091
0.207577
0.21208
0.2166
0.221138
0.225693
0.230265
0.234855
0.239461
0.244085
0.248727
0.253385
0.258061
0.262754
0.267464
0.272191
0.276936
0.281698
0.286477
0.291273
0.296086
0.300917
0.305765
0.310629
0.315512
0.320411
0.325327
0.330261
0.335211
0.340179
0.345164
0.350166
0.355185
0.360221
0.365275
0.370345
0.375433
0.380537
0.385659
0.390798
0.395954
0.401127
0.406317
0.411524
0.416748
0.421989
0.427248
0.432523
0.437815
0.443125
0.448451
0.453795
0.459155
0.464533
0.469927
0.475339
0.480768
0.486213
0.491676
0.497156
0.502653
0.508166
0.513697
0.519245
0.52481
0.530391
0.53599
0.541606
0.547239
0.552889
0.558556
0.56424
0.56994
0.575658
0.581393
0.587145
0.592914
0.5987
0.604503
0.610323
0.61616
0.622014
0.627885
0.633773
0.639678
0.6456
0.651539
0.657495
0.663468
0.669458
0.675465
0.681489
0.68753
0.693589
0.699664
0.705756
0.711866
0.717992
0.724136
0.730296
0.736474
0.742669
0.748881
0.755109
0.761355
0.767618
0.773899
0.780196
0.78651
0.792842
0.79919
0.805556
0.811939
0.818339
0.824756
0.83119
0.837642
0.844111
0.850596
0.857099
0.86362
0.870157
0.876712
0.883284
0.889873
0.896479
0.903103
0.909743
0.916401
0.923077
0.929769
0.936479
0.943207
0.949951
0.956713
0.963492
0.970289
0.977103
0.983934
0.990783
0.997649
1.00453
1.01143
1.01835
1.02529
1.03224
1.03921
1.0462
1.05321
1.06023
1.06727
1.07433
1.08141
1.0885
1.09561
1.10274
1.10989
1.11705
1.12423
1.13143
1.13865
1.14588
1.15314
1.16041
1.16769
1.175
1.18232
1.18966
1.19702
1.2044
1.2118
1.21921
1.22664
1.23409
1.24156
1.24904
1.25654
1.26407
1.2716
1.27916
1.28674
1.29433
1.30194
1.30957
1.31722
1.32488
1.33257
1.34027
1.34799
1.35573
1.36349
1.37126
1.37906
1.38687
1.3947
1.40255
1.41042
1.41831
1.42621
1.43414
1.44208
1.45004
1.45802
1.46602
1.47403
1.48207
1.49013
1.4982
1.50629
1.5144
1.52253
1.53068
1.53885
1.54704
1.55524
1.56347
1.57171
1.57998
1.58826
1.59656
1.60488
1.61322
1.62158
1.62996
1.63836
1.64678
1.65521
1.66367
1.67215
1.68064
1.68916
1.6977
1.70625
1.71483
1.72342
1.73203
1.74067
1.74932
1.758
1.76669
1.77541
1.78414
1.79289
1.80167
1.81046
1.81928
1.82811
1.83697
1.84585
1.85474
1.86366
1.8726
1.88156
1.89054
1.89953
1.90856
1.9176
1.92666
1.93574
1.94484
1.95397
1.96312
1.97228
1.98147
1.99068
1.99991
2.00916
2.01844
2.02773
2.03705
2.04638
2.05574
2.06512
2.07453
2.08395
2.0934
2.10287
2.11236
2.12187
2.1314
2.14096
2.15054
2.16014
2.16976
2.17941
2.18907
2.19876
2.20848
2.21821
2.22797
2.23775
2.24756
2.25738
2.26723
2.27711
2.287
2.29692
2.30686
2.31683
2.32682
2.33683
2.34687
2.35693
2.36701
2.37712
2.38725
2.39741
2.40759
2.41779
2.42802
2.43827
2.44854
2.45885
2.46917
2.47952
2.48989
2.50029
2.51072
2.52117
2.53164
2.54214
2.55266
2.56321
2.57379
2.58439
2.59501
2.60567
2.61634
2.62705
2.63777
2.64853
2.65931
2.67012
2.68095
2.69181
2.7027
2.71361
2.72455
2.73552
2.74651
2.75753
2.76858
2.77965
2.79076
2.80189
2.81304
2.82423
2.83544
2.84668
2.85795
2.86924
2.88057
2.89192
2.9033
2.91471
2.92615
2.93762
2.94911
2.96064
2.97219
2.98378
2.99539
3.00703
3.01871
3.03041
3.04214
3.0539
3.06569
3.07752
3.08937
3.10125
3.11316
3.12511
3.13709
3.14909
3.16113
3.1732
3.1853
3.19743
3.2096
3.22179
3.23402
3.24628
3.25857
3.2709
3.28326
3.29565
3.30807
3.32053
3.33302
3.34554
3.3581
3.37069
3.38332
3.39598
3.40867
3.4214
3.43416
3.44696
3.45979
3.47266
3.48556
3.4985
3.51148
3.52449
3.53753
3.55061
3.56373
3.57689
3.59008
3.60331
3.61658
3.62988
3.64322
3.6566
3.67002
3.68347
3.69696
3.7105
3.72407
3.73767
3.75132
3.76501
3.77874
3.79251
3.80631
3.82016
3.83405
3.84798
3.86195
3.87596
3.89001
3.90411
3.91824
3.93242
3.94664
3.9609
3.97521
3.98956
4.00395
4.01838
4.03286
4.04739
4.06196
4.07657
4.09123
4.10593
4.12068
4.13547
4.15031
4.1652
4.18013
4.19511
4.21013
4.22521
4.24033
4.2555
4.27072
4.28598
4.3013
4.31666
4.33208
4.34754
4.36305
4.37862
4.39423
4.4099
4.42562
4.44139
4.45721
4.47308
4.48901
4.50499
4.52102
4.53711
4.55325
4.56945
4.5857
4.602
4.61837
4.63478
4.65126
4.66779
4.68438
4.70103
4.71773
4.73449
4.75131
4.7682
4.78514
4.80214
4.8192
4.83632
4.85351
4.87075
4.88806
4.90543
4.92287
4.94036
4.95793
4.97555
4.99325
5.011
5.02883
5.04672
5.06468
5.0827
5.1008
5.11896
5.13719
5.15549
5.17386
5.19231
5.21082
5.22941
5.24807
5.2668
5.2856
5.30448
5.32344
5.34247
5.36157
5.38076
5.40002
5.41936
5.43877
5.45827
5.47785
5.49751
5.51724
5.53707
5.55697
5.57696
5.59703
5.61718
5.63743
5.65775
5.67817
5.69867
5.71927
5.73995
5.76072
5.78158
5.80254
5.82358
5.84473
5.86596
5.88729
5.90872
5.93024
5.95187
5.97359
5.99541
6.01733
6.03936
6.06148
6.08371
6.10605
6.12849
6.15104
6.17369
6.19646
6.21933
6.24232
6.26542
6.28863
6.31195
6.33539
6.35895
6.38263
6.40642
6.43034
6.45438
6.47854
6.50282
6.52723
6.55177
6.57644
6.60123
6.62616
6.65122
6.67641
6.70174
6.72721
6.75281
6.77856
6.80444
6.83047
6.85665
6.88297
6.90944
6.93606
6.96283
6.98975
7.01683
7.04407
7.07147
7.09903
7.12675
7.15463
7.18269
7.21091
7.2393
7.26787
7.29661
7.32553
7.35463
7.38391
7.41338
7.44303
7.47287
7.50291
7.53314
7.56357
7.59419
7.62502
7.65606
7.6873
7.71876
7.75042
7.78231
7.81441
7.84674
7.8793
7.91208
7.9451
7.97835
8.01184
8.04558
8.07956
8.11379
8.14828
8.18303
8.21804
8.25331
8.28886
8.32468
8.36078
8.39716
8.43383
8.4708
8.50806
8.54562
8.5835
8.62168
8.66019
8.69901
8.73817
8.77766
8.81749
8.85767
8.8982
8.93909
8.98034
9.02197
9.06398
9.10637
9.14915
9.19234
9.23594
9.27995
9.32438
9.36925
9.41456
9.46032
9.50654
9.55323
9.6004
9.64805
9.6962
9.74486
9.79404
9.84376
9.89401
9.94482
9.9962
10.0481
10.1007
10.1539
10.2076
10.262
10.3171
10.3728
10.4292
10.4863
10.5441
10.6027
10.662
10.7221
10.7829
10.8446
10.9071
10.9705
11.0347
11.0998
11.1659
11.2329
11.3009
11.3699
11.44
11.5111
11.5833
11.6566
11.731
11.8067
11.8836
11.9617
12.0411
12.1214
12.2031
12.2864
12.3712
12.4576
12.5431
12.6313
12.7198
12.8172
12.9187
13.0185
13.1229
13.2177
13.3563
13.4983
13.6952
13.831
13.9309
14.0882
14.204
14.5338
14.5853
14.5533
14.251
14.0691
14.384
11.8714
12.0025
9.86489
13.8939
16.2868
17.1342
19.5254
23.7297
24.0554
21.2874
23.6005
25.5635
27.6388
24.1665
27.9484
29.2629
31.3799
30.2126
28.722
31.7252
31.1363
30.2
33.903
30.7152
30.0592
25.8836
31.1235
19.1115
30.9676
26.2717
30.2833
27.1935
26.3855
27.3522
24.769
26.0445
25.5082
24.9836
23.4783
22.2976
22.5933
19.4851
20.1666
19.4569
16.2597
19.4729
14.2498
15.5065
17.5779
13.6638
15.4649
15.7115
14.151
15.2201
14.7195
14.155
14.6482
14.2409
14.0136
14.1103
13.8594
13.7641
13.6999
13.5307
13.4555
13.3578
13.2321
13.148
13.0493
12.9477
12.8597
12.766
12.6756
12.5894
12.5019
12.4175
12.335
12.2531
12.1733
12.0948
12.0176
11.9419
11.8674
11.7941
11.7221
11.6513
11.5816
11.513
11.4455
11.379
11.3135
11.249
11.1855
11.1229
11.0612
11.0004
10.9404
10.8813
10.823
10.7654
10.7086
10.6526
10.5973
10.5427
10.4888
10.4356
10.3831
10.3312
10.2799
10.2292
10.1791
10.1297
10.0808
10.0324
9.98463
9.93737
9.89064
9.84442
9.79871
9.75349
9.70875
9.66448
9.62068
9.57733
9.53443
9.49196
9.44992
9.4083
9.36709
9.32629
9.28588
9.24586
9.20622
9.16695
9.12806
9.08952
9.05134
9.0135
8.97601
8.93886
8.90203
8.86553
8.82935
8.79349
8.75793
8.72268
8.68772
8.65306
8.61869
8.5846
8.5508
8.51726
8.484
8.45101
8.41828
8.38581
8.35359
8.32162
8.28991
8.25843
8.2272
8.1962
8.16543
8.1349
8.10459
8.07451
8.04464
8.01499
7.98556
7.95634
7.92732
7.89851
7.86991
7.8415
7.81329
7.78527
7.75745
7.72982
7.70237
7.67511
7.64803
7.62113
7.59441
7.56786
7.54148
7.51528
7.48925
7.46338
7.43768
7.41214
7.38676
7.36154
7.33647
7.31157
7.28681
7.26221
7.23775
7.21345
7.18929
7.16527
7.1414
7.11767
7.09407
7.07062
7.0473
7.02412
7.00107
6.97816
6.95537
6.93271
6.91018
6.88778
6.8655
6.84335
6.82132
6.79941
6.77762
6.75595
6.73439
6.71295
6.69163
6.67042
6.64933
6.62834
6.60747
6.5867
6.56604
6.54549
6.52505
6.50471
6.48448
6.46435
6.44432
6.42439
6.40456
6.38483
6.3652
6.34566
6.32622
6.30688
6.28763
6.26848
6.24942
6.23045
6.21157
6.19278
6.17408
6.15547
6.13695
6.11852
6.10017
6.0819
6.06372
6.04563
6.02762
6.00969
5.99184
5.97407
5.95639
5.93878
5.92126
5.90381
5.88644
5.86914
5.85193
5.83478
5.81772
5.80073
5.78381
5.76696
5.75019
5.73349
5.71686
5.70031
5.68382
5.6674
5.65105
5.63477
5.61856
5.60242
5.58634
5.57033
5.55439
5.53851
5.5227
5.50695
5.49126
5.47564
5.46008
5.44458
5.42915
5.41378
5.39847
5.38322
5.36803
5.3529
5.33783
5.32281
5.30786
5.29296
5.27813
5.26334
5.24862
5.23395
5.21934
5.20478
5.19028
5.17584
5.16144
5.14711
5.13282
5.11859
5.10441
5.09029
5.07621
5.06219
5.04822
5.0343
5.02043
5.00661
4.99284
4.97913
4.96546
4.95184
4.93826
4.92474
4.91126
4.89784
4.88446
4.87112
4.85784
4.8446
4.8314
4.81825
4.80515
4.79209
4.77908
4.76611
4.75319
4.74031
4.72748
4.71468
4.70194
4.68923
4.67657
4.66395
4.65137
4.63883
4.62634
4.61388
4.60147
4.5891
4.57677
4.56448
4.55223
4.54002
4.52785
4.51572
4.50362
4.49157
4.47956
4.46758
4.45564
4.44374
4.43188
4.42005
4.40827
4.39652
4.3848
4.37313
4.36149
4.34988
4.33832
4.32678
4.31529
4.30383
4.2924
4.28101
4.26965
4.25833
4.24705
4.23579
4.22457
4.21339
4.20224
4.19112
4.18004
4.16898
4.15797
4.14698
4.13603
4.12511
4.11422
4.10336
4.09254
4.08174
4.07098
4.06025
4.04955
4.03888
4.02824
4.01764
4.00706
3.99651
3.986
3.97551
3.96506
3.95463
3.94423
3.93387
3.92353
3.91322
3.90294
3.89269
3.88246
3.87227
3.8621
3.85196
3.84185
3.83177
3.82172
3.81169
3.80169
3.79172
3.78177
3.77185
3.76196
3.7521
3.74226
3.73245
3.72267
3.71291
3.70317
3.69347
3.68379
3.67413
3.6645
3.6549
3.64532
3.63577
3.62624
3.61673
3.60726
3.5978
3.58837
3.57897
3.56959
3.56023
3.5509
3.54159
3.53231
3.52305
3.51381
3.5046
3.49541
3.48624
3.4771
3.46798
3.45888
3.44981
3.44076
3.43173
3.42272
3.41374
3.40478
3.39584
3.38693
3.37803
3.36916
3.36031
3.35148
3.34267
3.33389
3.32512
3.31638
3.30766
3.29896
3.29028
3.28162
3.27299
3.26437
3.25577
3.2472
3.23865
3.23011
3.2216
3.21311
3.20463
3.19618
3.18775
3.17933
3.17094
3.16257
3.15421
3.14588
3.13756
3.12927
3.12099
3.11274
3.1045
3.09628
3.08808
3.0799
3.07174
3.0636
3.05547
3.04737
3.03928
3.03121
3.02316
3.01513
3.00712
2.99912
2.99114
2.98318
2.97524
2.96732
2.95941
2.95152
2.94365
2.9358
2.92796
2.92015
2.91234
2.90456
2.89679
2.88905
2.88131
2.8736
2.8659
2.85822
2.85055
2.8429
2.83527
2.82766
2.82006
2.81248
2.80491
2.79736
2.78983
2.78231
2.77481
2.76733
2.75986
2.75241
2.74497
2.73755
2.73015
2.72276
2.71538
2.70802
2.70068
2.69335
2.68604
2.67875
2.67146
2.6642
2.65695
2.64971
2.64249
2.63529
2.6281
2.62092
2.61376
2.60661
2.59948
2.59236
2.58526
2.57817
2.5711
2.56404
2.557
2.54997
2.54295
2.53595
2.52896
2.52199
2.51503
2.50808
2.50115
2.49423
2.48733
2.48044
2.47356
2.4667
2.45985
2.45302
2.4462
2.43939
2.43259
2.42581
2.41904
2.41229
2.40555
2.39882
2.39211
2.3854
2.37871
2.37204
2.36538
2.35873
2.35209
2.34547
2.33886
2.33226
2.32567
2.3191
2.31254
2.30599
2.29945
2.29293
2.28642
2.27992
2.27344
2.26697
2.2605
2.25406
2.24762
2.2412
2.23478
2.22838
2.22199
2.21562
2.20925
2.2029
2.19656
2.19023
2.18392
2.17761
2.17132
2.16504
2.15877
2.15251
2.14626
2.14003
2.1338
2.12759
2.12139
2.1152
2.10902
2.10285
2.0967
2.09055
2.08442
2.0783
2.07219
2.06609
2.06
2.05392
2.04785
2.0418
2.03575
2.02972
2.02369
2.01768
2.01168
2.00569
1.99971
1.99374
1.98778
1.98183
1.97589
1.96996
1.96404
1.95814
1.95224
1.94635
1.94048
1.93461
1.92876
1.92291
1.91708
1.91125
1.90544
1.89963
1.89384
1.88806
1.88228
1.87652
1.87076
1.86502
1.85928
1.85356
1.84785
1.84214
1.83645
1.83076
1.82508
1.81942
1.81376
1.80812
1.80248
1.79685
1.79123
1.78562
1.78003
1.77444
1.76886
1.76329
1.75772
1.75217
1.74663
1.7411
1.73557
1.73006
1.72455
1.71905
1.71357
1.70809
1.70262
1.69716
1.69171
1.68627
1.68083
1.67541
1.66999
1.66459
1.65919
1.6538
1.64842
1.64305
1.63769
1.63233
1.62699
1.62165
1.61633
1.61101
1.6057
1.6004
1.5951
1.58982
1.58454
1.57928
1.57402
1.56877
1.56352
1.55829
1.55307
1.54785
1.54264
1.53744
1.53225
1.52706
1.52189
1.51672
1.51156
1.50641
1.50127
1.49613
1.49101
1.48589
1.48078
1.47568
1.47058
1.4655
1.46042
1.45535
1.45028
1.44523
1.44018
1.43514
1.43011
1.42509
1.42007
1.41507
1.41007
1.40507
1.40009
1.39511
1.39014
1.38518
1.38023
1.37528
1.37034
1.36541
1.36049
1.35557
1.35066
1.34576
1.34087
1.33598
1.3311
1.32623
1.32137
1.31651
1.31166
1.30682
1.30198
1.29715
1.29233
1.28752
1.28271
1.27792
1.27312
1.26834
1.26356
1.25879
1.25403
1.24927
1.24453
1.23978
1.23505
1.23032
1.2256
1.22089
1.21618
1.21148
1.20679
1.2021
1.19742
1.19275
1.18808
1.18343
1.17877
1.17413
1.16949
1.16486
1.16023
1.15562
1.151
1.1464
1.1418
1.13721
1.13263
1.12805
1.12348
1.11891
1.11435
1.1098
1.10526
1.10072
1.09619
1.09166
1.08714
1.08263
1.07812
1.07362
1.06913
1.06464
1.06016
1.05569
1.05122
1.04676
1.0423
1.03785
1.03341
1.02898
1.02455
1.02012
1.0157
1.01129
1.00689
1.00249
0.998096
0.993709
0.989328
0.984954
0.980585
0.976223
0.971867
0.967516
0.963172
0.958834
0.954502
0.950176
0.945856
0.941542
0.937233
0.932931
0.928635
0.924344
0.92006
0.915781
0.911509
0.907242
0.902981
0.898725
0.894476
0.890232
0.885995
0.881762
0.877536
0.873316
0.869101
0.864892
0.860688
0.856491
0.852299
0.848112
0.843931
0.839756
0.835587
0.831423
0.827265
0.823112
0.818965
0.814824
0.810688
0.806557
0.802432
0.798313
0.794199
0.790091
0.785988
0.78189
0.777798
0.773712
0.76963
0.765555
0.761484
0.757419
0.75336
0.749305
0.745256
0.741213
0.737175
0.733142
0.729114
0.725092
0.721074
0.717063
0.713056
0.709055
0.705059
0.701068
0.697082
0.693101
0.689126
0.685156
0.681191
0.677231
0.673276
0.669327
0.665382
0.661443
0.657508
0.653579
0.649655
0.645736
0.641822
0.637913
0.634009
0.63011
0.626216
0.622327
0.618443
0.614564
0.61069
0.60682
0.602956
0.599097
0.595242
0.591393
0.587548
0.583708
0.579874
0.576044
0.572218
0.568398
0.564583
0.560772
0.556966
0.553165
0.549369
0.545577
0.54179
0.538008
0.534231
0.530458
0.526691
0.522928
0.519169
0.515415
0.511666
0.507922
0.504182
0.500447
0.496717
0.492991
0.48927
0.485554
0.481842
0.478134
0.474432
0.470734
0.46704
0.463351
0.459667
0.455987
0.452311
0.44864
0.444974
0.441312
0.437655
0.434002
0.430353
0.426709
0.42307
0.419435
0.415804
0.412178
0.408556
0.404939
0.401326
0.397717
0.394113
0.390513
0.386918
0.383326
0.37974
0.376157
0.372579
0.369005
0.365436
0.36187
0.35831
0.354753
0.351201
0.347652
0.344109
0.340569
0.337034
0.333503
0.329976
0.326453
0.322934
0.31942
0.31591
0.312404
0.308902
0.305405
0.301911
0.298422
0.294937
0.291456
0.287979
0.284506
0.281038
0.277573
0.274113
0.270656
0.267204
0.263756
0.260311
0.256871
0.253435
0.250003
0.246575
0.243151
0.239731
0.236315
0.232903
0.229495
0.226091
0.222691
0.219294
0.215902
0.212514
0.20913
0.205749
0.202373
0.199
0.195632
0.192267
0.188906
0.185549
0.182196
0.178847
0.175502
0.17216
0.168823
0.165489
0.162159
0.158833
0.15551
0.152192
0.148877
0.145566
0.142259
0.138956
0.135656
0.132361
0.129069
0.12578
0.122496
0.119215
0.115938
0.112665
0.109395
0.106129
0.102867
0.0996086
0.0963538
0.0931027
0.0898553
0.0866116
0.0833715
0.0801351
0.0769023
0.0736731
0.0704476
0.0672258
0.0640075
0.0607929
0.0575819
0.0543745
0.0511706
0.0479704
0.0447738
0.0415807
0.0383912
0.0352052
0.0320229
0.028844
0.0256687
0.022497
0.0193287
0.016164
0.0130029
0.0098452
0.00669103
0.00354036
0.000393183
-0.00275051
-0.00589072
-0.00902746
-0.0121607
-0.0152905
-0.0184169
-0.0215398
-0.0246593
-0.0277753
-0.0308879
-0.0339971
-0.0371029
-0.0402052
-0.0433042
-0.0463997
-0.0494919
-0.0525807
-0.055666
-0.0587481
-0.0618267
-0.064902
-0.0679739
-0.0710425
-0.0741078
-0.0771697
-0.0802282
-0.0832835
-0.0863354
-0.089384
-0.0924293
-0.0954713
-0.09851
-0.101545
-0.104578
-0.107606
-0.110632
-0.113654
-0.116673
-0.119689
-0.122702
-0.125711
-0.128717
-0.13172
-0.134719
-0.137716
-0.140709
-0.143699
-0.146685
-0.149669
-0.152649
-0.155626
-0.1586
-0.161571
-0.164539
-0.167503
-0.170465
-0.173423
-0.176378
-0.179329
-0.182278
-0.185224
-0.188166
-0.191105
-0.194042
-0.196975
-0.199905
-0.202832
-0.205755
-0.208676
-0.211594
-0.214508
-0.217419
-0.220328
-0.223233
-0.226135
-0.229034
-0.231931
-0.234824
-0.237714
-0.240601
-0.243485
-0.246366
-0.249244
-0.252118
-0.25499
-0.257859
-0.260725
-0.263588
-0.266448
-0.269305
-0.272159
-0.27501
-0.277858
-0.280703
-0.283545
-0.286384
-0.28922
-0.292054
-0.294884
-0.297711
-0.300536
-0.303357
-0.306176
-0.308991
-0.311804
-0.314614
-0.317421
-0.320225
-0.323026
-0.325824
-0.32862
-0.331412
-0.334202
-0.336989
-0.339773
-0.342554
-0.345332
-0.348107
-0.35088
-0.353649
-0.356416
-0.35918
-0.361941
-0.3647
-0.367455
-0.370208
-0.372958
-0.375705
-0.378449
-0.381191
-0.383929
-0.386665
-0.389398
-0.392129
-0.394856
-0.397581
-0.400303
-0.403023
-0.405739
-0.408453
-0.411164
-0.413872
-0.416578
-0.419281
-0.421981
-0.424678
-0.427373
-0.430065
-0.432754
-0.435441
-0.438124
-0.440806
-0.443484
-0.44616
-0.448833
-0.451503
-0.454171
-0.456836
-0.459498
-0.462158
-0.464815
-0.467469
-0.470121
-0.47277
-0.475417
-0.47806
-0.480702
-0.48334
-0.485976
-0.488609
-0.49124
-0.493868
-0.496493
-0.499116
-0.501736
-0.504354
-0.506969
-0.509581
-0.512191
-0.514799
-0.517403
-0.520005
-0.522605
-0.525202
-0.527796
-0.530388
-0.532977
-0.535564
-0.538148
-0.54073
-0.543309
-0.545885
-0.548459
-0.551031
-0.5536
-0.556166
-0.55873
-0.561292
-0.563851
-0.566407
-0.568961
-0.571512
-0.574061
-0.576608
-0.579152
-0.581693
-0.584232
-0.586768
-0.589302
-0.591834
-0.594363
-0.59689
-0.599414
-0.601936
-0.604455
-0.606972
-0.609486
-0.611998
-0.614507
-0.617015
-0.619519
-0.622021
-0.624521
-0.627018
-0.629513
-0.632006
-0.634496
-0.636984
-0.639469
-0.641952
-0.644433
-0.646911
-0.649387
-0.65186
-0.654331
-0.6568
-0.659266
-0.66173
-0.664191
-0.66665
-0.669107
-0.671562
-0.674014
-0.676463
-0.678911
-0.681356
-0.683799
-0.686239
-0.688677
-0.691113
-0.693546
-0.695977
-0.698406
-0.700832
-0.703257
-0.705678
-0.708098
-0.710515
-0.71293
-0.715343
-0.717753
-0.720161
-0.722567
-0.72497
-0.727372
-0.72977
-0.732167
-0.734561
-0.736954
-0.739343
-0.741731
-0.744116
-0.7465
-0.74888
-0.751259
-0.753635
-0.756009
-0.758381
-0.760751
-0.763118
-0.765484
-0.767847
-0.770207
-0.772566
-0.774922
-0.777276
-0.779628
-0.781978
-0.784325
-0.78667
-0.789014
-0.791354
-0.793693
-0.79603
-0.798364
-0.800696
-0.803026
-0.805354
-0.80768
-0.810003
-0.812324
-0.814643
-0.81696
-0.819275
-0.821588
-0.823898
-0.826207
-0.828513
-0.830817
-0.833119
-0.835419
-0.837716
-0.840012
-0.842305
-0.844596
-0.846886
-0.849173
-0.851458
-0.85374
-0.856021
-0.8583
-0.860576
-0.86285
-0.865123
-0.867393
-0.869661
-0.871927
-0.874191
-0.876453
-0.878712
-0.88097
-0.883226
-0.885479
-0.887731
-0.88998
-0.892227
-0.894472
-0.896716
-0.898957
-0.901196
-0.903433
-0.905668
-0.907901
-0.910132
-0.91236
-0.914587
-0.916812
-0.919035
-0.921255
-0.923474
-0.925691
-0.927905
-0.930118
-0.932328
-0.934537
-0.936744
-0.938948
-0.941151
-0.943351
-0.94555
-0.947746
-0.949941
-0.952133
-0.954324
-0.956513
-0.958699
-0.960884
-0.963066
-0.965247
-0.967426
-0.969602
-0.971777
-0.97395
-0.976121
-0.97829
-0.980456
-0.982621
-0.984784
-0.986945
-0.989104
-0.991262
-0.993417
-0.99557
-0.997721
-0.999871
-1.00202
-1.00416
-1.00631
-1.00845
-1.01059
-1.01273
-1.01486
-1.017
-1.01913
-1.02126
-1.02339
-1.02551
-1.02764
-1.02976
-1.03188
-1.034
-1.03612
-1.03823
-1.04034
-1.04245
-1.04456
-1.04667
-1.04878
-1.05088
-1.05298
-1.05508
-1.05718
-1.05928
-1.06137
-1.06346
-1.06555
-1.06764
-1.06973
-1.07181
-1.0739
-1.07598
-1.07806
-1.08013
-1.08221
-1.08428
-1.08636
-1.08843
-1.09049
-1.09256
-1.09463
-1.09669
-1.09875
-1.10081
-1.10287
-1.10492
-1.10698
-1.10903
-1.11108
-1.11313
-1.11517
-1.11722
-1.11926
-1.1213
-1.12334
-1.12538
-1.12741
-1.12945
-1.13148
-1.13351
-1.13554
-1.13757
-1.13959
-1.14161
-1.14364
-1.14565
-1.14767
-1.14969
-1.1517
-1.15372
-1.15573
-1.15774
-1.15974
-1.16175
-1.16375
-1.16575
-1.16775
-1.16975
-1.17175
-1.17374
-1.17574
-1.17773
-1.17972
-1.18171
-1.18369
-1.18568
-1.18766
-1.18964
-1.19162
-1.1936
-1.19558
-1.19755
-1.19952
-1.20149
-1.20346
-1.20543
-1.2074
-1.20936
-1.21132
-1.21328
-1.21524
-1.2172
-1.21915
-1.22111
-1.22306
-1.22501
-1.22696
-1.22891
-1.23085
-1.23279
-1.23474
-1.23668
-1.23861
-1.24055
-1.24249
-1.24442
-1.24635
-1.24828
-1.25021
-1.25214
-1.25406
-1.25599
-1.25791
-1.25983
-1.26175
-1.26366
-1.26558
-1.26749
-1.26941
-1.27132
-1.27322
-1.27513
-1.27704
-1.27894
-1.28084
-1.28274
-1.28464
-1.28654
-1.28843
-1.29033
-1.29222
-1.29411
-1.296
-1.29789
-1.29977
-1.30166
-1.30354
-1.30542
-1.3073
-1.30918
-1.31106
-1.31293
-1.3148
-1.31667
-1.31854
-1.32041
-1.32228
-1.32414
-1.32601
-1.32787
-1.32973
-1.33159
-1.33345
-1.3353
-1.33715
-1.33901
-1.34086
-1.34271
-1.34455
-1.3464
-1.34824
-1.35009
-1.35193
-1.35377
-1.35561
-1.35744
-1.35928
-1.36111
-1.36294
-1.36477
-1.3666
-1.36843
-1.37026
-1.37208
-1.3739
-1.37572
-1.37754
-1.37936
-1.38118
-1.38299
-1.38481
-1.38662
-1.38843
-1.39024
-1.39204
-1.39385
-1.39565
-1.39746
-1.39926
-1.40106
-1.40286
-1.40465
-1.40645
-1.40824
-1.41003
-1.41182
-1.41361
-1.4154
-1.41719
-1.41897
-1.42075
-1.42253
-1.42431
-1.42609
-1.42787
-1.42965
-1.43142
-1.43319
-1.43496
-1.43673
-1.4385
-1.44027
-1.44203
-1.4438
-1.44556
-1.44732
-1.44908
-1.45084
-1.45259
-1.45435
-1.4561
-1.45785
-1.4596
-1.46135
-1.4631
-1.46484
-1.46659
-1.46833
-1.47007
-1.47181
-1.47355
-1.47529
-1.47702
-1.47876
-1.48049
-1.48222
-1.48395
-1.48568
-1.48741
-1.48913
-1.49086
-1.49258
-1.4943
-1.49602
-1.49774
-1.49946
-1.50117
-1.50289
-1.5046
-1.50631
-1.50802
-1.50973
-1.51143
-1.51314
-1.51484
-1.51655
-1.51825
-1.51995
-1.52165
-1.52334
-1.52504
-1.52673
-1.52843
-1.53012
-1.53181
-1.5335
-1.53518
-1.53687
-1.53855
-1.54024
-1.54192
-1.5436
-1.54528
-1.54695
-1.54863
-1.5503
-1.55198
-1.55365
-1.55532
-1.55699
-1.55866
-1.56032
-1.56199
-1.56365
-1.56531
-1.56697
-1.56863
-1.57029
-1.57195
-1.5736
-1.57526
-1.57691
-1.57856
-1.58021
-1.58186
-1.5835
-1.58515
-1.58679
-1.58844
-1.59008
-1.59172
-1.59336
-1.595
-1.59663
-1.59827
-1.5999
-1.60153
-1.60316
-1.60479
-1.60642
-1.60805
-1.60967
-1.6113
-1.61292
-1.61454
-1.61616
-1.61778
-1.6194
-1.62101
-1.62263
-1.62424
-1.62585
-1.62746
-1.62907
-1.63068
-1.63229
-1.63389
-1.6355
-1.6371
-1.6387
-1.6403
-1.6419
-1.6435
-1.6451
-1.64669
-1.64828
-1.64988
-1.65147
-1.65306
-1.65465
-1.65623
-1.65782
-1.6594
-1.66099
-1.66257
-1.66415
-1.66573
-1.66731
-1.66888
-1.67046
-1.67203
-1.6736
-1.67518
-1.67675
-1.67831
-1.67988
-1.68145
-1.68301
-1.68458
-1.68614
-1.6877
-1.68926
-1.69082
-1.69238
-1.69393
-1.69549
-1.69704
-1.69859
-1.70015
-1.7017
-1.70324
-1.70479
-1.70634
-1.70788
-1.70943
-1.71097
-1.71251
-1.71405
-1.71559
-1.71712
-1.71866
-1.72019
-1.72173
-1.72326
-1.72479
-1.72632
-1.72785
-1.72938
-1.7309
-1.73243
-1.73395
-1.73547
-1.73699
-1.73851
-1.74003
-1.74155
-1.74306
-1.74458
-1.74609
-1.7476
-1.74912
-1.75062
-1.75213
-1.75364
-1.75515
-1.75665
-1.75816
-1.75966
-1.76116
-1.76266
-1.76416
-1.76566
-1.76715
-1.76865
-1.77014
-1.77163
-1.77312
-1.77461
-1.7761
-1.77759
-1.77908
-1.78056
-1.78205
-1.78353
-1.78501
-1.78649
-1.78797
-1.78945
-1.79093
-1.7924
-1.79388
-1.79535
-1.79682
-1.79829
-1.79976
-1.80123
-1.8027
-1.80417
-1.80563
-1.80709
-1.80856
-1.81002
-1.81148
-1.81294
-1.8144
-1.81585
-1.81731
-1.81876
-1.82022
-1.82167
-1.82312
-1.82457
-1.82602
-1.82746
-1.82891
-1.83035
-1.8318
-1.83324
-1.83468
-1.83612
-1.83756
-1.839
-1.84044
-1.84187
-1.84331
-1.84474
-1.84617
-1.8476
-1.84903
-1.85046
-1.85189
-1.85331
-1.85474
-1.85616
-1.85759
-1.85901
-1.86043
-1.86185
-1.86327
-1.86468
-1.8661
-1.86751
-1.86893
-1.87034
-1.87175
-1.87316
-1.87457
-1.87598
-1.87738
-1.87879
-1.88019
-1.8816
-1.883
-1.8844
-1.8858
-1.8872
-1.8886
-1.88999
-1.89139
-1.89278
-1.89418
-1.89557
-1.89696
-1.89835
-1.89974
-1.90112
-1.90251
-1.9039
-1.90528
-1.90666
-1.90805
-1.90943
-1.91081
-1.91218
-1.91356
-1.91494
-1.91631
-1.91769
-1.91906
-1.92043
-1.9218
-1.92317
-1.92454
-1.92591
-1.92727
-1.92864
-1.93
-1.93137
-1.93273
-1.93409
-1.93545
-1.93681
-1.93817
-1.93952
-1.94088
-1.94223
-1.94358
-1.94494
-1.94629
-1.94764
-1.94899
-1.95033
-1.95168
-1.95303
-1.95437
-1.95571
-1.95706
-1.9584
-1.95974
-1.96108
-1.96241
-1.96375
-1.96509
-1.96642
-1.96775
-1.96909
-1.97042
-1.97175
-1.97308
-1.97441
-1.97573
-1.97706
-1.97838
-1.97971
-1.98103
-1.98235
-1.98367
-1.98499
-1.98631
-1.98763
-1.98894
-1.99026
-1.99157
-1.99289
-1.9942
-1.99551
-1.99682
-1.99813
-1.99944
-2.00074
-2.00205
-2.00335
-2.00466
-2.00596
-2.00726
-2.00856
-2.00986
-2.01116
-2.01246
-2.01375
-2.01505
-2.01634
-2.01764
-2.01893
-2.02022
-2.02151
-2.0228
-2.02409
-2.02537
-2.02666
-2.02794
-2.02923
-2.03051
-2.03179
-2.03307
-2.03435
-2.03563
-2.03691
-2.03819
-2.03946
-2.04074
-2.04201
-2.04328
-2.04455
-2.04582
-2.04709
-2.04836
-2.04963
-2.05089
-2.05216
-2.05342
-2.05469
-2.05595
-2.05721
-2.05847
-2.05973
-2.06099
-2.06224
-2.0635
-2.06476
-2.06601
-2.06726
-2.06851
-2.06977
-2.07102
-2.07226
-2.07351
-2.07476
-2.076
-2.07725
-2.07849
-2.07974
-2.08098
-2.08222
-2.08346
-2.0847
-2.08594
-2.08717
-2.08841
-2.08964
-2.09088
-2.09211
-2.09334
-2.09457
-2.0958
-2.09703
-2.09826
-2.09948
-2.10071
-2.10194
-2.10316
-2.10438
-2.1056
-2.10682
-2.10804
-2.10926
-2.11048
-2.1117
-2.11291
-2.11413
-2.11534
-2.11656
-2.11777
-2.11898
-2.12019
-2.1214
-2.12261
-2.12381
-2.12502
-2.12622
-2.12743
-2.12863
-2.12983
-2.13103
-2.13223
-2.13343
-2.13463
-2.13583
-2.13703
-2.13822
-2.13942
-2.14061
-2.1418
-2.14299
-2.14418
-2.14537
-2.14656
-2.14775
-2.14894
-2.15012
-2.15131
-2.15249
-2.15367
-2.15485
-2.15603
-2.15721
-2.15839
-2.15957
-2.16075
-2.16192
-2.1631
-2.16427
-2.16545
-2.16662
-2.16779
-2.16896
-2.17013
-2.1713
-2.17246
-2.17363
-2.1748
-2.17596
-2.17712
-2.17829
-2.17945
-2.18061
-2.18177
-2.18293
-2.18409
-2.18524
-2.1864
-2.18755
-2.18871
-2.18986
-2.19101
-2.19217
-2.19332
-2.19447
-2.19561
-2.19676
-2.19791
-2.19905
-2.2002
-2.20134
-2.20248
-2.20363
-2.20477
-2.20591
-2.20705
-2.20819
-2.20932
-2.21046
-2.21159
-2.21273
-2.21386
-2.21499
-2.21613
-2.21726
-2.21839
-2.21952
-2.22064
-2.22177
-2.2229
-2.22402
-2.22515
-2.22627
-2.22739
-2.22851
-2.22963
-2.23075
-2.23187
-2.23299
-2.23411
-2.23522
-2.23634
-2.23745
-2.23857
-2.23968
-2.24079
-2.2419
-2.24301
-2.24412
-2.24523
-2.24633
-2.24744
-2.24854
-2.24965
-2.25075
-2.25185
-2.25296
-2.25406
-2.25516
-2.25625
-2.25735
-2.25845
-2.25955
-2.26064
-2.26173
-2.26283
-2.26392
-2.26501
-2.2661
-2.26719
-2.26828
-2.26937
-2.27046
-2.27154
-2.27263
-2.27371
-2.27479
-2.27588
-2.27696
-2.27804
-2.27912
-2.2802
-2.28128
-2.28235
-2.28343
-2.28451
-2.28558
-2.28665
-2.28773
-2.2888
-2.28987
-2.29094
-2.29201
-2.29308
-2.29414
-2.29521
-2.29628
-2.29734
-2.2984
-2.29947
-2.30053
-2.30159
-2.30265
-2.30371
-2.30477
-2.30583
-2.30688
-2.30794
-2.30899
-2.31005
-2.3111
-2.31215
-2.31321
-2.31426
-2.31531
-2.31636
-2.3174
-2.31845
-2.3195
-2.32054
-2.32159
-2.32263
-2.32367
-2.32472
-2.32576
-2.3268
-2.32784
-2.32888
-2.32991
-2.33095
-2.33199
-2.33302
-2.33405
-2.33509
-2.33612
-2.33715
-2.33818
-2.33921
-2.34024
-2.34127
-2.3423
-2.34332
-2.34435
-2.34537
-2.3464
-2.34742
-2.34844
-2.34946
-2.35049
-2.3515
-2.35252
-2.35354
-2.35456
-2.35557
-2.35659
-2.3576
-2.35862
-2.35963
-2.36064
-2.36165
-2.36266
-2.36367
-2.36468
-2.36569
-2.3667
-2.3677
-2.36871
-2.36971
-2.37072
-2.37172
-2.37272
-2.37372
-2.37472
-2.37572
-2.37672
-2.37772
-2.37871
-2.37971
-2.3807
-2.3817
-2.38269
-2.38368
-2.38468
-2.38567
-2.38666
-2.38765
-2.38863
-2.38962
-2.39061
-2.39159
-2.39258
-2.39356
-2.39455
-2.39553
-2.39651
-2.39749
-2.39847
-2.39945
-2.40043
-2.40141
-2.40238
-2.40336
-2.40434
-2.40531
-2.40628
-2.40726
-2.40823
-2.4092
-2.41017
-2.41114
-2.41211
-2.41307
-2.41404
-2.41501
-2.41597
-2.41694
-2.4179
-2.41886
-2.41982
-2.42079
-2.42175
-2.4227
-2.42366
-2.42462
-2.42558
-2.42653
-2.42749
-2.42844
-2.4294
-2.43035
-2.4313
-2.43225
-2.43321
-2.43415
-2.4351
-2.43605
-2.437
-2.43795
-2.43889
-2.43984
-2.44078
-2.44172
-2.44267
-2.44361
-2.44455
-2.44549
-2.44643
-2.44737
-2.4483
-2.44924
-2.45018
-2.45111
-2.45204
-2.45298
-2.45391
-2.45484
-2.45577
-2.4567
-2.45763
-2.45856
-2.45949
-2.46042
-2.46134
-2.46227
-2.46319
-2.46412
-2.46504
-2.46596
-2.46689
-2.46781
-2.46873
-2.46965
-2.47056
-2.47148
-2.4724
-2.47331
-2.47423
-2.47514
-2.47606
-2.47697
-2.47788
-2.47879
-2.4797
-2.48061
-2.48152
-2.48243
-2.48334
-2.48424
-2.48515
-2.48605
-2.48696
-2.48786
-2.48876
-2.48967
-2.49057
-2.49147
-2.49237
-2.49327
-2.49416
-2.49506
-2.49596
-2.49685
-2.49775
-2.49864
-2.49953
-2.50043
-2.50132
-2.50221
-2.5031
-2.50399
-2.50488
-2.50577
-2.50665
-2.50754
-2.50842
-2.50931
-2.51019
-2.51108
-2.51196
-2.51284
-2.51372
-2.5146
-2.51548
-2.51636
-2.51724
-2.51811
-2.51899
-2.51986
-2.52074
-2.52161
-2.52248
-2.52336
-2.52423
-2.5251
-2.52597
-2.52684
-2.52771
-2.52857
-2.52944
-2.53031
-2.53117
-2.53204
-2.5329
-2.53376
-2.53463
-2.53549
-2.53635
-2.53721
-2.53807
-2.53893
-2.53978
-2.54064
-2.5415
-2.54235
-2.54321
-2.54406
-2.54492
-2.54577
-2.54662
-2.54747
-2.54832
-2.54917
-2.55002
-2.55087
-2.55171
-2.55256
-2.55341
-2.55425
-2.55509
-2.55594
-2.55678
-2.55762
-2.55846
-2.5593
-2.56014
-2.56098
-2.56182
-2.56266
-2.56349
-2.56433
-2.56516
-2.566
-2.56683
-2.56767
-2.5685
-2.56933
-2.57016
-2.57099
-2.57182
-2.57265
-2.57347
-2.5743
-2.57513
-2.57595
-2.57678
-2.5776
-2.57842
-2.57925
-2.58007
-2.58089
-2.58171
-2.58253
-2.58335
-2.58417
-2.58498
-2.5858
-2.58661
-2.58743
-2.58824
-2.58906
-2.58987
-2.59068
-2.59149
-2.5923
-2.59311
-2.59392
-2.59473
-2.59554
-2.59635
-2.59715
-2.59796
-2.59876
-2.59957
-2.60037
-2.60117
-2.60197
-2.60277
-2.60357
-2.60437
-2.60517
-2.60597
-2.60677
-2.60756
-2.60836
-2.60916
-2.60995
-2.61074
-2.61154
-2.61233
-2.61312
-2.61391
-2.6147
-2.61549
-2.61628
-2.61707
-2.61785
-2.61864
-2.61943
-2.62021
-2.621
-2.62178
-2.62256
-2.62334
-2.62413
-2.62491
-2.62569
-2.62647
-2.62724
-2.62802
-2.6288
-2.62957
-2.63035
-2.63113
-2.6319
-2.63267
-2.63345
-2.63422
-2.63499
-2.63576
-2.63653
-2.6373
-2.63807
-2.63883
-2.6396
-2.64037
-2.64113
-2.6419
-2.64266
-2.64343
-2.64419
-2.64495
-2.64571
-2.64647
-2.64723
-2.64799
-2.64875
-2.64951
-2.65026
-2.65102
-2.65178
-2.65253
-2.65328
-2.65404
-2.65479
-2.65554
-2.65629
-2.65704
-2.65779
-2.65854
-2.65929
-2.66004
-2.66079
-2.66153
-2.66228
-2.66302
-2.66377
-2.66451
-2.66525
-2.666
-2.66674
-2.66748
-2.66822
-2.66896
-2.6697
-2.67043
-2.67117
-2.67191
-2.67264
-2.67338
-2.67411
-2.67485
-2.67558
-2.67631
-2.67704
-2.67777
-2.6785
-2.67923
-2.67996
-2.68069
-2.68142
-2.68214
-2.68287
-2.6836
-2.68432
-2.68504
-2.68577
-2.68649
-2.68721
-2.68793
-2.68865
-2.68937
-2.69009
-2.69081
-2.69153
-2.69224
-2.69296
-2.69368
-2.69439
-2.69511
-2.69582
-2.69653
-2.69724
-2.69796
-2.69867
-2.69938
-2.70009
-2.70079
-2.7015
-2.70221
-2.70292
-2.70362
-2.70433
-2.70503
-2.70574
-2.70644
-2.70714
-2.70784
-2.70854
-2.70924
-2.70994
-2.71064
-2.71134
-2.71204
-2.71274
-2.71343
-2.71413
-2.71482
-2.71552
-2.71621
-2.7169
-2.7176
-2.71829
-2.71898
-2.71967
-2.72036
-2.72105
-2.72173
-2.72242
-2.72311
-2.72379
-2.72448
-2.72516
-2.72585
-2.72653
-2.72721
-2.7279
-2.72858
-2.72926
-2.72994
-2.73062
-2.7313
-2.73197
-2.73265
-2.73333
-2.734
-2.73468
-2.73535
-2.73603
-2.7367
-2.73737
-2.73804
-2.73871
-2.73939
-2.74005
-2.74072
-2.74139
-2.74206
-2.74273
-2.74339
-2.74406
-2.74472
-2.74539
-2.74605
-2.74672
-2.74738
-2.74804
-2.7487
-2.74936
-2.75002
-2.75068
-2.75134
-2.752
-2.75265
-2.75331
-2.75397
-2.75462
-2.75527
-2.75593
-2.75658
-2.75723
-2.75789
-2.75854
-2.75919
-2.75984
-2.76049
-2.76113
-2.76178
-2.76243
-2.76307
-2.76372
-2.76437
-2.76501
-2.76565
-2.7663
-2.76694
-2.76758
-2.76822
-2.76886
-2.7695
-2.77014
-2.77078
-2.77142
-2.77205
-2.77269
-2.77333
-2.77396
-2.7746
-2.77523
-2.77586
-2.7765
-2.77713
-2.77776
-2.77839
-2.77902
-2.77965
-2.78028
-2.7809
-2.78153
-2.78216
-2.78278
-2.78341
-2.78403
-2.78466
-2.78528
-2.7859
-2.78653
-2.78715
-2.78777
-2.78839
-2.78901
-2.78963
-2.79024
-2.79086
-2.79148
-2.79209
-2.79271
-2.79332
-2.79394
-2.79455
-2.79516
-2.79578
-2.79639
-2.797
-2.79761
-2.79822
-2.79883
-2.79944
-2.80004
-2.80065
-2.80126
-2.80186
-2.80247
-2.80307
-2.80368
-2.80428
-2.80488
-2.80548
-2.80608
-2.80669
-2.80729
-2.80788
-2.80848
-2.80908
-2.80968
-2.81027
-2.81087
-2.81147
-2.81206
-2.81265
-2.81325
-2.81384
-2.81443
-2.81502
-2.81562
-2.81621
-2.8168
-2.81738
-2.81797
-2.81856
-2.81915
-2.81973
-2.82032
-2.8209
-2.82149
-2.82207
-2.82266
-2.82324
-2.82382
-2.8244
-2.82498
-2.82556
-2.82614
-2.82672
-2.8273
-2.82787
-2.82845
-2.82903
-2.8296
-2.83018
-2.83075
-2.83133
-2.8319
-2.83247
-2.83304
-2.83361
-2.83418
-2.83475
-2.83532
-2.83589
-2.83646
-2.83703
-2.83759
-2.83816
-2.83872
-2.83929
-2.83985
-2.84042
-2.84098
-2.84154
-2.8421
-2.84266
-2.84322
-2.84378
-2.84434
-2.8449
-2.84546
-2.84601
-2.84657
-2.84713
-2.84768
-2.84824
-2.84879
-2.84934
-2.8499
-2.85045
-2.851
-2.85155
-2.8521
-2.85265
-2.8532
-2.85375
-2.85429
-2.85484
-2.85539
-2.85593
-2.85648
-2.85702
-2.85757
-2.85811
-2.85865
-2.8592
-2.85974
-2.86028
-2.86082
-2.86136
-2.8619
-2.86243
-2.86297
-2.86351
-2.86404
-2.86458
-2.86512
-2.86565
-2.86618
-2.86672
-2.86725
-2.86778
-2.86831
-2.86884
-2.86937
-2.8699
-2.87043
-2.87096
-2.87149
-2.87201
-2.87254
-2.87307
-2.87359
-2.87412
-2.87464
-2.87516
-2.87569
-2.87621
-2.87673
-2.87725
-2.87777
-2.87829
-2.87881
-2.87933
-2.87985
-2.88036
-2.88088
-2.88139
-2.88191
-2.88242
-2.88294
-2.88345
-2.88396
-2.88448
-2.88499
-2.8855
-2.88601
-2.88652
-2.88703
-2.88754
-2.88804
-2.88855
-2.88906
-2.88956
-2.89007
-2.89057
-2.89108
-2.89158
-2.89208
-2.89259
-2.89309
-2.89359
-2.89409
-2.89459
-2.89509
-2.89559
-2.89609
-2.89658
-2.89708
-2.89758
-2.89807
-2.89857
-2.89906
-2.89955
-2.90005
-2.90054
-2.90103
-2.90152
-2.90201
-2.9025
-2.90299
-2.90348
-2.90397
-2.90446
-2.90495
-2.90543
-2.90592
-2.9064
-2.90689
-2.90737
-2.90785
-2.90834
-2.90882
-2.9093
-2.90978
-2.91026
-2.91074
-2.91122
-2.9117
-2.91218
-2.91265
-2.91313
-2.91361
-2.91408
-2.91456
-2.91503
-2.91551
-2.91598
-2.91645
-2.91692
-2.91739
-2.91786
-2.91833
-2.9188
-2.91927
-2.91974
-2.92021
-2.92068
-2.92114
-2.92161
-2.92207
-2.92254
-2.923
-2.92347
-2.92393
-2.92439
-2.92485
-2.92531
-2.92577
-2.92623
-2.92669
-2.92715
-2.92761
-2.92807
-2.92852
-2.92898
-2.92943
-2.92989
-2.93034
-2.9308
-2.93125
-2.9317
-2.93216
-2.93261
-2.93306
-2.93351
-2.93396
-2.93441
-2.93485
-2.9353
-2.93575
-2.9362
-2.93664
-2.93709
-2.93753
-2.93798
-2.93842
-2.93886
-2.93931
-2.93975
-2.94019
-2.94063
-2.94107
-2.94151
-2.94195
-2.94239
-2.94282
-2.94326
-2.9437
-2.94413
-2.94457
-2.945
-2.94544
-2.94587
-2.9463
-2.94674
-2.94717
-2.9476
-2.94803
-2.94846
-2.94889
-2.94932
-2.94975
-2.95017
-2.9506
-2.95103
-2.95145
-2.95188
-2.9523
-2.95273
-2.95315
-2.95357
-2.95399
-2.95442
-2.95484
-2.95526
-2.95568
-2.9561
-2.95651
-2.95693
-2.95735
-2.95777
-2.95818
-2.9586
-2.95901
-2.95943
-2.95984
-2.96026
-2.96067
-2.96108
-2.96149
-2.9619
-2.96231
-2.96272
-2.96313
-2.96354
-2.96395
-2.96436
-2.96476
-2.96517
-2.96558
-2.96598
-2.96639
-2.96679
-2.96719
-2.9676
-2.968
-2.9684
-2.9688
-2.9692
-2.9696
-2.97
-2.9704
-2.9708
-2.9712
-2.97159
-2.97199
-2.97238
-2.97278
-2.97317
-2.97357
-2.97396
-2.97435
-2.97475
-2.97514
-2.97553
-2.97592
-2.97631
-2.9767
-2.97709
-2.97748
-2.97786
-2.97825
-2.97864
-2.97902
-2.97941
-2.97979
-2.98018
-2.98056
-2.98094
-2.98133
-2.98171
-2.98209
-2.98247
-2.98285
-2.98323
-2.98361
-2.98399
-2.98436
-2.98474
-2.98512
-2.98549
-2.98587
-2.98624
-2.98662
-2.98699
-2.98737
-2.98774
-2.98811
-2.98848
-2.98885
-2.98922
-2.98959
-2.98996
-2.99033
-2.9907
-2.99106
-2.99143
-2.9918
-2.99216
-2.99253
-2.99289
-2.99326
-2.99362
-2.99398
-2.99434
-2.99471
-2.99507
-2.99543
-2.99579
-2.99615
-2.9965
-2.99686
-2.99722
-2.99758
-2.99793
-2.99829
-2.99864
-2.999
-2.99935
-2.99971
-3.00006
-3.00041
-3.00076
-3.00111
-3.00146
-3.00181
-3.00216
-3.00251
-3.00286
-3.00321
-3.00356
-3.0039
-3.00425
-3.00459
-3.00494
-3.00528
-3.00563
-3.00597
-3.00631
-3.00665
-3.007
-3.00734
-3.00768
-3.00802
-3.00836
-3.00869
-3.00903
-3.00937
-3.00971
-3.01004
-3.01038
-3.01071
-3.01105
-3.01138
-3.01172
-3.01205
-3.01238
-3.01271
-3.01304
-3.01337
-3.0137
-3.01403
-3.01436
-3.01469
-3.01502
-3.01535
-3.01567
-3.016
-3.01632
-3.01665
-3.01697
-3.0173
-3.01762
-3.01794
-3.01826
-3.01859
-3.01891
-3.01923
-3.01955
-3.01987
-3.02019
-3.0205
-3.02082
-3.02114
-3.02145
-3.02177
-3.02208
-3.0224
-3.02271
-3.02303
-3.02334
-3.02365
-3.02396
-3.02428
-3.02459
-3.0249
-3.02521
-3.02551
-3.02582
-3.02613
-3.02644
-3.02675
-3.02705
-3.02736
-3.02766
-3.02797
-3.02827
-3.02857
-3.02888
-3.02918
-3.02948
-3.02978
-3.03008
-3.03038
-3.03068
-3.03098
-3.03128
-3.03158
-3.03187
-3.03217
-3.03247
-3.03276
-3.03306
-3.03335
-3.03364
-3.03394
-3.03423
-3.03452
-3.03481
-3.0351
-3.03539
-3.03568
-3.03597
-3.03626
-3.03655
-3.03684
-3.03712
-3.03741
-3.0377
-3.03798
-3.03827
-3.03855
-3.03883
-3.03912
-3.0394
-3.03968
-3.03996
-3.04024
-3.04052
-3.0408
-3.04108
-3.04136
-3.04164
-3.04192
-3.04219
-3.04247
-3.04275
-3.04302
-3.0433
-3.04357
-3.04384
-3.04412
-3.04439
-3.04466
-3.04493
-3.0452
-3.04547
-3.04574
-3.04601
-3.04628
-3.04655
-3.04682
-3.04708
-3.04735
-3.04762
-3.04788
-3.04814
-3.04841
-3.04867
-3.04894
-3.0492
-3.04946
-3.04972
-3.04998
-3.05024
-3.0505
-3.05076
-3.05102
-3.05128
-3.05153
-3.05179
-3.05205
-3.0523
-3.05256
-3.05281
-3.05307
-3.05332
-3.05357
-3.05382
-3.05408
-3.05433
-3.05458
-3.05483
-3.05508
-3.05533
-3.05558
-3.05582
-3.05607
-3.05632
-3.05656
-3.05681
-3.05705
-3.0573
-3.05754
-3.05779
-3.05803
-3.05827
-3.05851
-3.05875
-3.059
-3.05924
-3.05948
-3.05971
-3.05995
-3.06019
-3.06043
-3.06066
-3.0609
-3.06114
-3.06137
-3.06161
-3.06184
-3.06207
-3.06231
-3.06254
-3.06277
-3.063
-3.06323
-3.06346
-3.06369
-3.06392
-3.06415
-3.06438
-3.06461
-3.06483
-3.06506
-3.06528
-3.06551
-3.06573
-3.06596
-3.06618
-3.0664
-3.06663
-3.06685
-3.06707
-3.06729
-3.06751
-3.06773
-3.06795
-3.06817
-3.06839
-3.0686
-3.06882
-3.06904
-3.06925
-3.06947
-3.06968
-3.0699
-3.07011
-3.07032
-3.07054
-3.07075
-3.07096
-3.07117
-3.07138
-3.07159
-3.0718
-3.07201
-3.07222
-3.07242
-3.07263
-3.07284
-3.07304
-3.07325
-3.07345
-3.07366
-3.07386
-3.07406
-3.07427
-3.07447
-3.07467
-3.07487
-3.07507
-3.07527
-3.07547
-3.07567
-3.07587
-3.07607
-3.07626
-3.07646
-3.07666
-3.07685
-3.07705
-3.07724
-3.07743
-3.07763
-3.07782
-3.07801
-3.0782
-3.07839
-3.07859
-3.07878
-3.07896
-3.07915
-3.07934
-3.07953
-3.07972
-3.0799
-3.08009
-3.08028
-3.08046
-3.08064
-3.08083
-3.08101
-3.0812
-3.08138
-3.08156
-3.08174
-3.08192
-3.0821
-3.08228
-3.08246
-3.08264
-3.08282
-3.08299
-3.08317
-3.08335
-3.08352
-3.0837
-3.08387
-3.08405
-3.08422
-3.08439
-3.08457
-3.08474
-3.08491
-3.08508
-3.08525
-3.08542
-3.08559
-3.08576
-3.08593
-3.08609
-3.08626
-3.08643
-3.08659
-3.08676
-3.08692
-3.08709
-3.08725
-3.08741
-3.08758
-3.08774
-3.0879
-3.08806
-3.08822
-3.08838
-3.08854
-3.0887
-3.08886
-3.08902
-3.08917
-3.08933
-3.08949
-3.08964
-3.0898
-3.08995
-3.09011
-3.09026
-3.09041
-3.09056
-3.09072
-3.09087
-3.09102
-3.09117
-3.09132
-3.09147
-3.09162
-3.09176
-3.09191
-3.09206
-3.0922
-3.09235
-3.09249
-3.09264
-3.09278
-3.09293
-3.09307
-3.09321
-3.09335
-3.0935
-3.09364
-3.09378
-3.09392
-3.09406
-3.0942
-3.09433
-3.09447
-3.09461
-3.09475
-3.09488
-3.09502
-3.09515
-3.09529
-3.09542
-3.09555
-3.09569
-3.09582
-3.09595
-3.09608
-3.09621
-3.09634
-3.09647
-3.0966
-3.09673
-3.09686
-3.09698
-3.09711
-3.09724
-3.09736
-3.09749
-3.09761
-3.09774
-3.09786
-3.09798
-3.09811
-3.09823
-3.09835
-3.09847
-3.09859
-3.09871
-3.09883
-3.09895
-3.09907
-3.09918
-3.0993
-3.09942
-3.09953
-3.09965
-3.09976
-3.09988
-3.09999
-3.1001
-3.10022
-3.10033
-3.10044
-3.10055
-3.10066
-3.10077
-3.10088
-3.10099
-3.1011
-3.10121
-3.10132
-3.10142
-3.10153
-3.10163
-3.10174
-3.10184
-3.10195
-3.10205
-3.10215
-3.10226
-3.10236
-3.10246
-3.10256
-3.10266
-3.10276
-3.10286
-3.10296
-3.10306
-3.10315
-3.10325
-3.10335
-3.10344
-3.10354
-3.10363
-3.10373
-3.10382
-3.10392
-3.10401
-3.1041
-3.10419
-3.10428
-3.10437
-3.10446
-3.10455
-3.10464
-3.10473
-3.10482
-3.10491
-3.10499
-3.10508
-3.10517
-3.10525
-3.10534
-3.10542
-3.1055
-3.10559
-3.10567
-3.10575
-3.10583
-3.10591
-3.10599
-3.10607
-3.10615
-3.10623
-3.10631
-3.10639
-3.10646
-3.10654
-3.10662
-3.10669
-3.10677
-3.10684
-3.10692
-3.10699
-3.10706
-3.10713
-3.10721
-3.10728
-3.10735
-3.10742
-3.10749
-3.10756
-3.10763
-3.10769
-3.10776
-3.10783
-3.10789
-3.10796
-3.10802
-3.10809
-3.10815
-3.10822
-3.10828
-3.10834
-3.10841
-3.10847
-3.10853
-3.10859
-3.10865
-3.10871
-3.10877
-3.10882
-3.10888
-3.10894
-3.109
-3.10905
-3.10911
-3.10916
-3.10922
-3.10927
-3.10932
-3.10938
-3.10943
-3.10948
-3.10953
-3.10958
-3.10963
-3.10968
-3.10973
-3.10978
-3.10983
-3.10988
-3.10992
-3.10997
-3.11002
-3.11006
-3.11011
-3.11015
-3.11019
-3.11024
-3.11028
-3.11032
-3.11036
-3.11041
-3.11045
-3.11049
-3.11053
-3.11056
-3.1106
-3.11064
-3.11068
-3.11071
-3.11075
-3.11079
-3.11082
-3.11086
-3.11089
-3.11092
-3.11096
-3.11099
-3.11102
-3.11105
-3.11108
-3.11111
-3.11114
-3.11117
-3.1112
-3.11123
-3.11126
-3.11129
-3.11131
-3.11134
-3.11136
-3.11139
-3.11141
-3.11144
-3.11146
-3.11148
-3.11151
-3.11153
-3.11155
-3.11157
-3.11159
-3.11161
-3.11163
-3.11165
-3.11166
-3.11168
-3.1117
-3.11171
-3.11173
-3.11175
-3.11176
-3.11177
-3.11179
-3.1118
-3.11181
-3.11183
-3.11184
-3.11185
-3.11186
-3.11187
-3.11188
-3.11189
-3.1119
-3.1119
-3.11191
-3.11192
-3.11192
-3.11193
-3.11193
-3.11194
-3.11194
-3.11195
-3.11195
-3.11195
-3.11195
-3.11196
-3.11196
-3.11196
-3.11196
-3.11196
-3.11195
-3.11195
-3.11195
-3.11195
-3.11194
-3.11194
-3.11193
-3.11193
-3.11192
-3.11192
-3.11191
-3.1119
-3.1119
-3.11189
-3.11188
-3.11187
-3.11186
-3.11185
-3.11184
-3.11183
-3.11181
-3.1118
-3.11179
-3.11177
-3.11176
-3.11175
-3.11173
-3.11171
-3.1117
-3.11168
-3.11166
-3.11165
-3.11163
-3.11161
-3.11159
-3.11157
-3.11155
-3.11153
-3.11151
-3.11148
-3.11146
-3.11144
-3.11141
-3.11139
-3.11136
-3.11134
-3.11131
-3.11129
-3.11126
-3.11123
-3.1112
-3.11117
-3.11114
-3.11111
-3.11108
-3.11105
-3.11102
-3.11099
-3.11096
-3.11092
-3.11089
-3.11086
-3.11082
-3.11079
-3.11075
-3.11071
-3.11068
-3.11064
-3.1106
-3.11056
-3.11053
-3.11049
-3.11045
-3.11041
-3.11036
-3.11032
-3.11028
-3.11024
-3.11019
-3.11015
-3.11011
-3.11006
-3.11002
-3.10997
-3.10992
-3.10988
-3.10983
-3.10978
-3.10973
-3.10968
-3.10963
-3.10958
-3.10953
-3.10948
-3.10943
-3.10938
-3.10932
-3.10927
-3.10922
-3.10916
-3.10911
-3.10905
-3.109
-3.10894
-3.10888
-3.10882
-3.10877
-3.10871
-3.10865
-3.10859
-3.10853
-3.10847
-3.10841
-3.10834
-3.10828
-3.10822
-3.10815
-3.10809
-3.10802
-3.10796
-3.10789
-3.10783
-3.10776
-3.10769
-3.10763
-3.10756
-3.10749
-3.10742
-3.10735
-3.10728
-3.10721
-3.10713
-3.10706
-3.10699
-3.10692
-3.10684
-3.10677
-3.10669
-3.10662
-3.10654
-3.10646
-3.10639
-3.10631
-3.10623
-3.10615
-3.10607
-3.10599
-3.10591
-3.10583
-3.10575
-3.10567
-3.10559
-3.1055
-3.10542
-3.10534
-3.10525
-3.10517
-3.10508
-3.10499
-3.10491
-3.10482
-3.10473
-3.10464
-3.10455
-3.10446
-3.10437
-3.10428
-3.10419
-3.1041
-3.10401
-3.10392
-3.10382
-3.10373
-3.10363
-3.10354
-3.10344
-3.10335
-3.10325
-3.10315
-3.10306
-3.10296
-3.10286
-3.10276
-3.10266
-3.10256
-3.10246
-3.10236
-3.10226
-3.10215
-3.10205
-3.10195
-3.10184
-3.10174
-3.10163
-3.10153
-3.10142
-3.10132
-3.10121
-3.1011
-3.10099
-3.10088
-3.10077
-3.10066
-3.10055
-3.10044
-3.10033
-3.10022
-3.1001
-3.09999
-3.09988
-3.09976
-3.09965
-3.09953
-3.09942
-3.0993
-3.09918
-3.09907
-3.09895
-3.09883
-3.09871
-3.09859
-3.09847
-3.09835
-3.09823
-3.09811
-3.09798
-3.09786
-3.09774
-3.09761
-3.09749
-3.09736
-3.09724
-3.09711
-3.09698
-3.09686
-3.09673
-3.0966
-3.09647
-3.09634
-3.09621
-3.09608
-3.09595
-3.09582
-3.09569
-3.09555
-3.09542
-3.09529
-3.09515
-3.09502
-3.09488
-3.09475
-3.09461
-3.09447
-3.09433
-3.0942
-3.09406
-3.09392
-3.09378
-3.09364
-3.0935
-3.09335
-3.09321
-3.09307
-3.09293
-3.09278
-3.09264
-3.09249
-3.09235
-3.0922
-3.09206
-3.09191
-3.09176
-3.09162
-3.09147
-3.09132
-3.09117
-3.09102
-3.09087
-3.09072
-3.09056
-3.09041
-3.09026
-3.09011
-3.08995
-3.0898
-3.08964
-3.08949
-3.08933
-3.08917
-3.08902
-3.08886
-3.0887
-3.08854
-3.08838
-3.08822
-3.08806
-3.0879
-3.08774
-3.08758
-3.08741
-3.08725
-3.08709
-3.08692
-3.08676
-3.08659
-3.08643
-3.08626
-3.08609
-3.08593
-3.08576
-3.08559
-3.08542
-3.08525
-3.08508
-3.08491
-3.08474
-3.08457
-3.08439
-3.08422
-3.08405
-3.08387
-3.0837
-3.08352
-3.08335
-3.08317
-3.08299
-3.08282
-3.08264
-3.08246
-3.08228
-3.0821
-3.08192
-3.08174
-3.08156
-3.08138
-3.0812
-3.08101
-3.08083
-3.08064
-3.08046
-3.08028
-3.08009
-3.0799
-3.07972
-3.07953
-3.07934
-3.07915
-3.07896
-3.07878
-3.07859
-3.07839
-3.0782
-3.07801
-3.07782
-3.07763
-3.07743
-3.07724
-3.07705
-3.07685
-3.07666
-3.07646
-3.07626
-3.07607
-3.07587
-3.07567
-3.07547
-3.07527
-3.07507
-3.07487
-3.07467
-3.07447
-3.07427
-3.07406
-3.07386
-3.07366
-3.07345
-3.07325
-3.07304
-3.07284
-3.07263
-3.07242
-3.07222
-3.07201
-3.0718
-3.07159
-3.07138
-3.07117
-3.07096
-3.07075
-3.07054
-3.07032
-3.07011
-3.0699
-3.06968
-3.06947
-3.06925
-3.06904
-3.06882
-3.0686
-3.06839
-3.06817
-3.06795
-3.06773
-3.06751
-3.06729
-3.06707
-3.06685
-3.06663
-3.0664
-3.06618
-3.06596
-3.06573
-3.06551
-3.06528
-3.06506
-3.06483
-3.06461
-3.06438
-3.06415
-3.06392
-3.06369
-3.06346
-3.06323
-3.063
-3.06277
-3.06254
-3.06231
-3.06207
-3.06184
-3.06161
-3.06137
-3.06114
-3.0609
-3.06066
-3.06043
-3.06019
-3.05995
-3.05971
-3.05948
-3.05924
-3.059
-3.05875
-3.05851
-3.05827
-3.05803
-3.05779
-3.05754
-3.0573
-3.05705
-3.05681
-3.05656
-3.05632
-3.05607
-3.05582
-3.05558
-3.05533
-3.05508
-3.05483
-3.05458
-3.05433
-3.05408
-3.05382
-3.05357
-3.05332
-3.05307
-3.05281
-3.05256
-3.0523
-3.05205
-3.05179
-3.05153
-3.05128
-3.05102
-3.05076
-3.0505
-3.05024
-3.04998
-3.04972
-3.04946
-3.0492
-3.04894
-3.04867
-3.04841
-3.04814
-3.04788
-3.04762
-3.04735
-3.04708
-3.04682
-3.04655
-3.04628
-3.04601
-3.04574
-3.04547
-3.0452
-3.04493
-3.04466
-3.04439
-3.04412
-3.04384
-3.04357
-3.0433
-3.04302
-3.04275
-3.04247
-3.04219
-3.04192
-3.04164
-3.04136
-3.04108
-3.0408
-3.04052
-3.04024
-3.03996
-3.03968
-3.0394
-3.03912
-3.03883
-3.03855
-3.03827
-3.03798
-3.0377
-3.03741
-3.03712
-3.03684
-3.03655
-3.03626
-3.03597
-3.03568
-3.03539
-3.0351
-3.03481
-3.03452
-3.03423
-3.03394
-3.03364
-3.03335
-3.03306
-3.03276
-3.03247
-3.03217
-3.03187
-3.03158
-3.03128
-3.03098
-3.03068
-3.03038
-3.03008
-3.02978
-3.02948
-3.02918
-3.02888
-3.02857
-3.02827
-3.02797
-3.02766
-3.02736
-3.02705
-3.02675
-3.02644
-3.02613
-3.02582
-3.02551
-3.02521
-3.0249
-3.02459
-3.02428
-3.02396
-3.02365
-3.02334
-3.02303
-3.02271
-3.0224
-3.02208
-3.02177
-3.02145
-3.02114
-3.02082
-3.0205
-3.02019
-3.01987
-3.01955
-3.01923
-3.01891
-3.01859
-3.01826
-3.01794
-3.01762
-3.0173
-3.01697
-3.01665
-3.01632
-3.016
-3.01567
-3.01535
-3.01502
-3.01469
-3.01436
-3.01403
-3.0137
-3.01337
-3.01304
-3.01271
-3.01238
-3.01205
-3.01172
-3.01138
-3.01105
-3.01071
-3.01038
-3.01004
-3.00971
-3.00937
-3.00903
-3.00869
-3.00836
-3.00802
-3.00768
-3.00734
-3.007
-3.00665
-3.00631
-3.00597
-3.00563
-3.00528
-3.00494
-3.00459
-3.00425
-3.0039
-3.00356
-3.00321
-3.00286
-3.00251
-3.00216
-3.00181
-3.00146
-3.00111
-3.00076
-3.00041
-3.00006
-2.99971
-2.99935
-2.999
-2.99864
-2.99829
-2.99793
-2.99758
-2.99722
-2.99686
-2.9965
-2.99615
-2.99579
-2.99543
-2.99507
-2.99471
-2.99434
-2.99398
-2.99362
-2.99326
-2.99289
-2.99253
-2.99216
-2.9918
-2.99143
-2.99106
-2.9907
-2.99033
-2.98996
-2.98959
-2.98922
-2.98885
-2.98848
-2.98811
-2.98774
-2.98737
-2.98699
-2.98662
-2.98624
-2.98587
-2.98549
-2.98512
-2.98474
-2.98436
-2.98399
-2.98361
-2.98323
-2.98285
-2.98247
-2.98209
-2.98171
-2.98133
-2.98094
-2.98056
-2.98018
-2.97979
-2.97941
-2.97902
-2.97864
-2.97825
-2.97786
-2.97748
-2.97709
-2.9767
-2.97631
-2.97592
-2.97553
-2.97514
-2.97475
-2.97435
-2.97396
-2.97357
-2.97317
-2.97278
-2.97238
-2.97199
-2.97159
-2.9712
-2.9708
-2.9704
-2.97
-2.9696
-2.9692
-2.9688
-2.9684
-2.968
-2.9676
-2.96719
-2.96679
-2.96639
-2.96598
-2.96558
-2.96517
-2.96476
-2.96436
-2.96395
-2.96354
-2.96313
-2.96272
-2.96231
-2.9619
-2.96149
-2.96108
-2.96067
-2.96026
-2.95984
-2.95943
-2.95901
-2.9586
-2.95818
-2.95777
-2.95735
-2.95693
-2.95651
-2.9561
-2.95568
-2.95526
-2.95484
-2.95442
-2.95399
-2.95357
-2.95315
-2.95273
-2.9523
-2.95188
-2.95145
-2.95103
-2.9506
-2.95017
-2.94975
-2.94932
-2.94889
-2.94846
-2.94803
-2.9476
-2.94717
-2.94674
-2.9463
-2.94587
-2.94544
-2.945
-2.94457
-2.94413
-2.9437
-2.94326
-2.94282
-2.94239
-2.94195
-2.94151
-2.94107
-2.94063
-2.94019
-2.93975
-2.93931
-2.93886
-2.93842
-2.93798
-2.93753
-2.93709
-2.93664
-2.9362
-2.93575
-2.9353
-2.93485
-2.93441
-2.93396
-2.93351
-2.93306
-2.93261
-2.93216
-2.9317
-2.93125
-2.9308
-2.93034
-2.92989
-2.92943
-2.92898
-2.92852
-2.92807
-2.92761
-2.92715
-2.92669
-2.92623
-2.92577
-2.92531
-2.92485
-2.92439
-2.92393
-2.92347
-2.923
-2.92254
-2.92207
-2.92161
-2.92114
-2.92068
-2.92021
-2.91974
-2.91927
-2.9188
-2.91833
-2.91786
-2.91739
-2.91692
-2.91645
-2.91598
-2.91551
-2.91503
-2.91456
-2.91408
-2.91361
-2.91313
-2.91265
-2.91218
-2.9117
-2.91122
-2.91074
-2.91026
-2.90978
-2.9093
-2.90882
-2.90834
-2.90785
-2.90737
-2.90689
-2.9064
-2.90592
-2.90543
-2.90495
-2.90446
-2.90397
-2.90348
-2.90299
-2.9025
-2.90201
-2.90152
-2.90103
-2.90054
-2.90005
-2.89955
-2.89906
-2.89857
-2.89807
-2.89758
-2.89708
-2.89658
-2.89609
-2.89559
-2.89509
-2.89459
-2.89409
-2.89359
-2.89309
-2.89259
-2.89208
-2.89158
-2.89108
-2.89057
-2.89007
-2.88956
-2.88906
-2.88855
-2.88804
-2.88754
-2.88703
-2.88652
-2.88601
-2.8855
-2.88499
-2.88448
-2.88396
-2.88345
-2.88294
-2.88242
-2.88191
-2.88139
-2.88088
-2.88036
-2.87985
-2.87933
-2.87881
-2.87829
-2.87777
-2.87725
-2.87673
-2.87621
-2.87569
-2.87516
-2.87464
-2.87412
-2.87359
-2.87307
-2.87254
-2.87201
-2.87149
-2.87096
-2.87043
-2.8699
-2.86937
-2.86884
-2.86831
-2.86778
-2.86725
-2.86672
-2.86618
-2.86565
-2.86512
-2.86458
-2.86404
-2.86351
-2.86297
-2.86243
-2.8619
-2.86136
-2.86082
-2.86028
-2.85974
-2.8592
-2.85865
-2.85811
-2.85757
-2.85702
-2.85648
-2.85593
-2.85539
-2.85484
-2.85429
-2.85375
-2.8532
-2.85265
-2.8521
-2.85155
-2.851
-2.85045
-2.8499
-2.84934
-2.84879
-2.84824
-2.84768
-2.84713
-2.84657
-2.84601
-2.84546
-2.8449
-2.84434
-2.84378
-2.84322
-2.84266
-2.8421
-2.84154
-2.84098
-2.84042
-2.83985
-2.83929
-2.83872
-2.83816
-2.83759
-2.83703
-2.83646
-2.83589
-2.83532
-2.83475
-2.83418
-2.83361
-2.83304
-2.83247
-2.8319
-2.83133
-2.83075
-2.83018
-2.8296
-2.82903
-2.82845
-2.82787
-2.8273
-2.82672
-2.82614
-2.82556
-2.82498
-2.8244
-2.82382
-2.82324
-2.82266
-2.82207
-2.82149
-2.8209
-2.82032
-2.81973
-2.81915
-2.81856
-2.81797
-2.81738
-2.8168
-2.81621
-2.81562
-2.81502
-2.81443
-2.81384
-2.81325
-2.81265
-2.81206
-2.81147
-2.81087
-2.81027
-2.80968
-2.80908
-2.80848
-2.80788
-2.80729
-2.80669
-2.80608
-2.80548
-2.80488
-2.80428
-2.80368
-2.80307
-2.80247
-2.80186
-2.80126
-2.80065
-2.80004
-2.79944
-2.79883
-2.79822
-2.79761
-2.797
-2.79639
-2.79578
-2.79516
-2.79455
-2.79394
-2.79332
-2.79271
-2.79209
-2.79148
-2.79086
-2.79024
-2.78963
-2.78901
-2.78839
-2.78777
-2.78715
-2.78653
-2.7859
-2.78528
-2.78466
-2.78403
-2.78341
-2.78278
-2.78216
-2.78153
-2.7809
-2.78028
-2.77965
-2.77902
-2.77839
-2.77776
-2.77713
-2.7765
-2.77586
-2.77523
-2.7746
-2.77396
-2.77333
-2.77269
-2.77205
-2.77142
-2.77078
-2.77014
-2.7695
-2.76886
-2.76822
-2.76758
-2.76694
-2.7663
-2.76565
-2.76501
-2.76437
-2.76372
-2.76307
-2.76243
-2.76178
-2.76113
-2.76049
-2.75984
-2.75919
-2.75854
-2.75789
-2.75723
-2.75658
-2.75593
-2.75527
-2.75462
-2.75397
-2.75331
-2.75265
-2.752
-2.75134
-2.75068
-2.75002
-2.74936
-2.7487
-2.74804
-2.74738
-2.74672
-2.74605
-2.74539
-2.74472
-2.74406
-2.74339
-2.74273
-2.74206
-2.74139
-2.74072
-2.74005
-2.73939
-2.73871
-2.73804
-2.73737
-2.7367
-2.73603
-2.73535
-2.73468
-2.734
-2.73333
-2.73265
-2.73197
-2.7313
-2.73062
-2.72994
-2.72926
-2.72858
-2.7279
-2.72721
-2.72653
-2.72585
-2.72516
-2.72448
-2.72379
-2.72311
-2.72242
-2.72173
-2.72105
-2.72036
-2.71967
-2.71898
-2.71829
-2.7176
-2.7169
-2.71621
-2.71552
-2.71482
-2.71413
-2.71343
-2.71274
-2.71204
-2.71134
-2.71064
-2.70994
-2.70924
-2.70854
-2.70784
-2.70714
-2.70644
-2.70574
-2.70503
-2.70433
-2.70362
-2.70292
-2.70221
-2.7015
-2.70079
-2.70009
-2.69938
-2.69867
-2.69796
-2.69724
-2.69653
-2.69582
-2.69511
-2.69439
-2.69368
-2.69296
-2.69224
-2.69153
-2.69081
-2.69009
-2.68937
-2.68865
-2.68793
-2.68721
-2.68649
-2.68577
-2.68504
-2.68432
-2.6836
-2.68287
-2.68214
-2.68142
-2.68069
-2.67996
-2.67923
-2.6785
-2.67777
-2.67704
-2.67631
-2.67558
-2.67485
-2.67411
-2.67338
-2.67264
-2.67191
-2.67117
-2.67043
-2.6697
-2.66896
-2.66822
-2.66748
-2.66674
-2.666
-2.66525
-2.66451
-2.66377
-2.66302
-2.66228
-2.66153
-2.66079
-2.66004
-2.65929
-2.65854
-2.65779
-2.65704
-2.65629
-2.65554
-2.65479
-2.65404
-2.65328
-2.65253
-2.65178
-2.65102
-2.65026
-2.64951
-2.64875
-2.64799
-2.64723
-2.64647
-2.64571
-2.64495
-2.64419
-2.64343
-2.64266
-2.6419
-2.64113
-2.64037
-2.6396
-2.63883
-2.63807
-2.6373
-2.63653
-2.63576
-2.63499
-2.63422
-2.63345
-2.63267
-2.6319
-2.63113
-2.63035
-2.62957
-2.6288
-2.62802
-2.62724
-2.62647
-2.62569
-2.62491
-2.62413
-2.62334
-2.62256
-2.62178
-2.621
-2.62021
-2.61943
-2.61864
-2.61785
-2.61707
-2.61628
-2.61549
-2.6147
-2.61391
-2.61312
-2.61233
-2.61154
-2.61074
-2.60995
-2.60916
-2.60836
-2.60756
-2.60677
-2.60597
-2.60517
-2.60437
-2.60357
-2.60277
-2.60197
-2.60117
-2.60037
-2.59957
-2.59876
-2.59796
-2.59715
-2.59635
-2.59554
-2.59473
-2.59392
-2.59311
-2.5923
-2.59149
-2.59068
-2.58987
-2.58906
-2.58824
-2.58743
-2.58661
-2.5858
-2.58498
-2.58417
-2.58335
-2.58253
-2.58171
-2.58089
-2.58007
-2.57925
-2.57842
-2.5776
-2.57678
-2.57595
-2.57513
-2.5743
-2.57347
-2.57265
-2.57182
-2.57099
-2.57016
-2.56933
-2.5685
-2.56767
-2.56683
-2.566
-2.56516
-2.56433
-2.56349
-2.56266
-2.56182
-2.56098
-2.56014
-2.5593
-2.55846
-2.55762
-2.55678
-2.55594
-2.55509
-2.55425
-2.55341
-2.55256
-2.55171
-2.55087
-2.55002
-2.54917
-2.54832
-2.54747
-2.54662
-2.54577
-2.54492
-2.54406
-2.54321
-2.54235
-2.5415
-2.54064
-2.53978
-2.53893
-2.53807
-2.53721
-2.53635
-2.53549
-2.53463
-2.53376
-2.5329
-2.53204
-2.53117
-2.53031
-2.52944
-2.52857
-2.52771
-2.52684
-2.52597
-2.5251
-2.52423
-2.52336
-2.52248
-2.52161
-2.52074
-2.51986
-2.51899
-2.51811
-2.51724
-2.51636
-2.51548
-2.5146
-2.51372
-2.51284
-2.51196
-2.51108
-2.51019
-2.50931
-2.50842
-2.50754
-2.50665
-2.50577
-2.50488
-2.50399
-2.5031
-2.50221
-2.50132
-2.50043
-2.49953
-2.49864
-2.49775
-2.49685
-2.49596
-2.49506
-2.49416
-2.49327
-2.49237
-2.49147
-2.49057
-2.48967
-2.48876
-2.48786
-2.48696
-2.48605
-2.48515
-2.48424
-2.48334
-2.48243
-2.48152
-2.48061
-2.4797
-2.47879
-2.47788
-2.47697
-2.47606
-2.47514
-2.47423
-2.47331
-2.4724
-2.47148
-2.47056
-2.46965
-2.46873
-2.46781
-2.46689
-2.46596
-2.46504
-2.46412
-2.46319
-2.46227
-2.46134
-2.46042
-2.45949
-2.45856
-2.45763
-2.4567
-2.45577
-2.45484
-2.45391
-2.45298
-2.45204
-2.45111
-2.45018
-2.44924
-2.4483
-2.44737
-2.44643
-2.44549
-2.44455
-2.44361
-2.44267
-2.44172
-2.44078
-2.43984
-2.43889
-2.43795
-2.437
-2.43605
-2.4351
-2.43415
-2.43321
-2.43225
-2.4313
-2.43035
-2.4294
-2.42844
-2.42749
-2.42653
-2.42558
-2.42462
-2.42366
-2.4227
-2.42175
-2.42079
-2.41982
-2.41886
-2.4179
-2.41694
-2.41597
-2.41501
-2.41404
-2.41307
-2.41211
-2.41114
-2.41017
-2.4092
-2.40823
-2.40726
-2.40628
-2.40531
-2.40434
-2.40336
-2.40238
-2.40141
-2.40043
-2.39945
-2.39847
-2.39749
-2.39651
-2.39553
-2.39455
-2.39356
-2.39258
-2.39159
-2.39061
-2.38962
-2.38863
-2.38765
-2.38666
-2.38567
-2.38468
-2.38368
-2.38269
-2.3817
-2.3807
-2.37971
-2.37871
-2.37772
-2.37672
-2.37572
-2.37472
-2.37372
-2.37272
-2.37172
-2.37072
-2.36971
-2.36871
-2.3677
-2.3667
-2.36569
-2.36468
-2.36367
-2.36266
-2.36165
-2.36064
-2.35963
-2.35862
-2.3576
-2.35659
-2.35557
-2.35456
-2.35354
-2.35252
-2.3515
-2.35049
-2.34946
-2.34844
-2.34742
-2.3464
-2.34537
-2.34435
-2.34332
-2.3423
-2.34127
-2.34024
-2.33921
-2.33818
-2.33715
-2.33612
-2.33509
-2.33405
-2.33302
-2.33199
-2.33095
-2.32991
-2.32888
-2.32784
-2.3268
-2.32576
-2.32472
-2.32367
-2.32263
-2.32159
-2.32054
-2.3195
-2.31845
-2.3174
-2.31636
-2.31531
-2.31426
-2.31321
-2.31215
-2.3111
-2.31005
-2.30899
-2.30794
-2.30688
-2.30583
-2.30477
-2.30371
-2.30265
-2.30159
-2.30053
-2.29947
-2.2984
-2.29734
-2.29628
-2.29521
-2.29414
-2.29308
-2.29201
-2.29094
-2.28987
-2.2888
-2.28773
-2.28665
-2.28558
-2.28451
-2.28343
-2.28235
-2.28128
-2.2802
-2.27912
-2.27804
-2.27696
-2.27588
-2.27479
-2.27371
-2.27263
-2.27154
-2.27046
-2.26937
-2.26828
-2.26719
-2.2661
-2.26501
-2.26392
-2.26283
-2.26173
-2.26064
-2.25955
-2.25845
-2.25735
-2.25625
-2.25516
-2.25406
-2.25296
-2.25185
-2.25075
-2.24965
-2.24854
-2.24744
-2.24633
-2.24523
-2.24412
-2.24301
-2.2419
-2.24079
-2.23968
-2.23857
-2.23745
-2.23634
-2.23522
-2.23411
-2.23299
-2.23187
-2.23075
-2.22963
-2.22851
-2.22739
-2.22627
-2.22515
-2.22402
-2.2229
-2.22177
-2.22064
-2.21952
-2.21839
-2.21726
-2.21613
-2.21499
-2.21386
-2.21273
-2.21159
-2.21046
-2.20932
-2.20819
-2.20705
-2.20591
-2.20477
-2.20363
-2.20248
-2.20134
-2.2002
-2.19905
-2.19791
-2.19676
-2.19561
-2.19447
-2.19332
-2.19217
-2.19101
-2.18986
-2.18871
-2.18755
-2.1864
-2.18524
-2.18409
-2.18293
-2.18177
-2.18061
-2.17945
-2.17829
-2.17712
-2.17596
-2.1748
-2.17363
-2.17246
-2.1713
-2.17013
-2.16896
-2.16779
-2.16662
-2.16545
-2.16427
-2.1631
-2.16192
-2.16075
-2.15957
-2.15839
-2.15721
-2.15603
-2.15485
-2.15367
-2.15249
-2.15131
-2.15012
-2.14894
-2.14775
-2.14656
-2.14537
-2.14418
-2.14299
-2.1418
-2.14061
-2.13942
-2.13822
-2.13703
-2.13583
-2.13463
-2.13343
-2.13223
-2.13103
-2.12983
-2.12863
-2.12743
-2.12622
-2.12502
-2.12381
-2.12261
-2.1214
-2.12019
-2.11898
-2.11777
-2.11656
-2.11534
-2.11413
-2.11291
-2.1117
-2.11048
-2.10926
-2.10804
-2.10682
-2.1056
-2.10438
-2.10316
-2.10194
-2.10071
-2.09948
-2.09826
-2.09703
-2.0958
-2.09457
-2.09334
-2.09211
-2.09088
-2.08964
-2.08841
-2.08717
-2.08594
-2.0847
-2.08346
-2.08222
-2.08098
-2.07974
-2.07849
-2.07725
-2.076
-2.07476
-2.07351
-2.07226
-2.07102
-2.06977
-2.06851
-2.06726
-2.06601
-2.06476
-2.0635
-2.06224
-2.06099
-2.05973
-2.05847
-2.05721
-2.05595
-2.05469
-2.05342
-2.05216
-2.05089
-2.04963
-2.04836
-2.04709
-2.04582
-2.04455
-2.04328
-2.04201
-2.04074
-2.03946
-2.03819
-2.03691
-2.03563
-2.03435
-2.03307
-2.03179
-2.03051
-2.02923
-2.02794
-2.02666
-2.02537
-2.02409
-2.0228
-2.02151
-2.02022
-2.01893
-2.01764
-2.01634
-2.01505
-2.01375
-2.01246
-2.01116
-2.00986
-2.00856
-2.00726
-2.00596
-2.00466
-2.00335
-2.00205
-2.00074
-1.99944
-1.99813
-1.99682
-1.99551
-1.9942
-1.99289
-1.99157
-1.99026
-1.98894
-1.98763
-1.98631
-1.98499
-1.98367
-1.98235
-1.98103
-1.97971
-1.97838
-1.97706
-1.97573
-1.97441
-1.97308
-1.97175
-1.97042
-1.96909
-1.96775
-1.96642
-1.96509
-1.96375
-1.96241
-1.96108
-1.95974
-1.9584
-1.95706
-1.95571
-1.95437
-1.95303
-1.95168
-1.95033
-1.94899
-1.94764
-1.94629
-1.94494
-1.94358
-1.94223
-1.94088
-1.93952
-1.93817
-1.93681
-1.93545
-1.93409
-1.93273
-1.93137
-1.93
-1.92864
-1.92727
-1.92591
-1.92454
-1.92317
-1.9218
-1.92043
-1.91906
-1.91769
-1.91631
-1.91494
-1.91356
-1.91218
-1.91081
-1.90943
-1.90805
-1.90666
-1.90528
-1.9039
-1.90251
-1.90112
-1.89974
-1.89835
-1.89696
-1.89557
-1.89418
-1.89278
-1.89139
-1.88999
-1.8886
-1.8872
-1.8858
-1.8844
-1.883
-1.8816
-1.88019
-1.87879
-1.87738
-1.87598
-1.87457
-1.87316
-1.87175
-1.87034
-1.86893
-1.86751
-1.8661
-1.86468
-1.86327
-1.86185
-1.86043
-1.85901
-1.85759
-1.85616
-1.85474
-1.85331
-1.85189
-1.85046
-1.84903
-1.8476
-1.84617
-1.84474
-1.84331
-1.84187
-1.84044
-1.839
-1.83756
-1.83612
-1.83468
-1.83324
-1.8318
-1.83035
-1.82891
-1.82746
-1.82602
-1.82457
-1.82312
-1.82167
-1.82022
-1.81876
-1.81731
-1.81585
-1.8144
-1.81294
-1.81148
-1.81002
-1.80856
-1.80709
-1.80563
-1.80417
-1.8027
-1.80123
-1.79976
-1.79829
-1.79682
-1.79535
-1.79388
-1.7924
-1.79093
-1.78945
-1.78797
-1.78649
-1.78501
-1.78353
-1.78205
-1.78056
-1.77908
-1.77759
-1.7761
-1.77461
-1.77312
-1.77163
-1.77014
-1.76865
-1.76715
-1.76566
-1.76416
-1.76266
-1.76116
-1.75966
-1.75816
-1.75665
-1.75515
-1.75364
-1.75213
-1.75062
-1.74912
-1.7476
-1.74609
-1.74458
-1.74306
-1.74155
-1.74003
-1.73851
-1.73699
-1.73547
-1.73395
-1.73243
-1.7309
-1.72938
-1.72785
-1.72632
-1.72479
-1.72326
-1.72173
-1.72019
-1.71866
-1.71712
-1.71559
-1.71405
-1.71251
-1.71097
-1.70943
-1.70788
-1.70634
-1.70479
-1.70324
-1.7017
-1.70015
-1.69859
-1.69704
-1.69549
-1.69393
-1.69238
-1.69082
-1.68926
-1.6877
-1.68614
-1.68458
-1.68301
-1.68145
-1.67988
-1.67831
-1.67675
-1.67518
-1.6736
-1.67203
-1.67046
-1.66888
-1.66731
-1.66573
-1.66415
-1.66257
-1.66099
-1.6594
-1.65782
-1.65623
-1.65465
-1.65306
-1.65147
-1.64988
-1.64828
-1.64669
-1.6451
-1.6435
-1.6419
-1.6403
-1.6387
-1.6371
-1.6355
-1.63389
-1.63229
-1.63068
-1.62907
-1.62746
-1.62585
-1.62424
-1.62263
-1.62101
-1.6194
-1.61778
-1.61616
-1.61454
-1.61292
-1.6113
-1.60967
-1.60805
-1.60642
-1.60479
-1.60316
-1.60153
-1.5999
-1.59827
-1.59663
-1.595
-1.59336
-1.59172
-1.59008
-1.58844
-1.58679
-1.58515
-1.5835
-1.58186
-1.58021
-1.57856
-1.57691
-1.57526
-1.5736
-1.57195
-1.57029
-1.56863
-1.56697
-1.56531
-1.56365
-1.56199
-1.56032
-1.55866
-1.55699
-1.55532
-1.55365
-1.55198
-1.5503
-1.54863
-1.54695
-1.54528
-1.5436
-1.54192
-1.54024
-1.53855
-1.53687
-1.53518
-1.5335
-1.53181
-1.53012
-1.52843
-1.52673
-1.52504
-1.52334
-1.52165
-1.51995
-1.51825
-1.51655
-1.51484
-1.51314
-1.51143
-1.50973
-1.50802
-1.50631
-1.5046
-1.50289
-1.50117
-1.49946
-1.49774
-1.49602
-1.4943
-1.49258
-1.49086
-1.48913
-1.48741
-1.48568
-1.48395
-1.48222
-1.48049
-1.47876
-1.47702
-1.47529
-1.47355
-1.47181
-1.47007
-1.46833
-1.46659
-1.46484
-1.4631
-1.46135
-1.4596
-1.45785
-1.4561
-1.45435
-1.45259
-1.45084
-1.44908
-1.44732
-1.44556
-1.4438
-1.44203
-1.44027
-1.4385
-1.43673
-1.43496
-1.43319
-1.43142
-1.42965
-1.42787
-1.42609
-1.42431
-1.42253
-1.42075
-1.41897
-1.41719
-1.4154
-1.41361
-1.41182
-1.41003
-1.40824
-1.40645
-1.40465
-1.40286
-1.40106
-1.39926
-1.39746
-1.39565
-1.39385
-1.39204
-1.39024
-1.38843
-1.38662
-1.38481
-1.38299
-1.38118
-1.37936
-1.37754
-1.37572
-1.3739
-1.37208
-1.37026
-1.36843
-1.3666
-1.36477
-1.36294
-1.36111
-1.35928
-1.35744
-1.35561
-1.35377
-1.35193
-1.35009
-1.34824
-1.3464
-1.34455
-1.34271
-1.34086
-1.33901
-1.33715
-1.3353
-1.33345
-1.33159
-1.32973
-1.32787
-1.32601
-1.32414
-1.32228
-1.32041
-1.31854
-1.31667
-1.3148
-1.31293
-1.31106
-1.30918
-1.3073
-1.30542
-1.30354
-1.30166
-1.29977
-1.29789
-1.296
-1.29411
-1.29222
-1.29033
-1.28843
-1.28654
-1.28464
-1.28274
-1.28084
-1.27894
-1.27704
-1.27513
-1.27322
-1.27132
-1.26941
-1.26749
-1.26558
-1.26366
-1.26175
-1.25983
-1.25791
-1.25599
-1.25406
-1.25214
-1.25021
-1.24828
-1.24635
-1.24442
-1.24249
-1.24055
-1.23861
-1.23668
-1.23474
-1.23279
-1.23085
-1.22891
-1.22696
-1.22501
-1.22306
-1.22111
-1.21915
-1.2172
-1.21524
-1.21328
-1.21132
-1.20936
-1.2074
-1.20543
-1.20346
-1.20149
-1.19952
-1.19755
-1.19558
-1.1936
-1.19162
-1.18964
-1.18766
-1.18568
-1.18369
-1.18171
-1.17972
-1.17773
-1.17574
-1.17374
-1.17175
-1.16975
-1.16775
-1.16575
-1.16375
-1.16175
-1.15974
-1.15774
-1.15573
-1.15372
-1.1517
-1.14969
-1.14767
-1.14565
-1.14364
-1.14161
-1.13959
-1.13757
-1.13554
-1.13351
-1.13148
-1.12945
-1.12741
-1.12538
-1.12334
-1.1213
-1.11926
-1.11722
-1.11517
-1.11313
-1.11108
-1.10903
-1.10698
-1.10492
-1.10287
-1.10081
-1.09875
-1.09669
-1.09463
-1.09256
-1.09049
-1.08843
-1.08636
-1.08428
-1.08221
-1.08013
-1.07806
-1.07598
-1.0739
-1.07181
-1.06973
-1.06764
-1.06555
-1.06346
-1.06137
-1.05928
-1.05718
-1.05508
-1.05298
-1.05088
-1.04878
-1.04667
-1.04456
-1.04245
-1.04034
-1.03823
-1.03612
-1.034
-1.03188
-1.02976
-1.02764
-1.02551
-1.02339
-1.02126
-1.01913
-1.017
-1.01486
-1.01273
-1.01059
-1.00845
-1.00631
-1.00416
-1.00202
-0.999871
-0.997721
-0.99557
-0.993417
-0.991262
-0.989104
-0.986945
-0.984784
-0.982621
-0.980456
-0.97829
-0.976121
-0.97395
-0.971777
-0.969602
-0.967426
-0.965247
-0.963066
-0.960884
-0.958699
-0.956513
-0.954324
-0.952133
-0.949941
-0.947746
-0.94555
-0.943351
-0.941151
-0.938948
-0.936744
-0.934537
-0.932328
-0.930118
-0.927905
-0.925691
-0.923474
-0.921255
-0.919035
-0.916812
-0.914587
-0.91236
-0.910132
-0.907901
-0.905668
-0.903433
-0.901196
-0.898957
-0.896716
-0.894472
-0.892227
-0.88998
-0.887731
-0.885479
-0.883226
-0.88097
-0.878712
-0.876453
-0.874191
-0.871927
-0.869661
-0.867393
-0.865123
-0.86285
-0.860576
-0.8583
-0.856021
-0.85374
-0.851458
-0.849173
-0.846886
-0.844596
-0.842305
-0.840012
-0.837716
-0.835419
-0.833119
-0.830817
-0.828513
-0.826207
-0.823898
-0.821588
-0.819275
-0.81696
-0.814643
-0.812324
-0.810003
-0.80768
-0.805354
-0.803026
-0.800696
-0.798364
-0.79603
-0.793693
-0.791354
-0.789014
-0.78667
-0.784325
-0.781978
-0.779628
-0.777276
-0.774922
-0.772566
-0.770207
-0.767847
-0.765484
-0.763118
-0.760751
-0.758381
-0.756009
-0.753635
-0.751259
-0.74888
-0.7465
-0.744116
-0.741731
-0.739343
-0.736954
-0.734561
-0.732167
-0.72977
-0.727372
-0.72497
-0.722567
-0.720161
-0.717753
-0.715343
-0.71293
-0.710515
-0.708098
-0.705678
-0.703257
-0.700832
-0.698406
-0.695977
-0.693546
-0.691113
-0.688677
-0.686239
-0.683799
-0.681356
-0.678911
-0.676463
-0.674014
-0.671562
-0.669107
-0.66665
-0.664191
-0.66173
-0.659266
-0.6568
-0.654331
-0.65186
-0.649387
-0.646911
-0.644433
-0.641952
-0.639469
-0.636984
-0.634496
-0.632006
-0.629513
-0.627018
-0.624521
-0.622021
-0.619519
-0.617015
-0.614507
-0.611998
-0.609486
-0.606972
-0.604455
-0.601936
-0.599414
-0.59689
-0.594363
-0.591834
-0.589302
-0.586768
-0.584232
-0.581693
-0.579152
-0.576608
-0.574061
-0.571512
-0.568961
-0.566407
-0.563851
-0.561292
-0.55873
-0.556166
-0.5536
-0.551031
-0.548459
-0.545885
-0.543309
-0.54073
-0.538148
-0.535564
-0.532977
-0.530388
-0.527796
-0.525202
-0.522605
-0.520005
-0.517403
-0.514799
-0.512191
-0.509581
-0.506969
-0.504354
-0.501736
-0.499116
-0.496493
-0.493868
-0.49124
-0.488609
-0.485976
-0.48334
-0.480702
-0.47806
-0.475417
-0.47277
-0.470121
-0.467469
-0.464815
-0.462158
-0.459498
-0.456836
-0.454171
-0.451503
-0.448833
-0.44616
-0.443484
-0.440806
-0.438124
-0.435441
-0.432754
-0.430065
-0.427373
-0.424678
-0.421981
-0.419281
-0.416578
-0.413872
-0.411164
-0.408453
-0.405739
-0.403023
-0.400303
-0.397581
-0.394856
-0.392129
-0.389398
-0.386665
-0.383929
-0.381191
-0.378449
-0.375705
-0.372958
-0.370208
-0.367455
-0.3647
-0.361941
-0.35918
-0.356416
-0.353649
-0.35088
-0.348107
-0.345332
-0.342554
-0.339773
-0.336989
-0.334202
-0.331412
-0.32862
-0.325824
-0.323026
-0.320225
-0.317421
-0.314614
-0.311804
-0.308991
-0.306176
-0.303357
-0.300536
-0.297711
-0.294884
-0.292054
-0.28922
-0.286384
-0.283545
-0.280703
-0.277858
-0.27501
-0.272159
-0.269305
-0.266448
-0.263588
-0.260725
-0.257859
-0.25499
-0.252118
-0.249244
-0.246366
-0.243485
-0.240601
-0.237714
-0.234824
-0.231931
-0.229034
-0.226135
-0.223233
-0.220328
-0.217419
-0.214508
-0.211594
-0.208676
-0.205755
-0.202832
-0.199905
-0.196975
-0.194042
-0.191105
-0.188166
-0.185224
-0.182278
-0.179329
-0.176378
-0.173423
-0.170465
-0.167503
-0.164539
-0.161571
-0.1586
-0.155626
-0.152649
-0.149669
-0.146685
-0.143699
-0.140709
-0.137716
-0.134719
-0.13172
-0.128717
-0.125711
-0.122702
-0.119689
-0.116673
-0.113654
-0.110632
-0.107606
-0.104578
-0.101545
-0.09851
-0.0954713
-0.0924293
-0.089384
-0.0863354
-0.0832835
-0.0802282
-0.0771697
-0.0741078
-0.0710425
-0.0679739
-0.064902
-0.0618267
-0.0587481
-0.055666
-0.0525807
-0.0494919
-0.0463997
-0.0433042
-0.0402052
-0.0371029
-0.0339971
-0.0308879
-0.0277753
-0.0246593
-0.0215398
-0.0184169
-0.0152905
-0.0121607
-0.00902746
-0.00589072
-0.00275051
0.000393183
0.00354036
0.00669103
0.0098452
0.0130029
0.016164
0.0193287
0.022497
0.0256687
0.028844
0.0320229
0.0352052
0.0383912
0.0415807
0.0447738
0.0479704
0.0511706
0.0543745
0.0575819
0.0607929
0.0640075
0.0672258
0.0704476
0.0736731
0.0769023
0.0801351
0.0833715
0.0866116
0.0898553
0.0931027
0.0963538
0.0996086
0.102867
0.106129
0.109395
0.112665
0.115938
0.119215
0.122496
0.12578
0.129069
0.132361
0.135656
0.138956
0.142259
0.145566
0.148877
0.152192
0.15551
0.158833
0.162159
0.165489
0.168823
0.17216
0.175502
0.178847
0.182196
0.185549
0.188906
0.192267
0.195632
0.199
0.202373
0.205749
0.20913
0.212514
0.215902
0.219294
0.222691
0.226091
0.229495
0.232903
0.236315
0.239731
0.243151
0.246575
0.250003
0.253435
0.256871
0.260311
0.263756
0.267204
0.270656
0.274113
0.277573
0.281038
0.284506
0.287979
0.291456
0.294937
0.298422
0.301911
0.305405
0.308902
0.312404
0.31591
0.31942
0.322934
0.326453
0.329976
0.333503
0.337034
0.340569
0.344109
0.347652
0.351201
0.354753
0.35831
0.36187
0.365436
0.369005
0.372579
0.376157
0.37974
0.383326
0.386918
0.390513
0.394113
0.397717
0.401326
0.404939
0.408556
0.412178
0.415804
0.419435
0.42307
0.426709
0.430353
0.434002
0.437655
0.441312
0.444974
0.44864
0.452311
0.455987
0.459667
0.463351
0.46704
0.470734
0.474432
0.478134
0.481842
0.485554
0.48927
0.492991
0.496717
0.500447
0.504182
0.507922
0.511666
0.515415
0.519169
0.522928
0.526691
0.530458
0.534231
0.538008
0.54179
0.545577
0.549369
0.553165
0.556966
0.560772
0.564583
0.568398
0.572218
0.576044
0.579874
0.583708
0.587548
0.591393
0.595242
0.599097
0.602956
0.60682
0.61069
0.614564
0.618443
0.622327
0.626216
0.63011
0.634009
0.637913
0.641822
0.645736
0.649655
0.653579
0.657508
0.661443
0.665382
0.669327
0.673276
0.677231
0.681191
0.685156
0.689126
0.693101
0.697082
0.701068
0.705059
0.709055
0.713056
0.717063
0.721074
0.725092
0.729114
0.733142
0.737175
0.741213
0.745256
0.749305
0.75336
0.757419
0.761484
0.765555
0.76963
0.773712
0.777798
0.78189
0.785988
0.790091
0.794199
0.798313
0.802432
0.806557
0.810688
0.814824
0.818965
0.823112
0.827265
0.831423
0.835587
0.839756
0.843931
0.848112
0.852299
0.856491
0.860688
0.864892
0.869101
0.873316
0.877536
0.881762
0.885995
0.890232
0.894476
0.898725
0.902981
0.907242
0.911509
0.915781
0.92006
0.924344
0.928635
0.932931
0.937233
0.941542
0.945856
0.950176
0.954502
0.958834
0.963172
0.967516
0.971867
0.976223
0.980585
0.984954
0.989328
0.993709
0.998096
1.00249
1.00689
1.01129
1.0157
1.02012
1.02455
1.02898
1.03341
1.03785
1.0423
1.04676
1.05122
1.05569
1.06016
1.06464
1.06913
1.07362
1.07812
1.08263
1.08714
1.09166
1.09619
1.10072
1.10526
1.1098
1.11435
1.11891
1.12348
1.12805
1.13263
1.13721
1.1418
1.1464
1.151
1.15562
1.16023
1.16486
1.16949
1.17413
1.17877
1.18343
1.18808
1.19275
1.19742
1.2021
1.20679
1.21148
1.21618
1.22089
1.2256
1.23032
1.23505
1.23978
1.24453
1.24927
1.25403
1.25879
1.26356
1.26834
1.27312
1.27792
1.28271
1.28752
1.29233
1.29715
1.30198
1.30682
1.31166
1.31651
1.32137
1.32623
1.3311
1.33598
1.34087
1.34576
1.35066
1.35557
1.36049
1.36541
1.37034
1.37528
1.38023
1.38518
1.39014
1.39511
1.40009
1.40507
1.41007
1.41507
1.42007
1.42509
1.43011
1.43514
1.44018
1.44523
1.45028
1.45535
1.46042
1.4655
1.47058
1.47568
1.48078
1.48589
1.49101
1.49613
1.50127
1.50641
1.51156
1.51672
1.52189
1.52706
1.53225
1.53744
1.54264
1.54785
1.55307
1.55829
1.56352
1.56877
1.57402
1.57928
1.58454
1.58982
1.5951
1.6004
1.6057
1.61101
1.61633
1.62165
1.62699
1.63233
1.63769
1.64305
1.64842
1.6538
1.65919
1.66459
1.66999
1.67541
1.68083
1.68627
1.69171
1.69716
1.70262
1.70809
1.71357
1.71905
1.72455
1.73006
1.73557
1.7411
1.74663
1.75217
1.75772
1.76329
1.76886
1.77444
1.78003
1.78562
1.79123
1.79685
1.80248
1.80812
1.81376
1.81942
1.82508
1.83076
1.83645
1.84214
1.84785
1.85356
1.85928
1.86502
1.87076
1.87652
1.88228
1.88806
1.89384
1.89963
1.90544
1.91125
1.91708
1.92291
1.92876
1.93461
1.94048
1.94635
1.95224
1.95814
1.96404
1.96996
1.97589
1.98183
1.98778
1.99374
1.99971
2.00569
2.01168
2.01768
2.02369
2.02972
2.03575
2.0418
2.04785
2.05392
2.06
2.06609
2.07219
2.0783
2.08442
2.09055
2.0967
2.10285
2.10902
2.1152
2.12139
2.12759
2.1338
2.14003
2.14626
2.15251
2.15877
2.16504
2.17132
2.17761
2.18392
2.19023
2.19656
2.2029
2.20925
2.21562
2.22199
2.22838
2.23478
2.2412
2.24762
2.25406
2.2605
2.26697
2.27344
2.27992
2.28642
2.29293
2.29945
2.30599
2.31254
2.3191
2.32567
2.33226
2.33886
2.34547
2.35209
2.35873
2.36538
2.37204
2.37871
2.3854
2.39211
2.39882
2.40555
2.41229
2.41904
2.42581
2.43259
2.43939
2.4462
2.45302
2.45985
2.4667
2.47356
2.48044
2.48733
2.49423
2.50115
2.50808
2.51503
2.52199
2.52896
2.53595
2.54295
2.54997
2.557
2.56404
2.5711
2.57817
2.58526
2.59236
2.59948
2.60661
2.61376
2.62092
2.6281
2.63529
2.64249
2.64971
2.65695
2.6642
2.67146
2.67875
2.68604
2.69335
2.70068
2.70802
2.71538
2.72276
2.73015
2.73755
2.74497
2.75241
2.75986
2.76733
2.77481
2.78231
2.78983
2.79736
2.80491
2.81248
2.82006
2.82766
2.83527
2.8429
2.85055
2.85822
2.8659
2.8736
2.88131
2.88905
2.89679
2.90456
2.91234
2.92015
2.92796
2.9358
2.94365
2.95152
2.95941
2.96732
2.97524
2.98318
2.99114
2.99912
3.00712
3.01513
3.02316
3.03121
3.03928
3.04737
3.05547
3.0636
3.07174
3.0799
3.08808
3.09628
3.1045
3.11274
3.12099
3.12927
3.13756
3.14588
3.15421
3.16257
3.17094
3.17933
3.18775
3.19618
3.20463
3.21311
3.2216
3.23011
3.23865
3.2472
3.25577
3.26437
3.27299
3.28162
3.29028
3.29896
3.30766
3.31638
3.32512
3.33389
3.34267
3.35148
3.36031
3.36916
3.37803
3.38693
3.39584
3.40478
3.41374
3.42272
3.43173
3.44076
3.44981
3.45888
3.46798
3.4771
3.48624
3.49541
3.5046
3.51381
3.52305
3.53231
3.54159
3.5509
3.56023
3.56959
3.57897
3.58837
3.5978
3.60726
3.61673
3.62624
3.63577
3.64532
3.6549
3.6645
3.67413
3.68379
3.69347
3.70317
3.71291
3.72267
3.73245
3.74226
3.7521
3.76196
3.77185
3.78177
3.79172
3.80169
3.81169
3.82172
3.83177
3.84185
3.85196
3.8621
3.87227
3.88246
3.89269
3.90294
3.91322
3.92353
3.93387
3.94423
3.95463
3.96506
3.97551
3.986
3.99651
4.00706
4.01764
4.02824
4.03888
4.04955
4.06025
4.07098
4.08174
4.09254
4.10336
4.11422
4.12511
4.13603
4.14698
4.15797
4.16898
4.18004
4.19112
4.20224
4.21339
4.22457
4.23579
4.24705
4.25833
4.26965
4.28101
4.2924
4.30383
4.31529
4.32678
4.33832
4.34988
4.36149
4.37313
4.3848
4.39652
4.40827
4.42005
4.43188
4.44374
4.45564
4.46758
4.47956
4.49157
4.50362
4.51572
4.52785
4.54002
4.55223
4.56448
4.57677
4.5891
4.60147
4.61388
4.62634
4.63883
4.65137
4.66395
4.67657
4.68923
4.70194
4.71468
4.72748
4.74031
4.75319
4.76611
4.77908
4.79209
4.80515
4.81825
4.8314
4.8446
4.85784
4.87112
4.88446
4.89784
4.91126
4.92474
4.93826
4.95184
4.96546
4.97913
4.99284
5.00661
5.02043
5.0343
5.04822
5.06219
5.07621
5.09029
5.10441
5.11859
5.13282
5.14711
5.16144
5.17584
5.19028
5.20478
5.21934
5.23395
5.24862
5.26334
5.27813
5.29296
5.30786
5.32281
5.33783
5.3529
5.36803
5.38322
5.39847
5.41378
5.42915
5.44458
5.46008
5.47564
5.49126
5.50695
5.5227
5.53851
5.55439
5.57033
5.58634
5.60242
5.61856
5.63477
5.65105
5.6674
5.68382
5.70031
5.71686
5.73349
5.75019
5.76696
5.78381
5.80073
5.81772
5.83478
5.85193
5.86914
5.88644
5.90381
5.92126
5.93878
5.95639
5.97407
5.99184
6.00969
6.02762
6.04563
6.06372
6.0819
6.10017
6.11852
6.13695
6.15547
6.17408
6.19278
6.21157
6.23045
6.24942
6.26848
6.28763
6.30688
6.32622
6.34566
6.3652
6.38483
6.40456
6.42439
6.44432
6.46435
6.48448
6.50471
6.52505
6.54549
6.56604
6.5867
6.60747
6.62834
6.64933
6.67042
6.69163
6.71295
6.73439
6.75595
6.77762
6.79941
6.82132
6.84335
6.8655
6.88778
6.91018
6.93271
6.95537
6.97816
7.00107
7.02412
7.0473
7.07062
7.09407
7.11767
7.1414
7.16527
7.18929
7.21345
7.23775
7.26221
7.28681
7.31157
7.33647
7.36154
7.38676
7.41214
7.43768
7.46338
7.48925
7.51528
7.54148
7.56786
7.59441
7.62113
7.64803
7.67511
7.70237
7.72982
7.75745
7.78527
7.81329
7.8415
7.86991
7.89851
7.92732
7.95634
7.98556
8.01499
8.04464
8.07451
8.10459
8.1349
8.16543
8.1962
8.2272
8.25843
8.28991
8.32162
8.35359
8.38581
8.41828
8.45101
8.484
8.51726
8.5508
8.5846
8.61869
8.65306
8.68772
8.72268
8.75793
8.79349
8.82935
8.86553
8.90203
8.93886
8.97601
9.0135
9.05134
9.08952
9.12806
9.16695
9.20622
9.24586
9.28588
9.32629
9.36709
9.4083
9.44992
9.49196
9.53443
9.57733
9.62068
9.66448
9.70875
9.75349
9.79871
9.84442
9.89064
9.93737
9.98463
10.0324
10.0808
10.1297
10.1791
10.2292
10.2799
10.3312
10.3831
10.4356
10.4888
10.5427
10.5973
10.6526
10.7086
10.7654
10.823
10.8813
10.9404
11.0004
11.0612
11.1229
11.1855
11.249
11.3135
11.379
11.4455
11.513
11.5816
11.6513
11.7221
11.7941
11.8674
11.9419
12.0176
12.0948
12.1733
12.2531
12.335
12.4175
12.5019
12.5894
12.6756
12.766
12.8597
12.9477
13.0493
13.148
13.2321
13.3578
13.4555
13.5307
13.6999
13.7641
13.8594
14.1103
14.0136
14.2409
14.6482
14.155
14.7195
15.2201
14.151
15.7115
15.4649
13.6638
17.5779
15.5065
14.2498
19.4729
16.2597
19.4569
20.1666
19.4851
22.5933
22.2976
23.4783
24.9836
25.5082
26.0445
24.769
27.3522
26.3855
27.1935
30.2833
26.2717
30.9676
19.1115
31.1235
25.8836
30.0592
30.7152
33.903
30.2
31.1363
31.7252
28.722
30.2126
31.3799
29.2629
27.9484
24.1665
27.6388
25.5635
23.6005
21.2874
24.0554
23.7297
19.5254
17.1342
16.2868
13.8939
9.86489
12.0025
11.8714
14.384
14.0691
14.251
14.5533
14.5853
14.5338
14.204
14.0882
13.9309
13.831
13.6952
13.4983
13.3563
13.2177
13.1229
13.0185
12.9187
12.8172
12.7198
12.6313
12.5431
12.4576
12.3712
12.2864
12.2031
12.1214
12.0411
11.9617
11.8836
11.8067
11.731
11.6566
11.5833
11.5111
11.44
11.3699
11.3009
11.2329
11.1659
11.0998
11.0347
10.9705
10.9071
10.8446
10.7829
10.7221
10.662
10.6027
10.5441
10.4863
10.4292
10.3728
10.3171
10.262
10.2076
10.1539
10.1007
10.0481
9.9962
9.94482
9.89401
9.84376
9.79404
9.74486
9.6962
9.64805
9.6004
9.55323
9.50654
9.46032
9.41456
9.36925
9.32438
9.27995
9.23594
9.19234
9.14915
9.10637
9.06398
9.02197
8.98034
8.93909
8.8982
8.85767
8.81749
8.77766
8.73817
8.69901
8.66019
8.62168
8.5835
8.54562
8.50806
8.4708
8.43383
8.39716
8.36078
8.32468
8.28886
8.25331
8.21804
8.18303
8.14828
8.11379
8.07956
8.04558
8.01184
7.97835
7.9451
7.91208
7.8793
7.84674
7.81441
7.78231
7.75042
7.71876
7.6873
7.65606
7.62502
7.59419
7.56357
7.53314
7.50291
7.47287
7.44303
7.41338
7.38391
7.35463
7.32553
7.29661
7.26787
7.2393
7.21091
7.18269
7.15463
7.12675
7.09903
7.07147
7.04407
7.01683
6.98975
6.96283
6.93606
6.90944
6.88297
6.85665
6.83047
6.80444
6.77856
6.75281
6.72721
6.70174
6.67641
6.65122
6.62616
6.60123
6.57644
6.55177
6.52723
6.50282
6.47854
6.45438
6.43034
6.40642
6.38263
6.35895
6.33539
6.31195
6.28863
6.26542
6.24232
6.21933
6.19646
6.17369
6.15104
6.12849
6.10605
6.08371
6.06148
6.03936
6.01733
5.99541
5.97359
5.95187
5.93024
5.90872
5.88729
5.86596
5.84473
5.82358
5.80254
5.78158
5.76072
5.73995
5.71927
5.69867
5.67817
5.65775
5.63743
5.61718
5.59703
5.57696
5.55697
5.53707
5.51724
5.49751
5.47785
5.45827
5.43877
5.41936
5.40002
5.38076
5.36157
5.34247
5.32344
5.30448
5.2856
5.2668
5.24807
5.22941
5.21082
5.19231
5.17386
5.15549
5.13719
5.11896
5.1008
5.0827
5.06468
5.04672
5.02883
5.011
4.99325
4.97555
4.95793
4.94036
4.92287
4.90543
4.88806
4.87075
4.85351
4.83632
4.8192
4.80214
4.78514
4.7682
4.75131
4.73449
4.71773
4.70103
4.68438
4.66779
4.65126
4.63478
4.61837
4.602
4.5857
4.56945
4.55325
4.53711
4.52102
4.50499
4.48901
4.47308
4.45721
4.44139
4.42562
4.4099
4.39423
4.37862
4.36305
4.34754
4.33208
4.31666
4.3013
4.28598
4.27072
4.2555
4.24033
4.22521
4.21013
4.19511
4.18013
4.1652
4.15031
4.13547
4.12068
4.10593
4.09123
4.07657
4.06196
4.04739
4.03286
4.01838
4.00395
3.98956
3.97521
3.9609
3.94664
3.93242
3.91824
3.90411
3.89001
3.87596
3.86195
3.84798
3.83405
3.82016
3.80631
3.79251
3.77874
3.76501
3.75132
3.73767
3.72407
3.7105
3.69696
3.68347
3.67002
3.6566
3.64322
3.62988
3.61658
3.60331
3.59008
3.57689
3.56373
3.55061
3.53753
3.52449
3.51148
3.4985
3.48556
3.47266
3.45979
3.44696
3.43416
3.4214
3.40867
3.39598
3.38332
3.37069
3.3581
3.34554
3.33302
3.32053
3.30807
3.29565
3.28326
3.2709
3.25857
3.24628
3.23402
3.22179
3.2096
3.19743
3.1853
3.1732
3.16113
3.14909
3.13709
3.12511
3.11316
3.10125
3.08937
3.07752
3.06569
3.0539
3.04214
3.03041
3.01871
3.00703
2.99539
2.98378
2.97219
2.96064
2.94911
2.93762
2.92615
2.91471
2.9033
2.89192
2.88057
2.86924
2.85795
2.84668
2.83544
2.82423
2.81304
2.80189
2.79076
2.77965
2.76858
2.75753
2.74651
2.73552
2.72455
2.71361
2.7027
2.69181
2.68095
2.67012
2.65931
2.64853
2.63777
2.62705
2.61634
2.60567
2.59501
2.58439
2.57379
2.56321
2.55266
2.54214
2.53164
2.52117
2.51072
2.50029
2.48989
2.47952
2.46917
2.45885
2.44854
2.43827
2.42802
2.41779
2.40759
2.39741
2.38725
2.37712
2.36701
2.35693
2.34687
2.33683
2.32682
2.31683
2.30686
2.29692
2.287
2.27711
2.26723
2.25738
2.24756
2.23775
2.22797
2.21821
2.20848
2.19876
2.18907
2.17941
2.16976
2.16014
2.15054
2.14096
2.1314
2.12187
2.11236
2.10287
2.0934
2.08395
2.07453
2.06512
2.05574
2.04638
2.03705
2.02773
2.01844
2.00916
1.99991
1.99068
1.98147
1.97228
1.96312
1.95397
1.94484
1.93574
1.92666
1.9176
1.90856
1.89953
1.89054
1.88156
1.8726
1.86366
1.85474
1.84585
1.83697
1.82811
1.81928
1.81046
1.80167
1.79289
1.78414
1.77541
1.76669
1.758
1.74932
1.74067
1.73203
1.72342
1.71483
1.70625
1.6977
1.68916
1.68064
1.67215
1.66367
1.65521
1.64678
1.63836
1.62996
1.62158
1.61322
1.60488
1.59656
1.58826
1.57998
1.57171
1.56347
1.55524
1.54704
1.53885
1.53068
1.52253
1.5144
1.50629
1.4982
1.49013
1.48207
1.47403
1.46602
1.45802
1.45004
1.44208
1.43414
1.42621
1.41831
1.41042
1.40255
1.3947
1.38687
1.37906
1.37126
1.36349
1.35573
1.34799
1.34027
1.33257
1.32488
1.31722
1.30957
1.30194
1.29433
1.28674
1.27916
1.2716
1.26407
1.25654
1.24904
1.24156
1.23409
1.22664
1.21921
1.2118
1.2044
1.19702
1.18966
1.18232
1.175
1.16769
1.16041
1.15314
1.14588
1.13865
1.13143
1.12423
1.11705
1.10989
1.10274
1.09561
1.0885
1.08141
1.07433
1.06727
1.06023
1.05321
1.0462
1.03921
1.03224
1.02529
1.01835
1.01143
1.00453
0.997649
0.990783
0.983934
0.977103
0.970289
0.963492
0.956713
0.949951
0.943207
0.936479
0.929769
0.923077
0.916401
0.909743
0.903103
0.896479
0.889873
0.883284
0.876712
0.870157
0.86362
0.857099
0.850596
0.844111
0.837642
0.83119
0.824756
0.818339
0.811939
0.805556
0.79919
0.792842
0.78651
0.780196
0.773899
0.767618
0.761355
0.755109
0.748881
0.742669
0.736474
0.730296
0.724136
0.717992
0.711866
0.705756
0.699664
0.693589
0.68753
0.681489
0.675465
0.669458
0.663468
0.657495
0.651539
0.6456
0.639678
0.633773
0.627885
0.622014
0.61616
0.610323
0.604503
0.5987
0.592914
0.587145
0.581393
0.575658
0.56994
0.56424
0.558556
0.552889
0.547239
0.541606
0.53599
0.530391
0.52481
0.519245
0.513697
0.508166
0.502653
0.497156
0.491676
0.486213
0.480768
0.475339
0.469927
0.464533
0.459155
0.453795
0.448451
0.443125
0.437815
0.432523
0.427248
0.421989
0.416748
0.411524
0.406317
0.401127
0.395954
0.390798
0.385659
0.380537
0.375433
0.370345
0.365275
0.360221
0.355185
0.350166
0.345164
0.340179
0.335211
0.330261
0.325327
0.320411
0.315512
0.31063
0.305765
0.300917
0.296086
0.291273
0.286477
0.281698
0.276936
0.272191
0.267464
0.262754
0.258061
0.253385
0.248727
0.244085
0.239461
0.234855
0.230265
0.225693
0.221138
0.2166
0.21208
0.207577
0.203091
0.198623
0.194172
0.189738
0.185322
0.180923
0.176541
0.172177
0.16783
0.1635
0.159188
0.154893
0.150616
0.146356
0.142114
0.137889
0.133681
0.129491
0.125318
0.121163
0.117025
0.112905
0.108802
0.104717
0.100649
0.096599
0.0925664
0.0885513
0.0845537
0.0805737
0.0766113
0.0726665
0.0687393
0.0648296
0.0609376
0.0570632
0.0532065
0.0493674
0.0455459
0.0417421
0.037956
0.0341875
0.0304368
0.0267037
0.0229884
0.0192908
0.0156109
0.0119488
0.00830441
0.00467779
0.00106895
-0.0025221
-0.00609536
-0.00965082
-0.0131885
-0.0167083
-0.0202102
-0.0236944
-0.0271606
-0.0306091
-0.0340396
-0.0374522
-0.040847
-0.0442238
-0.0475827
-0.0509237
-0.0542467
-0.0575518
-0.0608389
-0.0641081
-0.0673592
-0.0705924
-0.0738076
-0.0770047
-0.0801838
-0.0833449
-0.086488
-0.089613
-0.0927199
-0.0958087
-0.0988795
-0.101932
-0.104967
-0.107983
-0.110981
-0.113962
-0.116924
-0.119867
-0.122793
-0.1257
-0.12859
-0.131461
-0.134314
-0.137148
-0.139965
-0.142763
-0.145543
-0.148304
-0.151048
-0.153773
-0.15648
-0.159168
-0.161838
-0.16449
-0.167123
-0.169739
-0.172335
-0.174914
-0.177474
-0.180015
-0.182539
-0.185043
-0.18753
-0.189998
-0.192447
-0.194878
-0.197291
-0.199685
-0.202061
-0.204418
-0.206757
-0.209077
-0.211378
-0.213662
-0.215926
-0.218172
-0.2204
-0.222609
-0.224799
-0.226971
-0.229124
-0.231259
-0.233375
-0.235472
-0.237551
-0.239611
-0.241652
-0.243675
-0.245679
-0.247664
-0.249631
-0.251579
-0.253509
-0.255419
-0.257311
-0.259185
-0.261039
-0.262875
-0.264692
-0.26649
-0.26827
-0.27003
-0.271772
-0.273495
-0.2752
-0.276885
-0.278552
-0.2802
-0.281829
-0.283439
-0.285031
-0.286603
-0.288157
-0.289692
-0.291208
-0.292705
-0.294183
-0.295642
-0.297083
-0.298504
-0.299907
-0.301291
-0.302655
-0.304001
-0.305328
-0.306636
-0.307925
-0.309195
-0.310446
-0.311678
-0.312891
-0.314086
-0.315261
-0.316417
-0.317554
-0.318672
-0.319771
-0.320852
-0.321913
-0.322955
-0.323978
-0.324982
-0.325967
-0.326933
-0.32788
-0.328808
-0.329716
-0.330606
-0.331477
-0.332328
-0.333161
-0.333974
-0.334769
-0.335544
-0.3363
-0.337037
-0.337755
-0.338454
-0.339134
-0.339794
-0.340436
-0.341058
-0.341662
-0.342246
-0.342811
-0.343357
-0.343884
-0.344391
-0.34488
-0.345349
-0.3458
-0.346231
-0.346643
-0.347035
-0.347409
-0.347764
-0.348099
-0.348415
-0.348712
-0.34899
-0.349249
-0.349488
-0.349709
-0.34991
-0.350092
-0.350255
-0.350399
-0.350523
-0.350629
-0.350715
-0.350782
-0.35083
-0.350859
