251
203.063
77.5625
-77.5616
-203.055
-250.985
-203.045
-77.5539
77.5511
203.023
250.938
203.003
77.5359
-77.5311
-202.966
-250.861
-202.936
-77.5083
77.5016
202.883
250.754
202.844
77.4712
-77.4626
-202.776
-250.615
-202.727
-77.4246
77.4142
202.645
250.446
202.585
77.3686
-77.3562
-202.488
-250.246
-202.418
-77.3031
77.2888
202.307
250.016
202.227
77.2282
-77.212
-202.101
-249.755
-202.011
-77.1438
77.1258
201.87
249.464
201.771
77.0501
-77.0303
-201.615
-249.143
-201.506
-76.9471
76.9253
201.335
248.791
201.217
76.8347
-76.8111
-201.031
-248.41
-200.903
-76.7131
76.6877
200.703
247.998
200.565
76.5822
-76.555
-200.351
-247.557
-200.204
-76.4422
76.4131
199.975
247.086
199.818
76.293
-76.2621
-199.575
-246.586
-199.408
-76.1348
76.102
199.151
246.056
198.975
75.9675
-75.9329
-198.704
-245.497
-198.518
-75.7912
75.7549
198.233
244.909
198.038
75.606
-75.5679
-197.739
-244.293
-197.535
-75.412
75.3721
197.221
243.648
197.008
75.2091
-75.1675
-196.681
-242.974
-196.459
-74.9976
74.9542
196.118
242.273
195.887
74.7774
-74.7323
-195.533
-241.544
-195.292
-74.5486
74.5018
194.925
240.787
194.675
74.3113
-74.2628
-194.295
-240.002
-194.037
-74.0656
74.0154
193.643
239.191
193.376
73.8115
-73.7597
-192.969
-238.353
-192.693
-73.5492
73.4958
192.274
237.488
191.99
73.2787
-73.2237
-191.557
-236.597
-191.264
-73.0002
72.9435
190.819
235.68
190.518
72.7136
-72.6554
-190.061
-234.738
-189.752
-72.4192
72.3594
189.282
233.77
188.965
72.117
-72.0556
-188.482
-232.777
-188.157
-71.807
71.7441
187.663
231.759
187.33
71.4895
-71.4251
-186.824
-230.717
-186.483
-71.1645
71.0986
185.965
229.651
185.616
70.8321
-70.7648
-185.087
-228.561
-184.731
-70.4925
70.4237
184.191
227.448
183.827
70.1456
-70.0754
-183.275
-226.312
-182.904
-69.7918
69.7201
182.341
225.153
181.963
69.4309
-69.358
-181.39
-223.972
-181.004
-69.0633
68.989
180.42
222.769
180.027
68.689
-68.6133
-179.433
-221.545
-179.034
-68.3081
68.2311
178.429
220.3
178.023
67.9207
-67.8425
-177.408
-219.034
-176.995
-67.527
67.4475
176.371
217.748
175.952
67.1271
-67.0464
-175.318
-216.442
-174.892
-66.7211
66.6392
174.248
215.116
173.816
66.3091
-66.226
-173.164
-213.772
-172.726
-65.8914
65.8071
172.064
212.409
171.62
65.4679
-65.3825
-170.95
-211.028
-170.5
-65.0389
64.9524
169.821
209.629
169.365
64.6044
-64.5169
-168.678
-208.213
-168.217
-64.1647
64.0761
167.521
206.78
167.055
63.7198
-63.6302
-166.351
-205.33
-165.879
-63.2699
63.1794
165.168
203.865
164.691
62.8152
-62.7236
-163.972
-202.384
-163.491
-62.3557
62.2632
162.765
200.888
162.278
61.8916
-61.7982
-161.545
-199.377
-161.054
-61.423
61.3288
160.314
197.853
159.818
60.9501
-60.8551
-159.071
-196.314
-158.571
-60.4731
60.3772
157.818
194.763
157.314
59.992
-59.8954
-156.555
-193.198
-156.046
-59.5071
59.4097
155.281
191.622
154.769
59.0184
-58.9203
-153.998
-190.033
-153.482
-58.5262
58.4273
152.705
188.433
152.186
58.0305
-57.9309
-151.404
-186.823
-150.881
-57.5314
57.4312
150.094
185.202
149.568
57.0293
-56.9285
-148.776
-183.571
-148.247
-56.5241
56.4227
147.451
181.93
146.918
56.016
-55.9141
-146.118
-180.281
-145.583
-55.5053
55.4028
144.778
178.623
144.24
54.9919
-54.889
-143.431
-176.957
-142.891
-54.4762
54.3728
142.079
175.284
141.536
53.9581
-53.8543
-140.72
-173.603
-140.175
-53.438
53.3337
139.356
171.916
138.809
52.9158
-52.8111
-137.987
-170.222
-137.438
-52.3918
52.2868
136.613
168.523
136.063
51.8661
-51.7607
-135.235
-166.819
-134.683
-51.3388
51.2331
133.853
165.11
133.3
50.8101
-50.7042
-132.468
-163.396
-131.913
-50.2801
50.174
131.079
161.679
130.523
49.749
-49.6426
-129.688
-159.958
-129.13
-49.2169
49.1103
128.294
158.235
127.735
48.6839
-48.5772
-126.897
-156.509
-126.339
-48.1502
48.0434
125.5
154.78
124.94
47.616
-47.5091
-124.1
-153.051
-123.54
-47.0813
46.9743
122.7
151.32
122.14
46.5463
-46.4393
-121.299
-149.588
-120.739
-46.0111
45.9041
119.898
147.856
119.338
45.4759
-45.3689
-118.497
-146.124
-117.937
-44.9408
44.8338
117.096
144.393
116.536
44.4059
-44.2989
-115.696
-142.662
-115.136
-43.8713
43.7645
114.297
140.933
113.738
43.3372
-43.2305
-112.899
-139.206
-112.341
-42.8038
42.6972
111.504
137.481
110.946
42.271
-42.1646
-110.11
-135.759
-109.553
-41.7391
41.6329
108.718
134.039
108.162
41.2082
-41.1022
-107.329
-132.323
-106.775
-40.6784
40.5726
105.943
130.611
105.39
40.1498
-40.0442
-104.561
-128.903
-104.009
-39.6225
39.5172
103.182
127.199
102.631
39.0966
-38.9916
-101.807
-125.501
-101.258
-38.5723
38.4676
100.436
123.807
99.8885
38.0496
-37.9453
-99.0691
-122.119
-98.5238
-37.5287
37.4248
97.7073
120.437
97.164
37.0097
-36.9061
-96.3506
-118.761
-95.8093
-36.4926
36.3895
94.999
117.092
94.46
35.9777
-35.8749
-93.6531
-115.43
-93.1163
-35.4649
35.3626
92.3129
113.775
91.7785
34.9543
-34.8525
-90.9787
-112.127
-90.4468
-34.4462
34.3448
89.6509
110.487
89.1216
33.9405
-33.8396
-88.3296
-108.856
-87.8029
-33.4373
33.337
87.015
107.233
86.4911
32.9368
-32.837
-85.7074
-105.618
-85.1864
-32.439
32.3397
84.4071
104.012
83.889
31.944
-31.8453
-83.1141
-102.416
-82.5991
-31.4518
31.3538
81.8288
100.829
81.3168
30.9627
-30.8652
-80.5513
-99.2522
-80.0425
-30.4765
30.3797
79.2818
97.6851
78.7763
29.9935
-29.8973
-78.0205
-96.1281
-77.5184
-29.5137
29.4181
76.7676
94.5816
76.2689
29.0371
-28.9421
-75.5233
-93.0456
-75.028
-28.5638
28.4695
74.2877
91.5205
73.796
28.0938
-28.0003
-73.061
-90.0064
-72.5728
-27.6273
27.5345
71.8433
88.5036
71.3588
27.1643
-27.0721
-70.6348
-87.0121
-70.154
-26.7049
26.6134
69.4357
85.5322
68.9586
26.249
-26.1582
-68.246
-84.0639
-67.7727
-25.7967
25.7067
67.0658
82.6076
66.5965
25.3482
-25.2589
-65.8954
-81.1633
-65.4299
-24.9033
24.8148
64.7347
79.7311
64.2732
24.4623
-24.3745
-63.584
-78.3112
-63.1265
-24.025
23.938
62.4433
76.9036
61.9898
23.5916
-23.5054
-61.3126
-75.5086
-60.8632
-23.1621
23.0766
60.1922
74.1261
59.7469
22.7365
-22.6518
-59.082
-72.7564
-58.6408
-22.3148
22.2309
57.9821
71.3994
57.545
21.897
-21.8139
-56.8925
-70.0552
-56.4596
-21.4832
21.4009
55.8134
68.724
55.3847
21.0734
-20.992
-54.7448
-67.4057
-54.3203
-20.6677
20.587
53.6867
66.1004
53.2664
20.2659
-20.1861
-52.6391
-64.8081
-52.223
-19.8682
19.7891
51.6021
63.5289
51.1902
19.4745
-19.3963
-50.5757
-62.2628
-50.168
-19.0849
19.0074
49.5598
61.0097
49.1564
18.6993
-18.6227
-48.5546
-59.7698
-48.1554
-18.3178
18.2419
47.5599
58.543
47.165
17.9403
-17.8652
-46.5758
-57.3292
-46.1852
-17.5668
17.4926
45.6023
56.1285
45.2159
17.1974
-17.124
-44.6394
-54.9408
-44.2571
-16.832
16.7594
43.6869
53.7661
43.3089
16.4705
-16.3987
-42.7449
-52.6043
-42.371
-16.1131
16.0421
41.8134
51.4554
41.4436
15.7597
-15.6895
-40.8922
-50.3193
-40.5266
-15.4102
15.3408
39.9813
49.1959
39.6198
15.0646
-14.996
-39.0807
-48.0852
-38.7233
-14.723
14.6551
38.1902
46.9871
37.8369
14.3852
-14.3181
-37.3099
-45.9015
-36.9606
-14.0512
13.9849
36.4396
44.8282
36.0943
13.7211
-13.6555
-35.5793
-43.7672
-35.2379
-13.3947
13.3299
34.7288
42.7183
34.3913
13.0721
-13.008
-33.888
-41.6815
-33.5544
-12.7532
12.6898
33.0569
40.6565
32.7271
12.4379
-12.3753
-32.2353
-39.6433
-31.9093
-12.1262
12.0643
31.4231
38.6417
31.1008
11.8181
-11.7569
-30.6202
-37.6515
-30.3016
-11.5136
11.4531
29.8265
36.6727
29.5115
11.2124
-11.1526
-29.0418
-35.7049
-28.7304
-10.9148
10.8556
28.266
34.7482
27.9581
10.6204
-10.562
-27.4989
-33.8021
-27.1945
-10.3294
10.2716
26.7404
32.8667
26.4394
10.0417
-9.98449
-25.9904
-31.9417
-25.6927
-9.75709
9.70055
25.2487
31.0269
24.9543
9.47565
-9.41973
-24.5151
-30.1222
-24.2239
-9.19728
9.14196
23.7895
29.2272
23.5014
8.92191
-8.86719
-23.0716
-28.3418
-22.7867
-8.64948
8.59534
22.3614
27.4658
22.0795
8.37992
-8.32634
-21.6587
-26.599
-21.3796
-8.11316
8.06014
20.9632
25.741
20.687
7.84913
-7.79665
-20.2748
-24.8918
-20.0013
-7.58776
7.5358
19.5932
24.0511
19.3225
7.32898
-7.27753
-18.9184
-23.2186
-18.6503
-7.07272
7.02176
18.25
22.394
17.9845
6.81889
-6.76841
-17.588
-21.5772
-17.3249
-6.56742
6.51741
16.9321
20.7679
16.6714
6.31824
-6.26867
-16.2821
-19.9659
-16.0236
-6.07126
6.02213
15.6377
19.1708
15.3815
5.82641
-5.77769
-14.9989
-18.3825
-14.7448
-5.58361
5.53529
14.3653
17.6006
14.1133
5.34277
-5.29483
-13.7367
-16.8249
-13.4867
-5.10381
5.05624
13.113
16.0551
12.8649
4.86665
-4.81943
-12.494
-15.291
-12.2476
-4.63121
4.58432
11.8793
14.5323
11.6346
4.3974
-4.35083
-11.2688
-13.7787
-11.0258
-4.16514
4.11886
10.6623
13.03
10.4208
3.93434
-3.88835
-10.0596
-12.2858
-9.81945
-3.70492
3.65919
9.4603
11.5459
9.22153
3.47679
-3.43131
-8.86434
-10.8101
-8.62682
-3.24986
3.20461
8.27143
10.0779
8.03508
3.02405
-2.97902
-7.68137
-9.34922
-7.44609
-2.79928
2.75444
7.09392
8.6237
6.85962
2.57545
-2.53079
-6.50885
-7.90107
-6.27544
-2.35247
2.30798
5.92594
7.18106
5.69333
2.13028
-2.08592
-5.34496
-6.46337
-5.11305
-1.90876
1.86453
4.76568
5.74773
4.53439
1.68784
-1.64373
-4.18788
-5.03385
-3.95712
-1.46744
1.42341
3.61132
4.32147
3.381
1.24746
-1.20351
-3.0358
-3.6103
-2.80582
-1.02782
0.98393
2.46107
2.90006
2.23135
0.80844
-0.764586
-1.88692
-2.19048
-1.65737
-0.589225
0.545395
1.31312
1.48129
1.08365
0.370095
-0.326272
-0.739457
-0.772198
-0.50998
-0.150965
0.107131
0.165706
0.0629485
-0.0638674
-0.0682485
0.112108
0.40835
0.646731
0.638106
0.287628
-0.331531
-0.982927
-1.35711
-1.21295
-0.507256
0.551218
1.55824
2.06845
1.78862
0.727214
-0.771252
-2.1345
-2.78101
-2.36532
-0.947582
0.991712
2.71192
3.49506
2.94326
1.16844
-1.21268
-3.29071
-4.21085
-3.52265
-1.38987
1.43423
3.87107
4.92863
4.1037
1.61194
-1.65644
-4.4532
-5.64866
-4.6866
-1.83474
1.8794
5.03732
6.37118
5.27156
2.05834
-2.10317
-5.6236
-7.09643
-5.85876
-2.28282
2.32782
6.21225
7.82466
6.44842
2.50824
-2.55344
-6.80346
-8.55609
-7.0407
-2.73468
2.7801
7.39742
9.29097
7.63581
2.96222
-3.00786
-7.9943
-10.0295
-8.23392
-3.19091
3.2368
8.59431
10.772
8.83522
3.42084
-3.46698
-9.1976
-11.5185
-9.43987
-3.65206
3.69847
9.80435
12.2694
10.0481
3.88465
-3.93133
-10.4147
-13.0248
-10.6599
-4.11866
4.16564
11.0289
13.7849
11.2757
4.35416
-4.40144
-11.6471
-14.55
-11.8955
-4.59121
4.63881
12.2693
15.3202
12.5194
4.82986
-4.87779
-12.8959
-16.0957
-13.1477
-5.07019
5.11846
13.5269
16.8768
13.7805
5.31224
-5.36086
-14.1624
-17.6635
-14.4179
-5.55606
5.60504
14.8026
18.456
15.0601
5.80171
-5.85107
-15.4477
-19.2546
-15.7071
-6.04924
6.09898
16.0978
20.0594
16.3592
6.2987
-6.34883
-16.7529
-20.8705
-17.0164
-6.55014
6.60067
17.4133
21.688
17.6789
6.8036
-6.85453
-18.079
-22.5122
-18.3468
-7.05911
7.11047
18.7501
23.3432
19.0201
7.31674
-7.36852
-19.4268
-24.181
-19.6991
-7.5765
7.62872
20.1092
25.0258
20.3837
7.83845
-7.8911
-20.7973
-25.8778
-21.0741
-8.10261
8.15571
21.4912
26.737
21.7704
8.36902
-8.42258
-22.191
-27.6035
-22.4727
-8.63771
8.69173
22.8969
28.4775
23.1809
8.90871
-8.96319
-23.6088
-29.359
-23.8953
-9.18204
9.23699
24.3269
30.2481
24.6158
9.45773
-9.51316
-25.0511
-31.1449
-25.3426
-9.7358
9.79171
25.7816
32.0494
26.0756
10.0163
-10.0727
-26.5184
-32.9617
-26.8149
-10.2992
10.356
27.2616
33.8819
27.5607
10.5845
-10.6419
-28.0112
-34.81
-28.3128
-10.8723
10.9301
28.7672
35.746
29.0714
11.1625
-11.2209
-29.5296
-36.69
-29.8364
-11.4552
11.5141
30.2985
37.642
30.6079
11.7504
-11.8097
-31.0739
-38.6021
-31.3859
-12.0481
12.1079
31.8558
39.5702
32.1703
12.3482
-12.4085
-32.6442
-40.5463
-32.9613
-12.6508
12.7117
33.439
41.5304
33.7588
12.9559
-13.0173
-34.2404
-42.5226
-34.5628
-13.2635
13.3253
35.0483
43.5227
35.3732
13.5736
-13.6359
-35.8626
-44.5309
-36.1901
-13.8861
13.9489
36.6833
45.5469
37.0134
14.2011
-14.2643
-37.5105
-46.5709
-37.8431
-14.5185
14.5822
38.344
47.6027
38.6791
14.8383
-14.9025
-39.1838
-48.6424
-39.5215
-15.1605
15.2252
40.0299
49.6897
40.37
15.4851
-15.5503
-40.8821
-50.7447
-41.2248
-15.812
15.8777
41.7406
51.8073
42.0857
16.1413
-16.2075
-42.6051
-52.8774
-42.9526
-16.4729
16.5395
43.4757
53.955
43.8256
16.8068
-16.8739
-44.3521
-55.0398
-44.7044
-17.143
17.2105
45.2345
56.1319
45.589
17.4813
-17.5492
-46.1226
-57.231
-46.4794
-17.8218
17.8902
47.0163
58.3371
47.3754
18.1645
-18.2333
-47.9156
-59.4501
-48.2769
-18.5093
18.5785
48.8204
60.5698
49.1839
18.8561
-18.9257
-49.7306
-61.6961
-50.0961
-19.2049
19.2749
50.6459
62.8289
51.0135
19.5558
-19.6261
-51.5664
-63.9679
-51.936
-19.9085
19.9793
52.4919
65.1131
52.8634
20.2631
-20.3343
-53.4222
-66.2642
-53.7957
-20.6196
20.6911
54.3573
67.4211
54.7326
20.9778
-21.0496
-55.2969
-68.5837
-55.674
-21.3377
21.4099
56.2409
69.7516
56.6198
21.6993
-21.7718
-57.1893
-70.9249
-57.5698
-22.0625
22.1353
58.1417
72.1032
58.5238
22.4272
-22.5003
-59.0981
-73.2863
-59.4818
-22.7934
22.8668
60.0583
74.4741
60.4435
23.161
-23.2347
-61.0222
-75.6664
-61.4087
-23.5299
23.6039
61.9895
76.8628
62.3773
23.9002
-23.9744
-62.9601
-78.0633
-63.3492
-24.2716
24.346
63.9337
79.2676
64.324
24.6442
-24.7188
-64.9103
-80.4754
-65.3017
-25.0179
25.0927
65.8896
81.6865
66.2821
25.3925
-25.4675
-66.8715
-82.9008
-67.2649
-25.7681
25.8433
67.8556
84.1178
68.2499
26.1445
-26.2199
-68.8419
-85.3374
-69.237
-26.5217
26.5972
69.8302
86.5594
70.226
26.8996
-26.9752
-70.8201
-87.7835
-71.2165
-27.278
27.3538
71.8116
89.0093
72.2086
27.6571
-27.7329
-72.8044
-90.2367
-73.2018
-28.0365
28.1125
73.7982
91.4654
74.196
28.4163
-28.4923
-74.7929
-92.6951
-75.191
-28.7964
28.8725
75.7883
93.9256
76.1865
29.1767
-29.2528
-76.784
-95.1565
-77.1824
-29.5571
29.6332
77.78
96.3876
78.1784
29.9376
-30.0136
-78.7759
-97.6186
-79.1742
-30.3179
30.394
79.7716
98.8492
80.1697
30.6981
-30.7741
-80.7667
-100.079
-81.1646
-31.0781
31.154
81.7612
101.308
82.1587
31.4577
-31.5336
-82.7546
-102.536
-83.1517
-31.8369
31.9127
83.7469
103.762
84.1434
32.2156
-32.2913
-84.7377
-104.986
-85.1336
-32.5937
32.6692
85.7268
106.208
86.1219
32.9711
-33.0465
-86.714
-107.428
-87.1083
-33.3477
33.4229
87.6991
108.645
88.0924
33.7234
-33.7984
-88.6817
-109.859
-89.074
-34.0981
34.1729
89.6616
111.07
90.0528
34.4718
-34.5464
-90.6387
-112.277
-91.0287
-34.8443
34.9186
91.6126
113.48
92.0012
35.2155
-35.2896
-92.5831
-114.678
-92.9704
-35.5854
35.6592
93.55
115.873
93.9357
35.9538
-36.0273
-94.5131
-117.062
-94.8971
-36.3207
36.3939
95.4719
118.246
95.8543
36.686
-36.7588
-96.4265
-119.425
-96.807
-37.0495
37.122
97.3764
120.598
97.755
37.4113
-37.4834
-98.3214
-121.765
-98.698
-37.7711
37.8428
99.2614
122.925
99.6359
38.1289
-38.2002
-100.196
-124.079
-100.568
-38.4846
38.5555
101.125
125.226
101.495
38.8382
-38.9086
-102.048
-126.366
-102.416
-39.1894
39.2594
102.965
127.498
103.33
39.5383
-39.6078
-103.876
-128.622
-104.239
-39.8847
39.9537
104.781
129.738
105.14
40.2286
-40.2971
-105.678
-130.846
-106.035
-40.5699
40.6378
106.569
131.945
106.923
40.9084
-40.9757
-107.452
-133.035
-107.803
-41.2441
41.3109
108.328
134.116
108.676
41.5769
-41.6431
-109.196
-135.187
-109.541
-41.9067
41.9723
110.056
136.249
110.398
42.2335
-42.2984
-110.909
-137.3
-111.247
-42.5571
42.6214
111.752
138.341
112.088
42.8774
-42.9411
-112.588
-139.371
-112.919
-43.1945
43.2575
113.414
140.391
113.742
43.5081
-43.5704
-114.232
-141.399
-114.556
-43.8183
43.8799
115.04
142.396
115.361
44.1249
-44.1858
-115.839
-143.381
-116.156
-44.4279
44.4881
116.628
144.354
116.941
44.7272
-44.7866
-117.408
-145.316
-117.717
-45.0227
45.0814
118.178
146.264
118.483
45.3144
-45.3723
-118.937
-147.201
-119.238
-45.6021
45.6592
119.686
148.124
119.983
45.8859
-45.9421
-120.425
-149.034
-120.717
-46.1656
46.221
121.153
149.932
121.441
46.4411
-46.4957
-121.87
-150.815
-122.154
-46.7125
46.7663
122.576
151.685
122.855
46.9796
-47.0325
-123.271
-152.541
-123.546
-47.2424
47.2945
123.954
153.383
124.224
47.5009
-47.552
-124.626
-154.211
-124.892
-47.7548
47.8051
125.287
155.024
125.547
48.0044
-48.0537
-125.935
-155.823
-126.191
-48.2493
48.2978
126.572
156.607
126.823
48.4897
-48.5372
-127.196
-157.375
-127.442
-48.7254
48.772
127.808
158.129
128.05
48.9564
-49.0021
-128.408
-158.868
-128.645
-49.1827
49.2274
128.996
159.591
129.227
49.4042
-49.448
-129.57
-160.298
-129.797
-49.6209
49.6637
130.133
160.99
130.354
49.8327
-49.8745
-130.682
-161.666
-130.898
-50.0396
50.0804
131.218
162.326
131.429
50.2416
-50.2813
-131.742
-162.969
-131.948
-50.4385
50.4773
132.252
163.597
132.453
50.6305
-50.6683
-132.75
-164.209
-132.945
-50.8174
50.8542
133.234
164.804
133.424
50.9992
-51.035
-133.704
-165.382
-133.889
-51.176
51.2107
134.162
165.944
134.341
51.3476
-51.3813
-134.606
-166.49
-134.78
-51.5141
51.5468
135.036
167.018
135.205
51.6754
-51.7071
-135.453
-167.53
-135.616
-51.8316
51.8622
135.856
168.026
136.014
51.9825
-52.0121
-136.246
-168.504
-136.398
-52.1282
52.1568
136.622
168.965
136.769
52.2688
-52.2962
-136.985
-169.41
-137.126
-52.404
52.4305
137.333
169.838
137.469
52.5341
-52.5595
-137.668
-170.248
-137.799
-52.6589
52.6832
137.99
170.642
138.114
52.7785
-52.8018
-138.297
-171.019
-138.416
-52.8928
52.915
138.591
171.379
138.705
53.0019
-53.0231
-138.871
-171.721
-138.979
-53.1058
53.1259
139.138
172.047
139.24
53.2044
-53.2235
-139.39
-172.356
-139.488
-53.2978
53.3159
139.629
172.649
139.721
53.386
-53.403
-139.855
-172.924
-139.941
-53.469
53.485
140.067
173.183
140.148
53.5469
-53.5618
-140.265
-173.424
-140.341
-53.6195
53.6334
140.45
173.65
140.52
53.6871
-53.6999
-140.622
-173.858
-140.686
-53.7495
53.7613
140.78
174.05
140.839
53.8068
-53.8176
-140.924
-174.226
-140.978
-53.859
53.8689
141.056
174.385
141.105
53.9062
-53.9151
-141.174
-174.528
-141.218
-53.9484
53.9563
141.279
174.655
141.318
53.9857
-53.9925
-141.372
-174.766
-141.405
-54.0179
54.0238
141.451
174.861
141.479
54.0453
-54.0502
-141.517
-174.94
-141.541
-54.0678
54.0717
141.571
175.003
141.589
54.0854
-54.0884
-141.613
-175.051
-141.625
-54.0983
54.1003
141.641
175.083
141.649
54.1065
-54.1075
-141.658
-175.101
-141.661
-54.1099
54.11
141.662
175.103
141.66
54.1087
-54.1079
-141.654
-175.09
-141.647
-54.1028
54.1011
141.634
175.062
141.622
54.0925
-54.0899
-141.602
-175.02
-141.586
-54.0776
54.0741
141.558
174.963
141.537
54.0583
-54.0539
-141.503
-174.892
-141.478
-54.0346
54.0293
141.436
174.807
141.407
54.0066
-54.0004
-141.359
-174.708
-141.324
-53.9743
53.9673
141.27
174.595
141.231
53.9378
-53.93
-141.17
-174.469
-141.127
-53.8971
53.8885
141.059
174.329
141.012
53.8524
-53.8429
-140.938
-174.177
-140.886
-53.8036
53.7934
140.806
174.011
140.75
53.7509
-53.7399
-140.664
-173.833
-140.604
-53.6943
53.6825
140.511
173.643
140.448
53.6339
-53.6214
-140.349
-173.44
-140.282
-53.5697
53.5565
140.178
173.225
140.106
53.5019
-53.4879
-139.996
-172.999
-139.921
-53.4305
53.4158
139.805
172.761
139.727
53.3555
-53.3401
-139.606
-172.511
-139.523
-53.2771
53.261
139.397
172.251
139.311
53.1953
-53.1786
-139.179
-171.98
-139.09
-53.1103
53.0929
138.953
171.698
138.86
53.022
-53.0039
-138.719
-171.406
-138.622
-52.9305
52.9119
138.476
171.104
138.377
52.836
-52.8167
-138.225
-170.793
-138.123
-52.7385
52.7187
137.967
170.472
137.862
52.6381
-52.6177
-137.701
-170.141
-137.593
-52.5349
52.5139
137.428
169.802
137.317
52.4289
-52.4074
-137.148
-169.454
-137.034
-52.3203
52.2983
136.861
169.097
136.744
52.2091
-52.1866
-136.567
-168.733
-136.448
-52.0955
52.0724
136.267
168.36
136.145
51.9794
-51.9559
-135.96
-167.98
-135.836
-51.8609
51.837
135.648
167.592
135.521
51.7403
-51.7159
-135.33
-167.198
-135.201
-51.6175
51.5927
135.006
166.796
134.875
51.4926
-51.4674
-134.677
-166.388
-134.544
-51.3658
51.3402
134.343
165.974
134.208
51.237
-51.211
-134.004
-165.554
-133.867
-51.1064
51.0801
133.66
165.128
133.522
50.9741
-50.9475
-133.312
-164.696
-133.172
-50.8402
50.8132
132.96
164.26
132.818
50.7047
-50.6774
-132.604
-163.818
-132.46
-50.5677
50.5401
132.243
163.372
132.098
50.4293
-50.4014
-131.88
-162.922
-131.733
-50.2896
50.2615
131.513
162.467
131.365
50.1487
-50.1204
-131.143
-162.009
-130.994
-50.0066
49.9781
130.769
161.547
130.619
49.8635
-49.8347
-130.394
-161.082
-130.243
-49.7194
49.6905
130.015
160.614
129.864
49.5744
-49.5453
-129.635
-160.143
-129.482
-49.4286
49.3993
129.252
159.67
129.099
49.282
-49.2526
-128.868
-159.194
-128.714
-49.1348
49.1053
128.482
158.717
128.327
48.987
-48.9574
-128.094
-158.237
-127.939
-48.8387
48.809
127.706
157.757
127.55
48.69
-48.6602
-127.316
-157.275
-127.16
-48.5409
48.511
126.925
156.792
126.769
48.3915
-48.3616
-126.534
-156.308
-126.377
-48.242
48.212
126.142
155.824
125.986
48.0923
-48.0623
-125.75
-155.339
-125.594
-47.9425
47.9126
125.358
154.854
125.202
47.7928
-47.7628
-124.966
-154.37
-124.81
-47.6431
47.6132
124.575
153.886
124.418
47.4936
-47.4637
-124.183
-153.402
-124.027
-47.3443
47.3144
123.793
152.92
123.637
47.1952
-47.1655
-123.403
-152.438
-123.247
-47.0465
47.0168
123.014
151.958
122.859
46.8982
-46.8686
-122.626
-151.479
-122.471
-46.7504
46.7209
122.24
151.001
122.085
46.6031
-46.5737
-121.855
-150.526
-121.701
-46.4563
46.4271
121.471
150.052
121.318
46.3102
-46.2811
-121.089
-149.58
-120.937
-46.1648
46.1358
120.709
149.111
120.558
46.0201
-45.9913
-120.331
-148.644
-120.181
-45.8762
45.8475
119.955
148.18
119.806
45.7331
-45.7046
-119.582
-147.719
-119.433
-45.5909
45.5626
119.21
147.261
119.063
45.4497
-45.4215
-118.842
-146.805
-118.695
-45.3094
45.2815
118.475
146.353
118.33
45.1701
-45.1424
-118.112
-145.905
-117.967
-45.0319
45.0044
117.751
145.46
117.608
44.8947
-44.8675
-117.393
-145.018
-117.251
-44.7587
44.7317
117.038
144.58
116.897
44.6239
-44.597
-116.686
-144.146
-116.547
-44.4902
44.4636
116.338
143.716
116.199
44.3577
-44.3314
-115.992
-143.289
-115.855
-44.2265
44.2004
115.65
142.867
115.514
44.0966
-44.0708
-115.311
-142.449
-115.177
-43.9679
43.9424
114.976
142.035
114.843
43.8406
-43.8153
-114.644
-141.626
-114.512
-43.7146
43.6895
114.315
141.221
114.185
43.5899
-43.5652
-113.99
-140.82
-113.861
-43.4666
43.4421
113.669
140.424
113.541
43.3447
-43.3205
-113.351
-140.032
-113.225
-43.2242
43.2002
113.037
139.644
112.912
43.105
-43.0813
-112.727
-139.262
-112.603
-42.9873
42.9639
112.42
138.883
112.298
42.8709
-42.8478
-112.117
-138.509
-111.996
-42.756
42.7331
111.817
138.14
111.698
42.6424
-42.6199
-111.521
-137.775
-111.404
-42.5303
42.508
111.229
137.415
111.113
42.4195
-42.3975
-110.941
-137.059
-110.826
-42.3101
42.2884
110.656
136.708
110.543
42.2021
-42.1807
-110.374
-136.361
-110.263
-42.0955
42.0743
110.097
136.019
109.987
41.9902
-41.9693
-109.822
-135.681
-109.714
-41.8862
41.8656
109.552
135.347
109.444
41.7836
-41.7632
-109.284
-135.017
-109.178
-41.6822
41.6621
109.02
134.692
108.916
41.5821
-41.5623
-108.76
-134.37
-108.656
-41.4833
41.4637
108.502
134.053
108.4
41.3857
-41.3663
-108.248
-133.739
-108.147
-41.2892
41.2701
107.996
133.429
107.897
41.1939
-41.175
-107.748
-133.123
-107.65
-41.0998
41.0811
107.503
132.821
107.405
41.0067
-40.9882
-107.26
-132.521
-107.164
-40.9147
40.8964
107.02
132.226
106.925
40.8236
-40.8055
-106.783
-131.933
-106.689
-40.7336
40.7157
106.548
131.643
106.455
40.6444
-40.6267
-106.316
-131.356
-106.223
-40.5562
40.5386
106.086
131.072
105.994
40.4687
-40.4513
-105.858
-130.791
-105.767
-40.3821
40.3648
105.631
130.512
105.541
40.2961
-40.279
-105.407
-130.235
-105.318
-40.2109
40.1939
105.185
129.961
105.096
40.1262
-40.1094
-104.964
-129.688
-104.876
-40.0421
40.0254
104.744
129.417
104.657
39.9586
-39.9419
-104.526
-129.147
-104.439
-39.8754
39.8588
104.308
128.879
104.222
39.7926
-39.7761
-104.092
-128.611
-104.006
-39.7102
39.6937
103.876
128.345
103.79
39.628
-39.6116
-103.661
-128.08
-103.576
-39.546
39.5296
103.447
127.814
103.361
39.4641
-39.4477
-103.233
-127.549
-103.147
-39.3822
39.3658
103.018
127.284
102.932
39.3003
-39.2839
-102.804
-127.019
-102.718
-39.2183
39.2019
102.589
126.754
102.503
39.1361
-39.1197
-102.374
-126.487
-102.287
-39.0537
39.0372
102.157
126.22
102.071
38.971
-38.9544
-101.94
-125.951
-101.853
-38.8878
38.8712
101.722
125.682
101.635
38.8042
-38.7874
-101.503
-125.41
-101.415
-38.72
38.7031
101.282
125.136
101.193
38.6352
-38.6181
-101.059
-124.86
-100.969
-38.5496
38.5324
100.834
124.582
100.743
38.4632
-38.4458
-100.607
-124.3
-100.515
-38.3759
38.3584
100.377
124.016
100.285
38.2877
-38.2699
-100.145
-123.728
-100.052
-38.1983
38.1803
99.9102
123.437
99.8153
38.1079
-38.0896
-99.672
-123.142
-99.5759
-38.0162
37.9977
99.4306
122.843
99.333
37.9231
-37.9043
-99.1855
-122.539
-99.0864
-37.8286
37.8096
98.9367
122.23
98.836
37.7327
-37.7133
-98.6838
-121.917
-98.5815
-37.6351
37.6154
98.4266
121.598
98.3225
37.5359
-37.5158
-98.165
-121.273
-98.059
-37.4349
37.4144
97.8986
120.943
97.7907
37.332
-37.3112
-97.6272
-120.606
-97.5173
-37.2271
37.2059
97.3507
120.263
97.2385
37.1203
-37.0986
-97.0686
-119.913
-96.9543
-37.0113
36.9892
96.7809
119.556
96.6642
36.9
-36.8775
-96.4873
-119.191
-96.3681
-36.7864
36.7634
96.1875
118.819
96.0658
36.6705
-36.647
-95.8813
-118.439
-95.757
-36.552
36.528
95.5685
118.051
95.4414
36.4309
-36.4064
-95.2487
-117.654
-95.1189
-36.3072
36.2821
94.9219
117.248
94.7891
36.1807
-36.1551
-94.5877
-116.833
-94.452
-36.0513
36.0251
94.246
116.409
94.1071
35.919
-35.8922
-93.8964
-115.975
-93.7544
-35.7837
35.7562
93.5388
115.531
93.3935
35.6452
-35.6171
-93.173
-115.076
-93.0243
-35.5035
35.4748
92.7986
114.612
92.6464
35.3585
-35.3291
-92.4155
-114.136
-92.2598
-35.2102
35.1801
92.0235
113.649
91.8641
35.0583
-35.0275
-91.6223
-113.151
-91.4591
-34.9029
34.8714
91.2116
112.641
91.0447
34.7439
-34.7116
-90.7914
-112.119
-90.6206
-34.5811
34.5481
90.3614
111.585
90.1866
34.4146
-34.3808
-89.9213
-111.039
-89.7424
-34.2442
34.2096
89.471
110.479
89.288
34.0698
-34.0344
-89.0103
-109.907
-88.823
-33.8913
33.8552
88.5388
109.322
88.3473
33.7088
-33.6718
-88.0566
-108.723
-87.8606
-33.5221
33.4842
87.5633
108.111
87.3628
33.3311
-33.2924
-87.0587
-107.484
-86.8537
-33.1358
33.0962
86.5428
106.843
86.3332
32.936
-32.8955
-86.0152
-106.188
-85.8009
-32.7318
32.6904
85.4758
105.519
85.2568
32.5231
-32.4808
-84.9245
-104.834
-84.7006
-32.3097
32.2665
84.3611
104.135
84.1322
32.0917
-32.0475
-83.7853
-103.42
-83.5515
-31.8689
31.8238
83.1971
102.69
82.9582
31.6413
-31.5952
-82.5962
-101.944
-82.3523
-31.4089
31.3618
81.9826
101.182
81.7335
31.1716
-31.1235
-81.356
-100.405
-81.1018
-30.9293
30.8802
80.7164
99.6109
80.4569
30.6819
-30.6319
-80.0636
-98.8007
-79.7988
-30.4295
30.3784
79.3975
97.974
79.1272
30.172
-30.1199
-78.7179
-97.1306
-78.4422
-29.9093
29.8561
78.0247
96.2704
77.7436
29.6414
-29.5872
-77.3178
-95.3932
-77.0312
-29.3682
29.313
76.5971
94.499
76.3049
29.0898
-29.0334
-75.8625
-93.5875
-75.5647
-28.806
28.7486
75.1139
92.6587
74.8105
28.5168
-28.4583
-74.3512
-91.7124
-74.0421
-28.2222
28.1627
73.5743
90.7486
73.2595
27.9222
-27.8616
-72.7831
-89.7672
-72.4627
-27.6167
27.555
71.9776
88.768
71.6514
27.3058
-27.2429
-71.1578
-87.751
-70.8258
-26.9893
26.9253
70.3234
86.7161
69.9856
26.6673
-26.6022
-69.4746
-85.6633
-69.1309
-26.3397
26.2735
68.6111
84.5924
68.2617
26.0066
-25.9393
-67.7331
-83.5035
-67.3778
-25.6678
25.5994
66.8405
82.3965
66.4793
25.3235
-25.254
-65.9332
-81.2714
-65.5661
-24.9736
24.9029
65.0112
80.1281
64.6383
24.6181
-24.5463
-64.0745
-78.9667
-63.6957
-24.2569
24.184
63.1232
77.7871
62.7385
23.8902
-23.8161
-62.1571
-76.5894
-61.7666
-23.5178
23.4427
61.1764
75.3735
60.78
23.1398
-23.0636
-60.181
-74.1395
-59.7787
-22.7563
22.6789
59.1709
72.8874
58.7628
22.3671
-22.2886
-58.1463
-71.6173
-57.7323
-21.9724
21.8928
57.107
70.3291
56.6873
21.5721
-21.4914
-56.0533
-69.023
-55.6277
-21.1663
21.0845
54.985
67.699
54.5537
20.755
-20.672
-53.9024
-66.3572
-53.4653
-20.3381
20.2541
52.8054
64.9977
52.3626
19.9158
-19.8307
-51.6941
-63.6206
-51.2456
-19.4881
19.4019
50.5687
62.226
50.1145
19.055
-18.9677
-49.4291
-60.8139
-48.9693
-18.6165
18.5282
48.2755
59.3846
47.8102
18.1727
-18.0833
-47.108
-57.9381
-46.6372
-17.7236
17.6331
45.9268
56.4746
45.4504
17.2692
-17.1777
-44.7318
-54.9942
-44.2501
-16.8097
16.7172
43.5234
53.4971
43.0362
16.345
-16.2515
-42.3015
-51.9834
-41.809
-15.8753
15.7807
41.0663
50.4534
40.5685
15.4004
-15.3049
-39.818
-48.9072
-39.315
-14.9207
14.8241
38.5567
47.345
38.0486
14.436
-14.3384
-37.2827
-45.7671
-36.7695
-13.9464
13.8479
35.9959
44.1735
35.4778
13.452
-13.3526
-34.6968
-42.5646
-34.1736
-12.953
12.8526
33.3853
40.9405
32.8573
12.4493
-12.348
-32.0618
-39.3015
-31.529
-11.941
11.8388
30.7263
37.6479
30.1888
11.4282
-11.3251
-29.3792
-35.9799
-28.8371
-10.911
10.807
28.0205
34.2977
27.4739
10.3895
-10.2846
-26.6506
-32.6017
-26.0996
-9.86366
9.758
25.2697
30.8921
24.7143
9.3337
-9.22722
-23.878
-29.1692
-23.3183
-8.79967
8.69238
22.4757
27.4332
21.9118
8.26165
-8.15358
-21.063
-25.6846
-20.4951
-7.71974
7.6109
19.6403
23.9235
19.0684
7.17404
-7.06445
-18.2077
-22.1504
-17.632
-6.62464
6.51433
16.7656
20.3655
16.1861
6.07165
-5.96063
-15.3141
-18.5691
-14.731
-5.51517
5.40346
13.8536
16.7617
13.267
4.9553
-4.84293
-12.3844
-14.9435
-11.7943
-4.39215
4.27914
10.9067
13.1149
10.3134
3.82584
-3.71221
-9.42087
-11.2763
-8.8243
-3.25647
3.14224
7.92712
9.42805
7.32748
2.68416
-2.56935
-6.42579
-7.57047
-5.8232
-2.10902
1.99366
4.91718
5.70397
4.31177
1.53117
-1.41528
-3.40161
-3.82895
-2.7935
-0.950732
0.834344
1.87938
1.94577
1.2687
0.367828
-0.250961
-0.350823
-0.0548575
0.2623
0.217421
-0.334741
-1.18374
-1.8434
-1.79917
-0.804888
0.922637
2.72398
3.7486
3.34159
1.39445
-1.5126
-4.26956
-5.66032
-4.88922
-1.98597
2.1045
5.82015
7.57814
6.44172
2.57933
-2.69821
-7.37541
-9.50164
-7.99874
-3.17439
3.29359
8.93498
11.4304
9.55994
3.77102
-3.89052
-10.4985
-13.364
-11.125
-4.36908
4.48886
12.0657
15.3019
12.6935
4.96845
-5.08846
-13.6361
-17.2438
-14.2651
-5.56897
5.68921
15.2094
19.1892
15.8395
6.17052
-6.29095
-16.7853
-21.1376
-17.4162
-6.77296
6.89354
18.3633
23.0887
18.995
7.37614
-7.49686
-19.9431
-25.0418
-20.5755
-7.97993
8.10074
21.5244
26.9967
22.1572
8.58417
-8.70506
-23.1067
-28.9527
-23.7398
-9.18873
9.30967
24.6897
30.9095
25.323
9.79347
-9.91442
-26.273
-32.8666
-26.9063
-10.3982
10.5192
27.8562
34.8235
28.4894
11.0029
-11.1238
-29.4389
-36.7797
-30.0718
-11.6073
11.7281
31.0208
38.7348
31.6533
12.2112
-12.332
-32.6015
-40.6882
-33.2334
-12.8146
12.9353
34.1806
42.6396
34.8117
13.4174
-13.5378
-35.7577
-44.5884
-36.3878
-14.0192
14.1395
37.3323
46.5342
37.9614
14.6201
-14.7401
-38.9042
-48.4764
-39.5321
-15.2198
15.3395
40.4729
50.4146
41.0994
15.8182
-15.9377
-42.0381
-52.3483
-42.6631
-16.4151
16.5343
43.5993
54.277
44.2226
17.0105
-17.1293
-45.1562
-56.2003
-45.7776
-17.6041
17.7226
46.7083
58.1176
47.3277
18.1958
-18.3139
-48.2553
-60.0285
-48.8726
-18.7854
18.9031
49.7968
61.9324
50.4117
19.3729
-19.4901
-51.3324
-63.829
-51.9449
-19.958
20.0747
52.8617
65.7177
53.4716
20.5406
-20.6569
-54.3843
-67.5981
-54.9914
-21.1206
21.2363
55.8999
69.4696
56.504
21.6978
-21.8129
-57.408
-71.3319
-58.0091
-22.2721
22.3866
58.9083
73.1844
59.5061
22.8433
-22.9572
-60.4004
-75.0266
-60.9948
-23.4113
23.5245
61.8839
76.8581
62.4748
23.9759
-24.0884
-63.3584
-78.6785
-63.9456
-24.537
24.6488
64.8236
80.4872
65.407
25.0944
-25.2055
-66.2791
-82.2838
-66.8585
-25.6481
25.7584
67.7245
84.0679
68.2998
26.1978
-26.3073
-69.1595
-85.839
-69.7305
-26.7435
26.8521
70.5837
87.5966
71.1502
27.2849
-27.3927
-71.9966
-89.3404
-72.5586
-27.822
27.9289
73.3981
91.0698
73.9554
28.3546
-28.4606
-74.7877
-92.7844
-75.3401
-28.8826
28.9876
76.1651
94.4838
76.7125
29.4058
-29.5099
-77.5298
-96.1676
-78.0722
-29.9242
30.0273
78.8817
97.8354
79.4188
30.4375
-30.5396
-80.2203
-99.4867
-80.752
-30.9457
31.0468
81.5454
101.121
82.0715
31.4487
-31.5486
-82.8565
-102.738
-83.377
-31.9462
32.0451
84.1534
104.338
84.6681
32.4383
-32.536
-85.4357
-105.919
-85.9445
-32.9247
33.0213
86.7031
107.482
87.2059
33.4054
-33.5008
-87.9554
-109.026
-88.452
-33.8801
33.9744
89.1922
110.551
89.6825
34.349
-34.442
-90.4132
-112.056
-90.8971
-34.8117
34.9035
91.6181
113.542
92.0956
35.2682
-35.3587
-92.8067
-115.007
-93.2775
-35.7184
35.8076
93.9786
116.451
94.4427
36.1621
-36.2501
-95.1336
-117.875
-95.5909
-36.5994
36.686
96.2715
119.277
96.7217
37.03
-37.1153
-97.3918
-120.657
-97.835
-37.4539
37.5379
98.4945
122.016
98.9305
37.871
-37.9536
-99.5792
-123.352
-100.008
-38.2811
38.3623
100.646
124.666
101.067
38.6843
-38.7641
-101.694
-125.957
-102.108
-39.0803
39.1587
102.723
127.224
103.13
39.4692
-39.5461
-103.734
-128.469
-104.133
-39.8508
39.9263
104.725
129.69
105.116
40.2251
-40.299
-105.697
-130.886
-106.08
-40.5919
40.6644
106.65
132.059
107.025
40.9512
-41.0222
-107.583
-133.207
-107.95
-41.303
41.3724
108.495
134.33
108.855
41.6471
-41.715
-109.388
-135.429
-109.74
-41.9835
42.0499
110.261
136.503
110.604
42.3122
-42.3769
-111.113
-137.551
-111.448
-42.633
42.6962
111.945
138.574
112.272
42.9459
-43.0075
-112.756
-139.571
-113.074
-43.2508
43.3108
113.546
140.542
113.856
43.5478
-43.6062
-114.315
-141.488
-114.616
-43.8367
43.8935
115.062
142.407
115.356
44.1175
-44.1727
-115.789
-143.3
-116.074
-44.3901
44.4437
116.494
144.166
116.771
44.6546
-44.7065
-117.178
-145.006
-117.446
-44.9109
44.9612
117.841
145.819
118.099
45.1589
-45.2075
-118.481
-146.606
-118.731
-45.3987
45.4456
119.1
147.366
119.342
45.6301
-45.6754
-119.697
-148.098
-119.93
-45.8532
45.8968
120.273
148.804
120.497
46.0679
-46.1099
-120.826
-149.483
-121.041
-46.2743
46.3146
121.358
150.135
121.564
46.4723
-46.5109
-121.867
-150.759
-122.065
-46.6619
46.6988
122.355
151.356
122.544
46.8431
-46.8783
-122.82
-151.926
-123
-47.0159
47.0494
123.264
152.469
123.435
47.1802
-47.2121
-123.685
-152.985
-123.848
-47.3362
47.3664
124.085
153.473
124.239
47.4838
-47.5123
-124.462
-153.934
-124.607
-47.6229
47.6497
124.818
154.368
124.954
47.7537
-47.7788
-125.152
-154.775
-125.279
-47.8761
47.8995
125.463
155.155
125.582
47.9901
-48.0119
-125.753
-155.508
-125.863
-48.0958
48.116
126.021
155.834
126.122
48.1932
-48.2117
-126.267
-156.133
-126.36
-48.2823
48.2991
126.492
156.405
126.576
48.3631
-48.3783
-126.695
-156.651
-126.77
-48.4358
48.4493
126.877
156.87
126.943
48.5002
-48.5121
-127.037
-157.062
-127.095
-48.5565
48.5668
127.176
157.229
127.225
48.6047
-48.6133
-127.293
-157.369
-127.334
-48.6448
48.6518
127.39
157.483
127.423
48.6769
-48.6823
-127.466
-157.572
-127.49
-48.701
48.7049
127.52
157.634
127.537
48.7173
-48.7196
-127.555
-157.672
-127.563
-48.7256
48.7264
127.568
157.684
127.568
48.7262
-48.7254
-127.562
-157.67
-127.554
-48.7191
48.7167
127.535
157.632
127.519
48.7043
-48.7004
-127.488
-157.57
-127.464
-48.6818
48.6765
127.422
157.483
127.39
48.6519
-48.645
-127.336
-157.371
-127.296
-48.6145
48.6061
127.23
157.236
127.182
48.5697
-48.5599
-127.105
-157.077
-127.05
-48.5177
48.5064
126.961
156.894
126.898
48.4584
-48.4456
-126.798
-156.688
-126.728
-48.3919
48.3778
126.617
156.46
126.539
48.3185
-48.3029
-126.417
-156.208
-126.332
-48.238
48.2211
126.199
155.935
126.107
48.1507
-48.1324
-125.964
-155.639
-125.865
-48.0566
48.037
125.71
155.321
125.604
47.9558
-47.9349
-125.44
-154.982
-125.327
-47.8485
47.8262
125.152
154.622
125.032
47.7346
-47.7111
-124.847
-154.242
-124.72
-47.6144
47.5896
124.526
153.84
124.392
47.4879
-47.4619
-124.188
-153.419
-124.048
-47.3552
47.328
123.834
152.978
123.688
47.2165
-47.188
-123.465
-152.517
-123.312
-47.0718
47.0421
123.08
152.037
122.921
46.9212
-46.8904
-122.679
-151.539
-122.515
-46.7649
46.733
122.264
151.022
122.094
46.603
-46.57
-121.835
-150.488
-121.659
-46.4357
46.4015
121.391
149.936
121.209
46.2629
-46.2277
-120.933
-149.366
-120.746
-46.0848
46.0486
120.461
148.78
120.269
45.9017
-45.8644
-119.977
-148.177
-119.779
-45.7135
45.6752
119.479
147.559
119.276
45.5204
-45.4812
-118.968
-146.925
-118.76
-45.3225
45.2824
118.445
146.275
118.233
45.12
-45.079
-117.91
-145.611
-117.693
-44.913
44.8711
117.364
144.933
117.142
44.7016
-44.6588
-116.806
-144.24
-116.579
-44.4859
44.4423
116.237
143.534
116.006
44.2662
-44.2217
-115.657
-142.815
-115.422
-44.0424
43.9972
115.067
142.084
114.829
43.8148
-43.7688
-114.467
-141.34
-114.225
-43.5834
43.5367
113.858
140.584
113.611
43.3484
-43.301
-113.239
-139.817
-112.989
-43.11
43.0619
112.611
139.039
112.358
42.8683
-42.8196
-111.975
-138.25
-111.718
-42.6234
42.574
111.331
137.452
111.071
42.3754
-42.3254
-110.678
-136.644
-110.415
-42.1245
42.074
110.019
135.826
109.753
41.8708
-41.8198
-109.352
-135
-109.083
-41.6145
41.563
108.678
134.166
108.407
41.3557
-41.3036
-107.998
-133.324
-107.724
-41.0945
41.042
107.312
132.474
107.036
40.8311
-40.7782
-106.62
-131.617
-106.342
-40.5656
40.5122
105.923
130.754
105.642
40.2981
-40.2444
-105.22
-129.885
-104.938
-40.0288
39.9747
104.514
129.01
104.23
39.7578
-39.7034
-103.802
-128.13
-103.517
-39.4853
39.4306
103.087
127.246
102.8
39.2114
-39.1564
-102.369
-126.357
-102.08
-38.9361
38.881
101.647
125.464
101.358
38.6598
-38.6044
-100.922
-124.567
-100.632
-38.3824
38.3268
100.195
123.668
99.9038
38.1041
-38.0484
-99.466
-122.766
-99.1737
-37.8251
37.7693
98.7349
121.862
98.442
37.5455
-37.4895
-98.0023
-120.956
-97.7089
-37.2654
37.2094
97.2686
120.049
96.9749
36.985
-36.9289
-96.5341
-119.141
-96.2402
-36.7043
36.6482
95.7991
118.233
95.5051
36.4236
-36.3674
-95.0641
-117.324
-94.7701
-36.1428
36.0867
94.3292
116.416
94.0354
35.8622
-35.8062
-93.5949
-115.508
-93.3014
-35.5819
35.5259
92.8615
114.602
92.5684
35.302
-35.2461
-92.1292
-113.697
-91.8367
-35.0227
34.9669
91.3984
112.794
91.1066
34.7439
-34.6883
-90.6695
-111.894
-90.3785
-34.466
34.4105
89.9427
110.996
89.6526
34.1889
-34.1336
-89.2183
-110.101
-88.9292
-33.9128
33.8577
88.4966
109.21
88.2087
33.6378
-33.583
-87.7779
-108.322
-87.4914
-33.3641
33.3095
87.0626
107.439
86.7775
33.0917
-33.0374
-86.3509
-106.56
-86.0673
-32.8207
32.7667
85.643
105.686
85.3611
32.5513
-32.4976
-84.9394
-104.818
-84.6591
-32.2835
32.2301
84.2401
103.954
83.9617
32.0175
-31.9645
-83.5456
-103.097
-83.2692
-31.7533
31.7007
82.856
102.246
82.5817
31.4911
-31.4389
-82.1717
-101.401
-81.8995
-31.231
31.1792
81.4928
100.564
81.2229
30.973
-30.9216
-80.8197
-99.7331
-80.5521
-30.7172
30.6663
80.1525
98.9099
79.8874
30.4638
-30.4134
-79.4915
-98.0945
-79.2289
-30.2128
30.1628
78.837
97.287
78.577
29.9642
-29.9149
-78.1891
-96.4878
-77.9318
-29.7183
29.6695
77.548
95.6972
77.2936
29.4751
-29.4268
-76.9141
-94.9153
-76.6625
-29.2346
29.1868
76.2874
94.1425
76.0388
28.9969
-28.9497
-75.6681
-93.379
-75.4226
-28.7622
28.7156
75.0566
92.625
74.8142
28.5304
-28.4844
-74.4529
-91.8808
-74.2137
-28.3016
28.2562
73.8573
91.1465
73.6213
28.0759
-28.0312
-73.2698
-90.4225
-73.0371
-27.8535
27.8094
72.6907
89.7088
72.4614
27.6342
-27.5908
-72.1201
-89.0056
-71.8943
-27.4183
27.3755
71.5583
88.3133
71.336
27.2057
-27.1635
-71.0052
-87.6318
-70.7865
-26.9965
26.955
70.4611
86.9615
70.246
26.7907
-26.75
-69.9261
-86.3025
-69.7146
-26.5885
26.5484
69.4003
85.6548
69.1925
26.3897
-26.3504
-68.8838
-85.0188
-68.6798
-26.1946
26.156
68.3767
84.3944
68.1766
26.0031
-25.9653
-67.8793
-83.7818
-67.683
-25.8153
25.7782
67.3914
83.1812
67.199
25.6312
-25.5948
-66.9133
-82.5926
-66.7248
-25.4508
25.4152
66.4449
82.0161
66.2604
25.2742
-25.2393
-65.9865
-81.4519
-65.8059
-25.1014
25.0672
65.538
80.9
65.3614
24.9323
-24.899
-65.0995
-80.3605
-64.9269
-24.7671
24.7346
64.6711
79.8334
64.5025
24.6058
-24.574
-64.2527
-79.3188
-64.0882
-24.4483
24.4173
63.8445
78.8168
63.6841
24.2948
-24.2645
-63.4465
-78.3273
-63.2902
-24.1451
24.1156
63.0587
77.8505
62.9064
23.9993
-23.9706
-62.6811
-77.3862
-62.5329
-23.8574
23.8295
62.3137
76.9346
62.1696
23.7194
-23.6923
-61.9565
-76.4957
-61.8165
-23.5853
23.5589
61.6095
76.0693
61.4736
23.4551
-23.4295
-61.2728
-75.6556
-61.141
-23.3288
23.304
60.9462
75.2545
60.8185
23.2064
-23.1824
-60.6298
-74.8659
-60.5061
-23.0879
23.0646
60.3236
74.4898
60.2039
22.9732
-22.9507
-60.0274
-74.1262
-59.9117
-22.8624
22.8407
59.7413
73.775
59.6296
22.7554
-22.7344
-59.4651
-73.4361
-59.3575
-22.6522
22.632
59.1989
73.1095
59.0952
22.5528
-22.5333
-58.9426
-72.7951
-58.8428
-22.4571
22.4384
58.696
72.4928
58.6001
22.3652
-22.3472
-58.4592
-72.2024
-58.3672
-22.2769
22.2597
58.232
71.9239
58.1438
22.1923
-22.1758
-58.0143
-71.6572
-57.9299
-22.1113
22.0956
57.8061
71.4022
57.7254
22.0339
-22.0189
-57.6072
-71.1586
-57.5302
-21.9601
21.9457
57.4175
70.9264
57.3442
21.8897
-21.8761
-57.237
-70.7055
-57.1673
-21.8228
21.8099
57.0654
70.4956
56.9992
21.7593
-21.747
-56.9027
-70.2966
-56.84
-21.6992
21.6876
56.7487
70.1084
56.6895
21.6424
-21.6314
-56.6033
-69.9308
-56.5475
-21.5888
21.5784
56.4663
69.7636
56.4139
21.5384
-21.5287
-56.3377
-69.6066
-56.2885
-21.4911
21.482
56.2171
69.4596
56.1712
21.4469
-21.4384
-56.1046
-69.3224
-56.0618
-21.4057
21.3978
55.9999
69.1949
55.9601
21.3675
-21.3602
-55.9028
-69.0768
-55.8661
-21.3321
21.3254
55.8132
68.9678
55.7794
21.2995
-21.2934
-55.7309
-68.8679
-55.6999
-21.2697
21.2641
55.6557
68.7766
55.6275
21.2426
-21.2375
-55.5874
-68.6939
-55.562
-21.2181
21.2135
55.5258
68.6194
55.503
21.1961
-21.192
-55.4708
-68.553
-55.4506
-21.1765
21.1729
55.4221
68.4944
55.4044
21.1593
-21.1562
-55.3795
-68.4432
-55.3642
-21.1444
21.1417
55.3429
68.3994
55.3299
21.1318
-21.1295
-55.312
-68.3625
-55.3012
-21.1212
21.1194
55.2866
68.3324
55.2779
21.1127
-21.1113
-55.2664
-68.3088
-55.2598
-21.1062
21.1051
55.2513
68.2914
55.2466
21.1016
-21.1008
-55.2411
-68.2799
-55.2383
-21.0987
21.0983
55.2354
68.274
55.2344
21.0976
-21.0975
-55.2342
-68.2735
-55.2348
-21.098
21.0983
55.237
68.278
55.2393
21.1001
-21.1006
-55.2438
-68.2874
-55.2476
-21.1035
21.1044
55.2543
68.3012
55.2595
21.1083
-21.1094
-55.2682
-68.3192
-55.2747
-21.1144
21.1157
55.2854
68.3412
55.2931
21.1216
-21.1232
-55.3055
-68.3667
-55.3143
-21.1299
21.1317
55.3283
68.3955
55.3381
21.1392
-21.1412
-55.3536
-68.4273
-55.3643
-21.1494
21.1515
55.3811
68.4619
55.3926
21.1604
-21.1626
-55.4106
-68.4988
-55.4229
-21.172
21.1744
55.4418
68.5378
55.4547
21.1843
-21.1868
-55.4745
-68.5785
-55.4879
-21.1971
21.1997
55.5084
68.6208
55.5223
21.2103
-21.213
-55.5434
-68.6642
-55.5576
-21.2238
21.2266
55.5791
68.7084
55.5935
21.2376
-21.2404
-55.6152
-68.7532
-55.6298
-21.2515
21.2542
55.6516
68.7982
55.6662
21.2654
-21.2682
-55.688
-68.8432
-55.7025
-21.2792
21.282
55.7242
68.8877
55.7385
21.2929
-21.2956
-55.7598
-68.9316
-55.7739
-21.3064
21.309
55.7947
68.9745
55.8084
21.3195
-21.3221
-55.8285
-69.0161
-55.8418
-21.3321
21.3346
55.8612
69.0561
55.8738
21.3443
-21.3466
-55.8923
-69.0941
-55.9043
-21.3558
21.358
55.9217
69.13
55.9329
21.3666
-21.3686
-55.9491
-69.1634
-55.9595
-21.3765
21.3784
55.9743
69.194
55.9837
21.3856
-21.3873
-55.9971
-69.2214
-56.0054
-21.3937
21.3952
56.0171
69.2455
56.0243
21.4007
-21.402
-56.0342
-69.2659
-56.0402
-21.4065
21.4075
56.0482
69.2824
56.0529
21.4111
-21.4118
-56.0588
-69.2945
-56.062
-21.4143
21.4148
56.0657
69.3022
56.0674
21.4161
-21.4163
-56.0688
-69.3051
-56.069
-21.4164
21.4162
56.0679
69.3028
56.0663
21.415
-21.4146
-56.0626
-69.2953
-56.0593
-21.412
21.4112
56.0529
69.2821
56.0477
21.4072
-21.406
-56.0384
-69.263
-56.0313
-21.4006
21.399
56.019
69.2378
56.0099
21.392
-21.39
-55.9945
-69.2062
-55.9832
-21.3814
21.379
55.9647
69.1679
55.9512
21.3687
-21.366
-55.9293
-69.1228
-55.9135
-21.3539
21.3507
55.8881
69.0705
55.87
21.3369
-21.3332
-55.8411
-69.0108
-55.8206
-21.3175
21.3133
55.7879
68.9436
55.7649
21.2958
-21.2911
-55.7285
-68.8685
-55.7029
-21.2716
21.2664
55.6625
68.7854
55.6343
21.2449
-21.2392
-55.59
-68.694
-55.559
-21.2156
21.2094
55.5106
68.5942
55.4769
21.1837
-21.177
-55.4242
-68.4857
-55.3876
-21.1491
21.1418
55.3307
68.3683
55.2912
21.1117
-21.1038
-55.2298
-68.2418
-55.1874
-21.0714
21.0631
55.1215
68.1061
55.0761
21.0283
-21.0194
-55.0056
-67.9609
-54.9571
-20.9823
20.9727
54.882
67.8062
54.8304
20.9333
-20.9231
-54.7505
-67.6416
-54.6956
-20.8812
20.8704
54.611
67.4672
54.5529
20.8261
-20.8147
-54.4633
-67.2826
-54.4019
-20.7678
20.7557
54.3074
67.0878
54.2426
20.7063
-20.6936
-54.143
-66.8826
-54.0749
-20.6416
20.6283
53.9702
66.6669
53.8987
20.5736
-20.5596
-53.7888
-66.4405
-53.7139
-20.5023
20.4877
53.5988
66.2034
53.5203
20.4277
-20.4124
-53.3999
-65.9554
-53.3179
-20.3497
20.3337
53.1921
65.6964
53.1065
20.2683
-20.2516
-52.9754
-65.4263
-52.8862
-20.1835
20.1661
52.7497
65.1451
52.6569
20.0952
-20.0771
-52.5149
-64.8525
-52.4184
-20.0034
19.9846
52.2709
64.5486
52.1707
19.9081
-19.8886
-52.0176
-64.2333
-51.9137
-19.8092
19.789
51.7551
63.9065
51.6475
19.7068
-19.6859
-51.4833
-63.5682
-51.3719
-19.6008
19.5792
51.202
63.2183
51.0869
19.4913
-19.4689
-50.9114
-62.8567
-50.7925
-19.3781
19.355
50.6114
62.4835
50.4887
19.2613
-19.2375
-50.3019
-62.0986
-50.1754
-19.1409
19.1164
49.9829
61.702
49.8526
19.0169
-18.9917
-49.6544
-61.2936
-49.5204
-18.8893
18.8633
49.3164
60.8735
49.1786
18.758
-18.7313
-48.969
-60.4417
-48.8274
-18.6231
18.5957
48.6121
59.9982
48.4666
18.4846
-18.4565
-48.2456
-59.5429
-48.0964
-18.3425
18.3136
47.8698
59.076
47.7168
18.1968
-18.1672
-47.4845
-58.5974
-47.3278
-18.0474
18.0172
47.0898
58.1073
46.9293
17.8945
-17.8635
-46.6858
-57.6055
-46.5216
-17.7381
17.7064
46.2724
57.0923
46.1045
17.5781
-17.5456
-45.8498
-56.5676
-45.6782
-17.4145
17.3814
45.418
56.0316
45.2427
17.2475
-17.2136
-44.977
-55.4842
-44.798
-17.0769
17.0424
44.5269
54.9257
44.3443
16.903
-16.8678
-44.0678
-54.356
-43.8817
-16.7255
16.6897
43.5998
53.7753
43.4101
16.5447
-16.5082
-43.1229
-53.1836
-42.9297
-16.3606
16.3233
42.6372
52.5812
42.4405
16.1731
-16.1352
-42.1429
-51.968
-41.9427
-15.9823
15.9437
41.64
51.3443
41.4364
15.7882
-15.749
-41.1286
-50.7101
-40.9217
-15.591
15.5512
40.6088
50.0656
40.3986
15.3906
-15.3501
-40.0809
-49.4109
-39.8674
-15.187
15.146
39.5447
48.7463
39.3281
14.9804
-14.9387
-39.0006
-48.0717
-38.7808
-14.7708
14.7285
38.4486
47.3875
38.2257
14.5581
-14.5153
-37.8889
-46.6938
-37.6629
-14.3426
14.2992
37.3216
45.9907
37.0926
14.1242
-14.0802
-36.7468
-45.2784
-36.5149
-13.903
13.8584
36.1648
44.5572
35.9299
13.679
-13.6339
-35.5756
-43.8271
-35.3379
-13.4523
13.4067
34.9793
43.0884
34.7389
13.223
-13.1769
-34.3763
-42.3414
-34.1332
-12.9912
12.9445
33.7666
41.5861
33.5209
12.7568
-12.7096
-33.1504
-40.8229
-32.9022
-12.52
12.4723
32.5279
40.0519
32.2772
12.2808
-12.2327
-31.8993
-39.2734
-31.6462
-12.0393
11.9907
31.2647
38.4876
31.0093
11.7956
-11.7466
-30.6244
-37.6947
-30.3667
-11.5497
11.5003
29.9785
36.8949
29.7186
11.3017
-11.2519
-29.3271
-36.0886
-29.0652
-11.0518
11.0015
28.6707
35.2758
28.4066
10.7998
-10.7492
-28.0092
-34.457
-27.7432
-10.5461
10.4951
27.3429
33.6323
27.0751
10.2905
-10.2392
-26.6721
-32.802
-26.4025
-10.0333
9.98162
25.9968
31.9663
25.7256
9.7744
-9.72244
-25.3175
-31.1256
-25.0446
-9.51399
9.46173
24.6342
30.28
24.3598
9.25212
-9.19958
-23.9471
-29.4299
-23.6713
-8.98888
8.93607
23.2566
28.5755
22.9794
8.72434
-8.67129
-22.5627
-27.717
-22.2843
-8.4586
8.40532
21.8658
26.8549
21.5862
8.19175
-8.13825
-21.166
-25.9893
-20.8854
-7.92386
7.87016
20.4637
25.1205
20.182
7.65502
-7.60114
-19.7589
-24.2488
-19.4764
-7.38532
7.33128
19.052
23.3745
18.7687
7.11485
-7.06067
-18.3432
-22.4979
-18.0591
-6.8437
6.78939
17.6326
21.6193
17.348
6.57195
-6.51754
-16.9206
-20.7388
-16.6355
-6.2997
6.2452
16.2074
19.857
15.9218
6.02703
-5.97246
-15.4932
-18.9739
-15.2073
-5.75404
5.69941
14.7782
18.09
14.492
5.48081
-5.42614
-14.0627
-17.2055
-13.7764
-5.20743
5.15275
13.3469
16.3207
13.0605
4.934
-4.87931
-12.631
-15.4359
-12.3447
-4.6606
4.60593
11.9154
14.5514
11.6292
4.38733
-4.33269
-11.2001
-13.6674
-10.9142
-4.11427
4.05969
10.4855
12.7843
10.1999
3.84151
-3.787
-9.77185
-11.9024
-9.48667
-3.56915
3.51473
9.05927
11.0219
8.77461
3.29727
-3.24296
-8.34806
-10.1432
-8.06401
-3.02597
2.97178
7.63844
9.26646
7.35508
2.75532
-2.70128
-6.93064
-8.39206
-6.64808
-2.48543
2.43154
6.22489
7.52025
5.94322
2.21637
-2.16266
-5.52143
-6.65132
-5.24074
-1.94824
1.89473
4.82049
5.78556
4.54086
1.68112
-1.62782
-4.12228
-4.92324
-3.84381
-1.41509
1.36203
3.42704
4.06464
3.14982
1.15026
-1.09744
-2.73498
-3.21004
-2.4591
-0.886685
0.834131
2.04634
2.3597
1.77188
0.624468
-0.572195
-1.36132
-1.5139
-1.08838
-0.363687
0.31171
0.680152
0.672914
0.408809
0.104424
-0.0527607
-0.00304242
0.163005
0.266617
0.153239
-0.204573
-0.669795
-0.99359
-0.937686
-0.409223
0.460211
1.33815
1.81858
1.60419
0.663446
-0.714073
-2.00182
-2.63773
-2.26592
-0.915832
0.966082
2.66059
3.45078
2.92268
1.1663
-1.21616
-3.31427
-4.25748
-3.57427
-1.41478
1.46423
3.96265
5.05759
4.22048
1.6612
-1.71022
-4.60556
-5.85088
-4.86114
-1.90547
1.95406
5.24278
6.6371
5.49603
2.14753
-2.19567
-5.87413
-7.41602
-6.12499
-2.38731
2.43498
6.49944
8.18742
6.74783
2.62473
-2.67193
-7.11851
-8.95107
-7.36436
-2.85974
2.90644
7.73118
9.70675
7.97441
3.09226
-3.13845
-8.33726
-10.4543
-8.57782
-3.32222
3.3679
8.9366
11.1934
9.1744
3.54957
-3.59472
-9.52902
-11.9239
-9.76401
-3.77424
3.81884
10.1144
12.6457
10.3465
3.99617
-4.04022
-10.6925
-13.3584
-10.9217
-4.2153
4.25879
11.2632
14.0621
11.4894
4.43158
-4.47449
-11.8264
-14.7563
-12.0495
-4.64494
4.68726
12.3819
15.441
12.6019
4.85535
-4.89707
-12.9296
-16.1161
-13.1465
-5.06273
5.10385
13.4694
16.7813
13.683
5.26706
-5.30755
-14.001
-17.4364
-14.2114
-5.46826
5.50813
14.5245
18.0814
14.7316
5.66631
-5.70553
-15.0396
-18.7161
-15.2433
-5.86115
5.89973
15.5464
19.3404
15.7467
6.05274
-6.09067
-16.0445
-19.954
-16.2414
-6.24105
6.27831
16.534
20.5569
16.7274
6.42603
-6.46262
-17.0148
-21.149
-17.2046
-6.60764
6.64356
17.4867
21.7301
17.673
6.78586
-6.82109
-17.9497
-22.3002
-18.1324
-6.96064
6.99518
18.4037
22.8591
18.5827
7.13196
-7.16581
-18.8486
-23.4068
-19.024
-7.2998
7.33294
19.2843
23.9431
19.456
7.46411
-7.49655
-19.7108
-24.4679
-19.8788
-7.62489
7.65662
20.128
24.9813
20.2922
7.7821
-7.81312
-20.5358
-25.4831
-20.6963
-7.93573
7.96603
20.9343
25.9733
21.091
8.08576
-8.11533
-21.3233
-26.4518
-21.4762
-8.23217
8.26102
21.7028
26.9185
21.8519
8.37495
-8.40307
-22.0728
-27.3735
-22.2181
-8.51409
8.54148
22.4332
27.8167
22.5747
8.64958
-8.67624
-22.7841
-28.248
-22.9218
-8.78141
8.80733
23.1254
28.6675
23.2592
8.90957
-8.93476
-23.4571
-29.0751
-23.5871
-9.03406
9.05852
23.7792
29.4709
23.9053
9.15489
-9.17862
-24.0917
-29.8548
-24.214
-9.27205
9.29504
24.3946
30.2268
24.513
9.38555
-9.40781
-24.6879
-30.587
-24.8025
-9.49539
9.51692
24.9716
30.9353
25.0824
9.60158
-9.62238
-25.2458
-31.2719
-25.3528
-9.70412
9.7242
25.5105
31.5967
25.6137
9.80305
-9.8224
-25.7656
-31.9098
-25.8651
-9.89835
9.91698
26.0114
32.2112
26.1071
9.99006
-10.008
-26.2477
-32.501
-26.3396
-10.0782
10.0954
26.4747
32.7793
26.5629
10.1628
-10.1792
-26.6924
-33.0461
-26.7769
-10.2438
10.2596
26.9009
33.3015
26.9817
10.3213
-10.3364
-27.1002
-33.5456
-27.1773
-10.3953
10.4097
27.2904
33.7784
27.3639
10.4659
-10.4796
-27.4715
-34.0001
-27.5415
-10.5331
10.5461
27.6438
34.2108
27.7102
10.5968
-10.6092
-27.8072
-34.4106
-27.8701
-10.6572
10.6689
27.9618
34.5996
28.0212
10.7143
-10.7253
-28.1077
-34.7779
-28.1637
-10.7681
10.7784
28.2451
34.9456
28.2977
10.8186
-10.8283
-28.3741
-35.1029
-28.4233
-10.866
10.875
28.4947
35.25
28.5406
10.9101
-10.9186
-28.6071
-35.3869
-28.6497
-10.9512
10.959
28.7113
35.5138
28.7508
10.9892
-10.9964
-28.8076
-35.6308
-28.8439
-11.0242
11.0308
28.8961
35.7382
28.9293
11.0562
-11.0622
-28.9768
-35.8361
-29.0069
-11.0853
11.0907
29.0499
35.9247
29.0771
11.1115
-11.1164
-29.1156
-36.004
-29.1399
-11.1349
11.1392
29.174
36.0745
29.1954
11.1556
-11.1594
-29.2253
-36.1361
-29.2439
-11.1735
11.1768
29.2696
36.1891
29.2854
11.1889
-11.1916
-29.3071
-36.2338
-29.3202
-11.2017
11.2039
29.3379
36.2702
29.3483
11.2119
-11.2137
-29.3621
-36.2987
-29.3701
-11.2197
11.221
29.3801
36.3193
29.3856
11.2252
-11.226
-29.3919
-36.3324
-29.3949
-11.2283
11.2287
29.3977
36.3382
29.3984
11.2292
-11.2291
-29.3977
-36.3368
-29.3962
-11.2279
11.2274
29.3921
36.3285
29.3883
11.2245
-11.2236
-29.3811
-36.3135
-29.3752
-11.2191
11.2177
29.3647
36.292
29.3568
11.2117
-11.21
-29.3434
-36.2644
-29.3334
-11.2024
11.2003
29.3171
36.2308
29.3053
11.1913
-11.1888
-29.2862
-36.1914
-29.2726
-11.1784
11.1756
29.2508
36.1466
29.2354
11.1639
-11.1608
-29.2111
-36.0965
-29.1941
-11.1478
11.1444
29.1673
36.0414
29.1487
11.1302
-11.1265
-29.1196
-35.9815
-29.0995
-11.1111
11.1071
29.0683
35.9172
29.0468
11.0907
-11.0865
-29.0135
-35.8486
-28.9906
-11.069
11.0645
28.9554
35.776
28.9313
11.0461
-11.0414
-28.8943
-35.6997
-28.869
-11.0221
11.0172
28.8303
35.62
28.8039
10.997
-10.9919
-28.7637
-35.537
-28.7363
-10.971
10.9657
28.6946
35.4511
28.6664
10.9441
-10.9387
-28.6234
-35.3625
-28.5943
-10.9164
10.9108
28.5501
35.2715
28.5203
10.888
-10.8823
-28.475
-35.1783
-28.4445
-10.859
10.8531
28.3984
35.0832
28.3673
10.8294
-10.8234
-28.3204
-34.9864
-28.2888
-10.7993
10.7933
28.2412
34.8884
28.2093
10.7689
-10.7627
-28.1611
-34.7891
-28.1289
-10.7381
10.7319
28.0803
34.6891
28.0478
10.7071
-10.7009
-27.999
-34.5885
-27.9663
-10.6759
10.6697
27.9173
34.4875
27.8846
10.6447
-10.6385
-27.8356
-34.3865
-27.8029
-10.6135
10.6073
27.754
34.2857
27.7214
10.5824
-10.5762
-27.6727
-34.1853
-27.6403
-10.5515
10.5453
27.5919
34.0856
27.5598
10.5208
-10.5147
-27.5119
-33.9869
-27.4801
-10.4904
10.4844
27.4328
33.8895
27.4015
10.4605
-10.4546
-27.3549
-33.7934
-27.3241
-10.431
10.4252
27.2783
33.6992
27.2481
10.4021
-10.3964
-27.2033
-33.6068
-27.1738
-10.3739
10.3683
27.13
33.5167
27.1012
10.3463
-10.3409
-27.0587
-33.429
-27.0307
-10.3195
10.3143
26.9895
33.3441
26.9624
10.2936
-10.2886
-26.9226
-33.262
-26.8966
-10.2687
10.2638
26.8583
33.1831
26.8333
10.2447
-10.24
-26.7966
-33.1076
-26.7727
-10.2218
10.2173
26.7378
33.0357
26.7152
10.2
-10.1958
-26.6821
-32.9676
-26.6607
-10.1795
10.1755
26.6296
32.9036
26.6096
10.1602
-10.1565
-26.5806
-32.8438
-26.562
-10.1423
10.1389
26.5351
32.7885
26.518
10.1258
-10.1226
-26.4934
-32.7379
-26.4778
-10.1107
10.1079
26.4556
32.6922
26.4416
10.0972
-10.0947
-26.4219
-32.6515
-26.4096
-10.0853
10.0831
26.3924
32.6161
26.3818
10.075
-10.0732
-26.3673
-32.5862
-26.3585
-10.0665
10.065
26.3467
32.5619
26.3398
10.0597
-10.0585
-26.3308
-32.5434
-26.3258
-10.0547
10.0539
26.3197
32.5309
26.3167
10.0516
-10.0512
-26.3136
-32.5246
-26.3125
-10.0504
10.0504
26.3125
32.5246
26.3136
10.0512
-10.0516
-26.3167
-32.531
-26.3199
-10.054
10.0548
26.3262
32.5441
26.3315
10.0589
-10.0601
-26.3411
-32.564
-26.3487
-10.0659
10.0675
26.3617
32.5907
26.3714
10.075
-10.0771
-26.3878
-32.6245
-26.3999
-10.0863
10.0888
26.4198
32.6654
26.4342
10.0999
-10.1028
-26.4576
-32.7137
-26.4744
-10.1157
10.1191
26.5014
32.7693
26.5206
10.1338
-10.1377
-26.5513
-32.8324
-26.5729
-10.1542
10.1586
26.6073
32.9031
26.6314
10.177
-10.1819
-26.6695
-32.9816
-26.6961
-10.2022
10.2076
26.7379
33.0678
26.7671
10.2298
-10.2357
-26.8128
-33.1619
-26.8445
-10.2599
10.2662
26.894
33.2639
26.9283
10.2924
-10.2992
-26.9817
-33.3739
-27.0187
-10.3274
10.3347
27.076
33.492
27.1155
10.3649
-10.3727
-27.1768
-33.6182
-27.2189
-10.4049
10.4132
27.2842
33.7526
27.329
10.4475
-10.4563
-27.3982
-33.8952
-27.4457
-10.4925
10.5019
27.5189
34.0461
27.5691
10.5402
-10.55
-27.6463
-34.2052
-27.6991
-10.5904
10.6007
27.7804
34.3726
27.8359
10.6431
-10.654
-27.9212
-34.5483
-27.9794
-10.6984
10.7098
28.0687
34.7322
28.1295
10.7563
-10.7682
-28.2229
-34.9245
-28.2864
-10.8168
10.8291
28.3838
35.1251
28.45
10.8797
-10.8927
-28.5514
-35.3339
-28.6203
-10.9453
10.9587
28.7257
35.5509
28.7972
11.0134
-11.0273
-28.9066
-35.7762
-28.9808
-11.084
11.0984
29.0941
36.0096
29.171
11.1571
-11.1721
-29.2882
-36.2512
-29.3677
-11.2328
11.2482
29.4888
36.5008
29.5709
11.3109
-11.3268
-29.696
-36.7584
-29.7806
-11.3915
11.4079
29.9095
37.0239
29.9967
11.4745
-11.4914
-30.1294
-37.2973
-30.2191
-11.56
11.5773
30.3556
37.5785
30.4478
11.6478
-11.6656
-30.588
-37.8673
-30.6827
-11.738
11.7563
30.8266
38.1637
30.9238
11.8305
-11.8493
-31.0713
-38.4676
-31.1708
-11.9253
11.9446
31.3219
38.7788
31.4238
12.0224
-12.0421
-31.5784
-39.0973
-31.6826
-12.1217
12.1418
31.8407
39.4229
31.9472
12.2232
-12.2438
-32.1086
-39.7555
-32.2174
-12.3268
12.3478
32.3821
40.0949
32.493
12.4325
-12.4539
-32.6611
-40.441
-32.7741
-12.5403
12.5621
32.9453
40.7937
33.0605
12.6501
-12.6723
-33.2348
-41.1527
-33.352
-12.7618
12.7844
33.5293
41.518
33.6484
12.8754
-12.8984
-33.8287
-41.8893
-33.9498
-12.9909
13.0142
34.1329
42.2664
34.2558
13.1082
-13.1318
-34.4417
-42.6492
-34.5664
-13.2271
13.2511
34.7549
43.0376
34.8815
13.3478
-13.3721
-35.0725
-43.4311
-35.2007
-13.4701
13.4947
35.3942
43.8298
35.524
13.5939
-13.6188
-35.7199
-44.2334
-35.8513
-13.7191
13.7444
36.0494
44.6415
36.1823
13.8458
-13.8713
-36.3825
-45.0542
-36.5168
-13.9739
13.9996
36.7191
45.471
36.8546
14.1032
-14.1292
-37.0589
-45.8918
-37.1957
-14.2337
14.2599
37.4018
46.3163
37.5397
14.3653
-14.3918
-37.7475
-46.7444
-37.8866
-14.498
14.5246
38.0959
47.1756
38.236
14.6316
-14.6585
-38.4468
-47.6099
-38.5878
-14.7662
14.7932
38.7999
48.0469
38.9417
14.9015
-14.9287
-39.155
-48.4864
-39.2976
-15.0376
15.0649
39.512
48.928
39.6553
15.1744
-15.2018
-39.8706
-49.3717
-40.0145
-15.3117
15.3392
40.2306
49.8169
40.3749
15.4494
-15.477
-40.5917
-50.2636
-40.7365
-15.5876
15.6153
40.9538
50.7113
41.0989
15.7261
-15.7538
-41.3166
-51.1599
-41.4619
-15.8648
15.8925
41.6799
51.609
41.8253
16.0036
-16.0314
-42.0434
-52.0583
-42.1888
-16.1424
16.1702
42.4069
52.5076
42.5522
16.2812
-16.309
-42.7701
-52.9565
-42.9153
-16.4199
16.4476
43.1328
53.4047
43.2778
16.5583
-16.5859
-43.4949
-53.852
-43.6394
-16.6964
16.7239
43.8559
54.2979
44
16.834
-16.8614
-44.2157
-54.7423
-44.3592
-16.9711
16.9984
44.574
55.1848
44.7169
17.1076
-17.1348
-44.9306
-55.6251
-45.0727
-17.2433
17.2704
45.2852
56.0629
45.4264
17.3783
-17.4051
-45.6375
-56.4978
-45.7778
-17.5123
17.539
45.9874
56.9296
46.1265
17.6453
-17.6718
-46.3344
-57.3579
-46.4724
-17.7772
17.8034
46.6785
57.7823
46.8152
17.9078
-17.9338
-47.0192
-58.2027
-47.1546
-18.0372
18.0629
47.3565
58.6186
47.4903
18.1652
-18.1906
-47.6899
-59.0298
-47.8222
-18.2916
18.3167
48.0193
59.4359
48.1498
18.4164
-18.4412
-48.3443
-59.8366
-48.4731
-18.5396
18.564
48.6648
60.2315
48.7917
18.6609
-18.6849
-48.9805
-60.6205
-49.1053
-18.7803
18.8039
49.291
61.003
49.4137
18.8977
-18.9209
-49.5962
-61.3789
-49.7167
-19.013
19.0358
49.8957
61.7477
50.0139
19.1261
-19.1484
-50.1894
-62.1093
-50.3052
-19.2369
19.2587
50.477
62.4632
50.5903
19.3452
-19.3666
-50.7582
-62.8091
-50.8688
-19.4511
19.472
51.0327
63.1468
51.1406
19.5544
-19.5748
-51.3004
-63.4759
-51.4055
-19.6551
19.6748
51.5609
63.7961
51.6631
19.7529
-19.7721
-51.8141
-64.1072
-51.9132
-19.8478
19.8665
52.0596
64.4087
52.1556
19.9398
-19.9579
-52.2972
-64.7005
-52.39
-20.0287
20.0462
52.5268
64.9822
52.6162
20.1145
-20.1313
-52.7479
-65.2534
-52.834
-20.197
20.2131
52.9605
65.514
53.0431
20.2762
-20.2917
-53.1643
-65.7637
-53.2433
-20.352
20.3667
53.359
66.0021
53.4343
20.4242
-20.4383
-53.5444
-66.229
-53.6159
-20.4929
20.5062
53.7203
66.444
53.788
20.5579
-20.5704
-53.8865
-66.647
-53.9502
-20.6191
20.6309
54.0428
66.8377
54.1025
20.6765
-20.6875
-54.1889
-67.0157
-54.2444
-20.7299
20.7401
54.3246
67.1809
54.376
20.7793
-20.7887
-54.4498
-67.333
-54.4969
-20.8247
20.8333
54.5642
67.4717
54.6069
20.8659
-20.8736
-54.6676
-67.5968
-54.7059
-20.9028
20.9097
54.7599
67.7081
54.7937
20.9355
-20.9415
-54.8408
-67.8053
-54.87
-20.9638
20.9689
54.9102
67.8882
54.9347
20.9876
-20.9918
-54.9679
-67.9566
-54.9877
-21.0069
21.0102
55.0137
68.0102
55.0287
21.0217
-21.0241
-55.0475
-68.049
-55.0576
-21.0318
21.0332
55.069
68.0725
55.0742
21.0372
-21.0377
-55.0782
-68.0808
-55.0783
-21.0378
21.0374
55.0748
68.0735
55.0699
21.0336
-21.0322
-55.0588
-68.0505
-55.0488
-21.0246
21.0222
55.0299
68.0117
55.0148
21.0106
-21.0072
-54.9881
-67.9568
-54.9678
-20.9916
20.9872
54.9333
67.8857
54.9076
20.9676
-20.9622
-54.8652
-67.7983
-54.8342
-20.9386
20.9322
54.7838
67.6944
54.7475
20.9044
-20.897
-54.6889
-67.5738
-54.6472
-20.8651
20.8566
54.5806
67.4365
54.5334
20.8206
-20.8111
-54.4585
-67.2823
-54.4059
-20.7708
20.7603
54.3228
67.1111
54.2646
20.7158
-20.7042
-54.1732
-66.9228
-54.1095
-20.6555
20.6428
54.0098
66.7172
53.9405
20.5899
-20.5761
-53.8323
-66.4945
-53.7574
-20.5189
20.504
53.6408
66.2543
53.5603
20.4425
-20.4266
-53.4352
-65.9967
-53.3491
-20.3607
20.3437
53.2155
65.7216
53.1236
20.2736
-20.2555
-52.9816
-65.4289
-52.884
-20.1809
20.1618
52.7334
65.1186
52.6301
20.0829
-20.0626
-52.471
-64.7907
-52.362
-19.9794
19.958
52.1942
64.4451
52.0795
19.8704
-19.8479
-51.9032
-64.0818
-51.7827
-19.7559
19.7324
51.5978
63.7008
51.4716
19.636
-19.6114
-51.2781
-63.3021
-51.1462
-19.5106
19.4849
50.9441
62.8856
50.8064
19.3797
-19.3529
-50.5957
-62.4515
-50.4524
-19.2434
19.2155
50.2331
61.9997
50.084
19.1016
-19.0726
-49.8562
-61.5303
-49.7014
-18.9544
18.9243
49.465
61.0433
49.3046
18.8017
-18.7705
-49.0596
-60.5387
-48.8935
-18.6436
18.6114
48.6401
60.0167
48.4684
18.4801
-18.4468
-48.2065
-59.4773
-48.0291
-18.3113
18.2769
47.7589
58.9205
47.5759
18.1371
-18.1016
-47.2973
-58.3464
-47.1087
-17.9576
17.9211
46.8217
57.7553
46.6277
17.7728
-17.7352
-46.3324
-57.147
-46.1328
-17.5828
17.5441
45.8294
56.5219
45.6244
17.3875
-17.3478
-45.3127
-55.8799
-45.1023
-17.187
17.1463
44.7826
55.2212
44.5667
16.9815
-16.9397
-44.239
-54.546
-44.0178
-16.7708
16.728
43.6821
53.8545
43.4557
16.5551
-16.5113
-43.1121
-53.1467
-42.8805
-16.3343
16.2896
42.5291
52.4228
42.2923
16.1087
-16.063
-41.9332
-51.6831
-41.6913
-15.8781
15.8315
41.3246
50.9276
41.0776
15.6428
-15.5951
-40.7033
-50.1567
-40.4514
-15.4026
15.3541
40.0697
49.3704
39.8128
15.1578
-15.1083
-39.4238
-48.5691
-39.1621
-14.9083
14.8579
38.7659
47.7529
38.4994
14.6543
-14.6029
-38.0961
-46.922
-37.8249
-14.3958
14.3435
37.4146
46.0768
37.1387
14.1328
-14.0797
-36.7215
-45.2173
-36.4412
-13.8655
13.8115
36.0172
44.344
35.7324
13.5939
-13.5391
-35.3018
-43.457
-35.0126
-13.3181
13.2625
34.5755
42.5566
34.282
13.0383
-12.9818
-33.8386
-41.6431
-33.5409
-12.7544
12.6971
33.0913
40.7168
32.7895
12.4666
-12.4086
-32.3337
-39.7779
-32.0279
-12.1749
12.1162
31.5662
38.8268
31.2565
11.8796
-11.82
-30.789
-37.8638
-30.4755
-11.5805
11.5203
30.0024
36.8892
29.6852
11.2779
-11.217
-29.2066
-35.9032
-28.8857
-10.9719
10.9103
28.4018
34.9063
28.0775
10.6625
-10.6002
-27.5884
-33.8988
-27.2606
-10.3499
10.2869
26.7665
32.8809
26.4355
10.0341
-9.97055
-25.9366
-31.8531
-25.6024
-9.71526
9.65115
25.0989
30.8157
24.7616
9.39353
-9.32884
-24.2536
-29.769
-23.9134
-9.06898
9.00374
23.401
28.7135
23.0581
8.74174
-8.67597
-22.5416
-27.6494
-22.1959
-8.41191
8.34564
21.6754
26.5772
21.3272
8.07961
-8.01287
-20.803
-25.4973
-20.4523
-7.74497
7.67777
19.9245
24.41
19.5715
7.4081
-7.34047
-19.0403
-23.3157
-18.6851
-7.06913
7.00109
18.1508
22.2149
17.7935
6.72817
-6.65975
-17.2561
-21.1079
-16.8969
-6.38535
6.31658
16.3568
19.9951
15.9958
6.0408
-5.9717
-15.453
-18.8769
-15.0904
-5.69465
5.62524
14.5452
17.7538
14.181
5.34702
-5.27733
-13.6336
-16.6262
-13.268
-4.99804
4.92809
12.7187
15.4945
12.3518
4.64785
-4.57767
-11.8007
-14.3591
-11.4327
-4.29657
4.2262
10.88
13.2204
10.511
3.94434
-3.87379
-9.95694
-12.079
-9.58715
-3.5913
3.5206
9.0319
10.9351
8.66141
3.23757
-3.16675
-8.10522
-9.78931
-7.73416
-2.8833
2.81239
7.17724
8.642
6.80577
2.52861
-2.45764
-6.24834
-7.49364
-5.8766
-2.17365
2.10264
5.31887
6.34466
4.947
1.81856
-1.74754
-4.38918
-5.19551
-4.01733
-1.46347
1.39247
3.45965
4.04663
3.08796
1.10853
-1.03757
-2.53064
-2.89849
-2.15926
-0.753859
0.682972
1.60251
1.75153
1.23158
0.399613
-0.328827
-0.675621
-0.606199
-0.305298
-0.0459278
-0.0247298
-0.249651
-0.537046
-0.619226
-0.307057
0.377558
1.17294
1.67775
1.54162
0.659202
-0.729518
-2.09389
-2.81547
-2.46152
-1.01037
1.08047
3.01211
3.94973
3.37856
1.36041
-1.43027
-3.92726
-5.0801
-4.29237
-1.70919
1.77878
4.83896
6.20611
5.20259
2.05657
-2.12586
-5.74684
-7.32732
-6.10884
-2.40241
2.47138
6.65054
8.44326
7.01076
2.74656
-2.81518
-7.54969
-9.55349
-7.90799
-3.0889
3.15714
8.44393
10.6576
8.80016
3.42928
-3.4971
-9.33289
-11.755
-9.68692
-3.76755
3.83495
10.2162
12.8454
10.5679
4.1036
-4.17052
-11.0935
-13.9283
-11.4427
-4.43726
4.5037
11.9645
15.0033
12.311
4.76842
-4.83434
-12.8288
-16.0699
-13.1725
-5.09694
5.16231
13.686
17.1276
14.0268
5.42267
-5.48747
-14.5357
-18.1761
-14.8735
-5.74548
5.80969
15.3777
19.2149
15.7123
6.06525
-6.12883
-16.2116
-20.2435
-16.5428
-6.38184
6.44476
17.037
21.2616
17.3647
6.69511
-6.75736
-17.8536
-22.2688
-18.1777
-7.00495
7.06649
18.661
23.2645
18.9814
7.31121
-7.37202
-19.459
-24.2485
-19.7755
-7.61377
7.67383
20.2472
25.2202
20.5596
7.9125
-7.97178
-21.0252
-26.1793
-21.3335
-8.20729
8.26576
21.7927
27.1254
22.0967
8.49801
-8.55565
-22.5494
-28.0581
-22.8491
-8.78452
8.84131
23.2951
28.977
23.5902
9.06673
-9.12264
-24.0293
-29.8816
-24.3197
-9.3445
9.39951
24.7518
30.7717
25.0374
9.61771
-9.6718
-25.4622
-31.6468
-25.7429
-9.88626
9.9394
26.1603
32.5066
26.436
10.15
-10.2022
-26.8458
-33.3508
-27.1164
-10.4089
10.4601
27.5183
34.1789
27.7837
10.6628
-10.713
-28.1777
-34.9906
-28.4377
-10.9116
10.9607
28.8236
35.7855
29.0781
11.1551
-11.2032
-29.4557
-36.5634
-29.7046
-11.3934
11.4404
30.0737
37.3239
30.317
11.6262
-11.6721
-30.6775
-38.0666
-30.915
-11.8535
11.8983
31.2668
38.7913
31.4983
12.0752
-12.1188
-31.8412
-39.4977
-32.0668
-12.2911
12.3337
32.4006
40.1854
32.6201
12.5013
-12.5427
-32.9447
-40.8541
-33.158
-12.7056
12.7458
33.4733
41.5036
33.6803
12.9039
-12.9429
-33.9861
-42.1336
-34.1868
-13.0962
13.1339
34.483
42.7438
34.6773
13.2823
-13.3187
-34.9638
-43.334
-35.1515
-13.4621
13.4974
35.4281
43.9039
35.6092
13.6357
-13.6697
-35.8759
-44.4532
-36.0503
-13.8029
13.8356
36.3068
44.9818
36.4745
13.9637
-13.995
-36.7209
-45.4893
-36.8817
-14.1179
14.1479
37.1178
45.9757
37.2717
14.2655
-14.2943
-37.4974
-46.4406
-37.6443
-14.4065
14.4339
37.8595
46.8838
37.9994
14.5408
-14.5669
-38.204
-47.3053
-38.3368
-14.6683
14.693
38.5307
47.7047
38.6564
14.789
-14.8123
-38.8396
-48.082
-38.958
-14.9029
14.9248
39.1303
48.4369
39.2415
15.0098
-15.0303
-39.4029
-48.7694
-39.5068
-15.1097
15.1288
39.6572
49.0792
39.7538
15.2026
-15.2204
-39.8931
-49.3662
-39.9823
-15.2885
15.3048
40.1105
49.6304
40.1923
15.3673
-15.3822
-40.3094
-49.8715
-40.3837
-15.4389
15.4524
40.4895
50.0895
40.5563
15.5035
-15.5155
-40.6509
-50.2843
-40.7101
-15.5608
15.5714
40.7934
50.4559
40.8451
15.6109
-15.6201
-40.9171
-50.604
-40.9612
-15.6538
15.6615
41.0218
50.7288
41.0583
15.6894
-15.6957
-41.1075
-50.83
-41.1365
-15.7178
15.7226
41.1742
50.9078
41.1955
15.7389
-15.7423
-41.2218
-50.9619
-41.2355
-15.7528
15.7546
41.2504
50.9925
41.2565
15.7593
-15.7597
-41.2599
-50.9995
-41.2583
-15.7585
15.7575
41.2503
50.9829
41.2411
15.7505
-15.748
-41.2215
-50.9427
-41.2047
-15.7352
15.7312
41.1738
50.8789
41.1493
15.7125
-15.7071
-41.1069
-50.7916
-41.0749
-15.6826
15.6758
41.0211
50.6808
40.9814
15.6455
-15.6372
-40.9162
-50.5465
-40.869
-15.6011
15.5914
40.7924
50.3888
40.7376
15.5495
-15.5383
-40.6497
-50.2078
-40.5874
-15.4907
15.478
40.4882
50.0035
40.4184
15.4247
-15.4106
-40.308
-49.776
-40.2306
-15.3515
15.336
40.109
49.5255
40.0242
15.2713
-15.2544
-39.8915
-49.252
-39.7993
-15.1839
15.1656
39.6554
48.9557
39.5559
15.0896
-15.0698
-39.401
-48.6367
-39.2941
-14.9882
14.9671
39.1283
48.2951
39.0141
14.8798
-14.8573
-38.8374
-47.931
-38.7159
-14.7646
14.7407
38.5284
47.5447
38.3998
14.6424
-14.6172
-38.2015
-47.1363
-38.0658
-14.5135
14.4869
37.8569
46.7059
37.7141
14.3778
-14.3499
-37.4947
-46.2538
-37.3449
-14.2355
14.2062
37.1149
45.7801
36.9582
14.0864
-14.0558
-36.7179
-45.2851
-36.5543
-13.9309
13.899
36.3037
44.769
36.1333
13.7688
-13.7356
-35.8726
-44.2319
-35.6955
-13.6002
13.5658
35.4247
43.6742
35.2409
13.4254
-13.3896
-34.9603
-43.096
-34.7699
-13.2442
13.2072
34.4794
42.4977
34.2826
13.0568
-13.0186
-33.9824
-41.8794
-33.7791
-12.8633
12.8239
33.4695
41.2414
33.2599
12.6637
-12.6231
-32.9408
-40.584
-32.7249
-12.4582
12.4164
32.3965
39.9075
32.1745
12.2468
-12.2039
-31.837
-39.2122
-31.609
-12.0297
11.9855
31.2625
38.4983
31.0285
11.8068
-11.7616
-30.6731
-37.7662
-30.4333
-11.5784
11.532
30.0692
37.0162
29.8237
11.3444
-11.297
-29.4511
-36.2486
-29.1998
-11.1051
11.0565
28.8189
35.4637
28.5621
10.8604
-10.8109
-28.1729
-34.6619
-27.9107
-10.6106
10.56
27.5134
33.8435
27.246
10.3556
-10.3041
-26.8408
-33.0088
-26.5681
-10.0957
10.0432
26.1552
32.1583
25.8775
9.83097
-9.77744
-25.457
-31.2922
-25.1743
-9.56144
9.50698
24.7465
30.4109
24.4589
9.28727
-9.23189
-24.0239
-29.5148
-23.7316
-9.00857
8.9523
23.2896
28.6044
22.9927
8.72547
-8.66833
-22.5439
-27.6798
-22.2425
-8.43807
8.38008
21.7871
26.7416
21.4813
8.1465
-8.0877
-21.0195
-25.7902
-20.7095
-7.85088
7.79129
20.2414
24.8259
19.9273
7.55134
-7.49097
-19.4532
-23.8491
-19.1351
-7.248
7.18689
18.6551
22.8603
18.3333
6.94099
-6.87916
-17.8476
-21.8599
-17.522
-6.63044
6.56791
17.031
20.8482
16.7018
6.31646
-6.25327
-16.2055
-19.8258
-15.8729
-5.99921
5.93537
15.3716
18.7929
15.0357
5.6788
-5.61435
-14.5295
-17.7501
-14.1905
-5.35536
5.29033
13.6797
16.6978
13.3377
5.02904
-4.96345
-12.8224
-15.6364
-12.4776
-4.69997
4.63384
11.9581
14.5664
11.6105
4.36828
-4.30164
-11.0871
-13.4881
-10.7369
-4.03411
3.96699
10.2097
12.4021
9.8571
3.69759
-3.63002
-9.32638
-11.3088
-8.97143
-3.35887
3.29087
8.43737
10.2086
8.08028
3.01807
-2.94968
-7.5431
-9.10196
-7.18399
-2.67535
2.60658
6.64391
7.98935
6.28295
2.33083
-2.26173
-5.74018
-6.87121
-5.3775
-1.98466
1.91524
4.83227
5.74799
4.46802
1.63698
-1.56728
-3.92055
-4.62015
-3.55487
-1.28793
1.21796
3.00538
3.48814
2.63843
0.937641
-0.867448
-2.08713
-2.35241
-1.71905
-0.586262
0.515868
1.16617
1.21343
0.797105
0.233932
-0.163364
-0.24286
-0.0716299
0.127037
0.11921
-0.189924
-0.682424
-1.07252
-1.05301
-0.473024
0.543855
1.60932
2.21857
1.98045
0.827368
-0.898289
-2.53746
-3.36607
-2.90898
-1.1821
1.25309
3.46648
4.51456
3.83825
1.53709
-1.60811
-4.39601
-5.6636
-4.76789
-1.89219
1.96322
5.3257
6.81274
5.69753
2.24727
-2.31827
-6.25517
-7.96152
-6.62682
-2.60218
2.67313
7.18407
9.10951
7.55538
2.95679
-3.02766
-8.11203
-10.2562
-8.48287
-3.31096
3.38173
9.0387
11.4013
9.40893
3.66456
-3.7352
-9.96373
-12.5442
-10.3332
-4.01745
4.08793
10.8868
13.6846
11.2553
4.36949
-4.43978
-11.8074
-14.822
-12.175
-4.72055
4.79063
12.7254
15.956
13.0918
5.0705
-5.14035
-13.6403
-17.0861
-14.0054
-5.41921
5.48879
14.5519
18.2119
14.9155
5.76655
-5.83584
-15.4597
-19.333
-15.8217
-6.11238
6.18135
16.3634
20.449
16.7237
6.45658
-6.52521
-17.2627
-21.5595
-17.6211
-6.79902
6.86729
18.1573
22.6641
18.5138
7.13958
-7.20745
-19.0468
-23.7623
-19.4012
-7.47813
7.54559
19.931
24.8538
20.2831
7.81455
-7.88156
-20.8094
-25.9381
-21.1591
-8.14871
8.21526
21.6818
27.0149
22.029
8.4805
-8.54657
-22.5479
-28.0839
-22.8925
-8.80981
8.87536
23.4073
29.1445
23.7492
9.1365
-9.20152
-24.2598
-30.1965
-24.5988
-9.46047
9.52493
25.105
31.2394
25.441
9.78161
-9.84549
-25.9427
-32.2729
-26.2756
-10.0998
10.1631
26.7726
33.2967
27.1023
10.4149
-10.4776
-27.5944
-34.3104
-27.9207
-10.7269
10.7889
28.4077
35.3137
28.7307
11.0356
-11.097
-29.2124
-36.3062
-29.5318
-11.341
11.4016
30.0082
37.2876
30.324
11.6428
-11.7028
-30.7948
-38.2575
-31.1068
-11.9411
12.0003
31.5719
39.2157
31.8801
12.2357
-12.2942
-32.3393
-40.1619
-32.6435
-12.5266
12.5843
33.0968
41.0956
33.3969
12.8136
-12.8705
-33.8441
-42.0168
-34.1401
-13.0966
13.1528
34.5809
42.925
34.8727
13.3757
-13.431
-35.3071
-43.8199
-35.5946
-13.6506
13.705
36.0224
44.7014
36.3055
13.9213
-13.9749
-36.7267
-45.5691
-37.0052
-14.1877
14.2404
37.4196
46.4228
37.6936
14.4497
-14.5016
-38.101
-47.2622
-38.3704
-14.7073
14.7583
38.7708
48.0871
39.0354
14.9604
-15.0105
-39.4286
-48.8973
-39.6884
-15.209
15.2581
40.0744
49.6925
40.3293
15.4528
-15.501
-40.708
-50.4726
-40.9579
-15.692
15.7392
41.3291
51.2372
41.574
15.9263
-15.9726
-41.9376
-51.9863
-42.1775
-16.1559
16.2012
42.5334
52.7196
42.7682
16.3805
-16.4248
-43.1164
-53.4369
-43.3459
-16.6002
16.6435
43.6863
54.1382
43.9106
16.8149
-16.8572
-44.243
-54.8231
-44.462
-17.0245
17.0658
44.7865
55.4915
45.0001
17.229
-17.2693
-45.3166
-56.1434
-45.5248
-17.4284
17.4677
45.8331
56.7786
46.0359
17.6226
-17.6608
-46.3361
-57.3968
-46.5334
-17.8116
17.8487
46.8253
57.9981
47.0171
17.9953
-18.0314
-47.3007
-58.5823
-47.487
-18.1737
18.2087
47.7622
59.1494
47.9429
18.3468
-18.3807
-48.2098
-59.6991
-48.3848
-18.5145
18.5474
48.6433
60.2315
48.8127
18.6768
-18.7087
-49.0627
-60.7464
-49.2265
-18.8338
18.8645
49.4679
61.2438
49.6261
18.9853
-19.015
-49.859
-61.7236
-50.0114
-19.1314
19.16
50.2358
62.1859
50.3825
19.2721
-19.2996
-50.5983
-62.6305
-50.7393
-19.4073
19.4337
50.9466
63.0574
51.0819
19.537
-19.5623
-51.2805
-63.4666
-51.4101
-19.6613
19.6855
51.6001
63.8581
51.7239
19.7801
-19.8032
-51.9054
-64.2319
-52.0235
-19.8934
19.9154
52.1963
64.588
52.3087
20.0013
-20.0222
-52.473
-64.9264
-52.5796
-20.1037
20.1235
52.7353
65.2471
52.8362
20.2006
-20.2193
-52.9834
-65.5502
-53.0786
-20.2921
20.3097
53.2172
65.8358
53.3067
20.3781
-20.3947
-53.4368
-66.1037
-53.5207
-20.4588
20.4743
53.6423
66.3542
53.7205
20.534
-20.5484
-53.8337
-66.5873
-53.9063
-20.6039
20.6172
54.011
66.803
54.078
20.6684
-20.6807
-54.1744
-67.0015
-54.2358
-20.7277
20.7389
54.3238
67.1829
54.3798
20.7816
-20.7917
-54.4595
-67.3471
-54.5099
-20.8302
20.8393
54.5814
67.4944
54.6264
20.8737
-20.8817
-54.6897
-67.6249
-54.7292
-20.9119
20.919
54.7844
67.7387
54.8186
20.945
-20.951
-54.8657
-67.8359
-54.8945
-20.973
20.978
54.9337
67.9167
54.9572
20.996
-21
-54.9885
-67.9811
-55.0067
-21.0139
21.0169
55.0302
68.0295
55.0432
21.0268
-21.0288
-55.059
-68.0618
-55.0669
-21.0349
21.0359
55.0749
68.0784
55.0777
21.0381
-21.0381
-55.0782
-68.0793
-55.076
-21.0364
21.0355
55.0689
68.0648
55.0617
21.0301
-21.0282
-55.0473
-68.035
-55.0352
-21.019
21.0162
55.0134
67.9902
54.9965
21.0033
-20.9996
-54.9675
-67.9305
-54.9458
-20.983
20.9784
54.9098
67.8562
54.8834
20.9583
-20.9528
-54.8403
-67.7674
-54.8093
-20.9291
20.9227
54.7593
67.6645
54.7237
20.8955
-20.8883
-54.6669
-67.5475
-54.6268
-20.8577
20.8496
54.5634
67.4168
54.5189
20.8156
-20.8067
-54.4489
-67.2727
-54.4001
-20.7694
20.7597
54.3237
67.1152
54.2706
20.7191
-20.7086
-54.1879
-66.9448
-54.1306
-20.6649
20.6536
54.0417
66.7615
53.9803
20.6067
-20.5946
-53.8853
-66.5658
-53.82
-20.5447
20.5319
53.7191
66.3579
53.6498
20.479
-20.4654
-53.5431
-66.138
-53.47
-20.4096
20.3952
53.3576
65.9064
53.2808
20.3366
-20.3215
-53.1628
-65.6633
-53.0824
-20.2601
20.2444
52.959
65.4092
52.875
20.1802
-20.1638
-52.7463
-65.1442
-52.6589
-20.097
20.08
52.5251
64.8687
52.4343
20.0106
-19.9929
-52.2955
-64.5828
-52.2014
-19.921
19.9027
52.0578
64.2871
51.9605
19.8284
-19.8095
-51.8122
-63.9816
-51.7119
-19.7328
19.7134
51.559
63.6668
51.4557
19.6344
-19.6144
-51.2985
-63.3429
-51.1922
-19.5332
19.5127
51.0307
63.0103
50.9217
19.4294
-19.4083
-50.7561
-62.6692
-50.6444
-19.323
19.3014
50.4749
62.3199
50.3606
19.2141
-19.192
-50.1873
-61.9629
-50.0705
-19.1028
19.0803
49.8936
61.5983
49.7744
18.9892
-18.9663
-49.594
-61.2266
-49.4725
-18.8735
18.8501
49.2887
60.848
49.1651
18.7557
-18.7319
-48.9782
-60.4628
-48.8525
-18.6359
18.6117
48.6625
60.0714
48.5348
18.5142
-18.4896
-48.342
-59.674
-48.2125
-18.3907
18.3658
48.0169
59.2711
47.8856
18.2655
-18.2403
-47.6875
-58.8629
-47.5546
-18.1388
18.1132
47.354
58.4498
47.2196
18.0105
-17.9847
-47.0168
-58.032
-46.8808
-17.8809
17.8548
46.676
57.6099
46.5387
17.7499
-17.7236
-46.3319
-57.1838
-46.1934
-17.6178
17.5912
45.9848
56.7541
45.8452
17.4846
-17.4578
-45.6349
-56.321
-45.4943
-17.3504
17.3234
45.2826
55.8849
45.141
17.2152
-17.1881
-44.928
-55.4461
-44.7856
-17.0793
17.0521
44.5714
55.0048
44.4282
16.9427
-16.9153
-44.2131
-54.5615
-44.0693
-16.8055
16.778
43.8532
54.1165
43.709
16.6678
-16.6402
-43.4922
-53.6699
-43.3475
-16.5296
16.5019
43.1302
53.2222
42.9852
16.3912
-16.3634
-42.7674
-52.7737
-42.6222
-16.2525
16.2247
42.4042
52.3246
42.2588
16.1137
-16.0859
-42.0407
-51.8753
-41.8953
-15.9748
15.947
41.6772
51.426
41.5319
15.836
-15.8083
-41.3139
-50.9771
-41.1688
-15.6974
15.6696
40.9512
50.5288
40.8062
15.5589
-15.5313
-40.5891
-50.0815
-40.4445
-15.4208
15.3933
40.228
49.6354
40.0838
15.2832
-15.2557
-39.868
-49.1907
-39.7244
-15.146
15.1186
39.5094
48.7479
39.3664
15.0094
-14.9821
-39.1524
-48.3071
-39.0101
-14.8734
14.8463
38.7973
47.8686
38.6558
14.7382
-14.7113
-38.4442
-47.4327
-38.3036
-14.6039
14.5771
38.0933
46.9996
37.9537
14.4704
-14.4438
-37.745
-46.5696
-37.6063
-14.3379
14.3116
37.3992
46.143
37.2618
14.2065
-14.1804
-37.0564
-45.7199
-36.9201
-14.0763
14.0504
36.7166
45.3007
36.5816
13.9472
-13.9216
-36.3801
-44.8856
-36.2464
-13.8195
13.7941
36.047
44.4747
35.9148
13.693
-13.6679
-35.7175
-44.0684
-35.5868
-13.5681
13.5432
35.3919
43.6668
35.2627
13.4446
-13.4201
-35.0702
-43.2702
-34.9426
-13.3226
13.2984
34.7526
42.8787
34.6268
13.2023
-13.1785
-34.4394
-42.4926
-34.3153
-13.0837
13.0602
34.1306
42.1121
34.0084
12.9668
-12.9436
-33.8265
-41.7373
-33.7061
-12.8517
12.8289
33.5271
41.3685
33.4087
12.7385
-12.7161
-33.2326
-41.0057
-33.1162
-12.6272
12.6051
32.9432
40.6493
32.8289
12.5178
-12.4962
-32.659
-40.2992
-32.5468
-12.4105
12.3892
32.3801
39.9558
32.27
12.3052
-12.2844
-32.1066
-39.6192
-31.9988
-12.202
12.1816
31.8387
39.2894
31.7331
12.1009
-12.081
-31.5765
-38.9667
-31.4732
-12.0021
11.9826
31.32
38.6512
31.2191
11.9055
-11.8864
-31.0695
-38.3429
-30.9709
-11.8111
11.7925
30.8249
38.042
30.7287
11.7191
-11.701
-30.5863
-37.7487
-30.4926
-11.6294
11.6117
30.3539
37.463
30.2627
11.5421
-11.5249
-30.1278
-37.185
-30.0391
-11.4571
11.4404
29.9079
36.9148
29.8217
11.3746
-11.3584
-29.6944
-36.6525
-29.6108
-11.2945
11.2788
29.4873
36.3981
29.4063
11.2169
-11.2017
-29.2868
-36.1518
-29.2084
-11.1418
11.127
29.0927
35.9136
29.0169
11.0692
-11.0549
-28.9052
-35.6835
-28.8321
-10.9991
10.9853
28.7244
35.4615
28.6539
10.9315
-10.9183
-28.5501
-35.2478
-28.4823
-10.8665
10.8538
28.3826
35.0424
28.3174
10.804
-10.7918
-28.2217
-34.8452
-28.1593
-10.7441
10.7324
28.0676
34.6563
28.0078
10.6868
-10.6756
-27.9201
-34.4757
-27.863
-10.632
10.6213
27.7794
34.3034
27.725
10.5798
-10.5696
-27.6453
-34.1394
-27.5936
-10.5301
10.5205
27.518
33.9836
27.4689
10.483
-10.4739
-27.3974
-33.8362
-27.351
-10.4384
10.4298
27.2834
33.6969
27.2396
10.3964
-10.3883
-27.176
-33.5658
-27.1349
-10.3569
10.3493
27.0753
33.4429
27.0368
10.3199
-10.3129
-26.9811
-33.3281
-26.9452
-10.2855
10.2789
26.8934
33.2214
26.8602
10.2535
-10.2474
-26.8122
-33.1226
-26.7815
-10.2239
10.2183
26.7374
33.0317
26.7093
10.1968
-10.1917
-26.669
-32.9487
-26.6434
-10.1721
10.1675
26.6068
32.8734
26.5837
10.1498
-10.1456
-26.5509
-32.8058
-26.5302
-10.1298
10.1261
26.5011
32.7457
26.4829
10.1122
-10.109
-26.4573
-32.6931
-26.4415
-10.0969
10.0941
26.4195
32.6479
26.4061
10.0838
-10.0814
-26.3876
-32.6099
-26.3765
-10.0729
10.071
26.3615
32.579
26.3526
10.0642
-10.0628
-26.341
-32.5551
-26.3344
-10.0577
10.0567
26.3261
32.538
26.3217
10.0533
-10.0526
-26.3167
-32.5276
-26.3144
-10.0509
10.0506
26.3125
32.5238
26.3123
10.0505
-10.0507
-26.3136
-32.5264
-26.3155
-10.0521
10.0526
26.3198
32.5353
26.3236
10.0556
-10.0565
-26.3309
-32.5502
-26.3367
-10.0609
10.0622
26.3468
32.5711
26.3545
10.0681
-10.0698
-26.3674
-32.5977
-26.377
-10.077
10.079
26.3926
32.6299
26.4039
10.0876
-10.09
-26.4221
-32.6675
-26.4351
-10.0999
10.1025
26.4559
32.7102
26.4705
10.1137
-10.1167
-26.4937
-32.7579
-26.5099
-10.1291
10.1323
26.5354
32.8105
26.5532
10.1459
-10.1494
-26.5809
-32.8676
-26.6001
-10.1641
10.1679
26.63
32.9292
26.6506
10.1836
-10.1877
-26.6825
-32.9949
-26.7044
-10.2044
10.2087
26.7382
33.0645
26.7614
10.2264
-10.231
-26.797
-33.1379
-26.8214
-10.2496
10.2543
26.8587
33.2149
26.8842
10.2738
-10.2787
-26.9231
-33.2951
-26.9496
-10.2989
10.3041
26.99
33.3783
27.0174
10.325
-10.3303
-27.0592
-33.4644
-27.0875
-10.352
10.3574
27.1306
33.5531
27.1596
10.3797
-10.3853
-27.2038
-33.6442
-27.2337
-10.4081
10.4138
27.2789
33.7373
27.3093
10.4371
-10.443
-27.3555
-33.8324
-27.3865
-10.4667
10.4726
27.4334
33.929
27.4649
10.4967
-10.5028
-27.5125
-34.027
-27.5444
-10.5271
10.5333
27.5925
34.1261
27.6247
10.5579
-10.5641
-27.6733
-34.2261
-27.7057
-10.5889
10.5951
27.7546
34.3267
27.7872
10.62
-10.6262
-27.8362
-34.4276
-27.8689
-10.6512
10.6575
27.9179
34.5286
27.9506
10.6824
-10.6887
-27.9996
-34.6295
-28.0321
-10.7135
10.7197
28.0809
34.7299
28.1133
10.7445
-10.7507
-28.1617
-34.8297
-28.1939
-10.7752
10.7813
28.2418
34.9285
28.2736
10.8056
-10.8116
-28.321
-35.026
-28.3523
-10.8356
10.8415
28.399
35.1221
28.4298
10.8651
-10.8709
-28.4756
-35.2165
-28.5058
-10.894
10.8997
28.5506
35.3088
28.5802
10.9222
-10.9278
-28.6239
-35.3989
-28.6526
-10.9498
10.9552
28.6951
35.4864
28.723
10.9765
-10.9817
-28.7642
-35.5712
-28.7911
-11.0023
11.0074
28.8308
35.6529
28.8567
11.0272
-11.032
-28.8947
-35.7313
-28.9195
-11.0509
11.0556
28.9559
35.8061
28.9795
11.0736
-11.078
-29.0139
-35.877
-29.0362
-11.095
11.0992
29.0687
35.9439
29.0896
11.1152
-11.119
-29.12
-36.0065
-29.1395
-11.1339
11.1375
29.1676
36.0644
29.1856
11.1513
-11.1545
-29.2114
-36.1175
-29.2278
-11.167
11.17
29.2511
36.1655
29.2657
11.1812
-11.1839
-29.2864
-36.2081
-29.2993
-11.1937
11.196
29.3173
36.2452
29.3284
11.2045
-11.2064
-29.3435
-36.2764
-29.3527
-11.2134
11.2149
29.3649
36.3015
29.372
11.2204
-11.2215
-29.3812
-36.3204
-29.3862
-11.2254
11.2261
29.3922
36.3327
29.3951
11.2283
-11.2287
-29.3978
-36.3382
-29.3984
-11.2292
11.2291
29.3977
36.3367
29.3961
11.2279
-11.2273
-29.3918
-36.328
-29.3878
-11.2242
11.2233
29.38
36.3118
29.3735
11.2183
-11.2168
-29.362
-36.288
-29.353
-11.21
11.208
29.3376
36.2564
29.3261
11.1992
-11.1968
-29.3068
-36.2166
-29.2926
-11.1859
11.1829
29.2693
36.1686
29.2524
11.17
-11.1665
-29.225
-36.112
-29.2053
-11.1515
11.1475
29.1736
36.0469
29.1511
11.1303
-11.1257
-29.1152
-35.9728
-29.0897
-11.1063
11.1011
29.0494
35.8897
29.021
11.0795
-11.0738
-28.9762
-35.7974
-28.9448
-11.0498
11.0435
28.8954
35.6956
28.861
11.0172
-11.0103
-28.8069
-35.5843
-28.7694
-10.9816
10.9741
28.7106
35.4633
28.6698
10.9429
-10.9348
-28.6063
-35.3323
-28.5623
-10.9012
10.8925
28.4938
35.1913
28.4466
10.8564
-10.8471
-28.3732
-35.0401
-28.3226
-10.8084
10.7984
28.2442
34.8786
28.1902
10.7572
-10.7466
-28.1067
-34.7065
-28.0493
-10.7027
10.6914
27.9607
34.5239
27.8998
10.645
-10.633
-27.806
-34.3306
-27.7417
-10.5839
10.5713
27.6425
34.1263
27.5747
10.5194
-10.5061
-27.4702
-33.9112
-27.3988
-10.4516
10.4376
27.289
33.6849
27.214
10.3803
-10.3656
-27.0987
-33.4475
-27.0201
-10.3055
10.2902
26.8994
33.1988
26.8171
10.2273
-10.2112
-26.6909
-32.9388
-26.6049
-10.1455
10.1287
26.4731
32.6673
26.3834
10.0602
-10.0427
-26.246
-32.3844
-26.1526
-9.97134
9.95314
26.0096
32.0898
25.9124
9.87889
-9.85996
-25.7638
-31.7836
-25.6628
-9.78283
9.76319
25.5085
31.4658
25.4038
9.68316
-9.66279
-25.2438
-31.1362
-25.1352
-9.57986
9.55876
24.9695
30.7948
24.8572
9.47291
-9.45109
-24.6857
-30.4417
-24.5695
-9.36232
9.33976
24.3924
30.0767
24.2723
9.24806
-9.22477
-24.0894
-29.6998
-23.9655
-9.13014
9.10612
23.7768
29.3111
23.6491
9.00855
-8.98379
-23.4547
-28.9105
-23.3231
-8.8833
8.8578
23.1229
28.4981
22.9875
8.75437
-8.72815
-22.7816
-28.0737
-22.6423
-8.62179
8.59483
22.4306
27.6376
22.2875
8.48554
-8.45786
-22.0701
-27.1896
-21.9232
-8.34565
8.31723
21.7
26.7298
21.5493
8.20211
-8.17297
-21.3204
-26.2583
-21.1659
-8.05495
8.02508
20.9314
25.775
20.7731
7.90417
-7.87359
-20.5329
-25.2801
-20.3708
-7.7498
7.71849
20.1249
24.7736
19.9592
7.59185
-7.55983
-19.7077
-24.2555
-19.5382
-7.43033
7.39761
19.2811
23.726
19.1079
7.26529
-7.23185
-18.8453
-23.185
-18.6685
-7.09673
7.0626
18.4004
22.6328
18.2199
6.92468
-6.88986
-17.9464
-22.0693
-17.7622
-6.74918
6.71367
17.4833
21.4947
17.2956
6.57026
-6.53407
-17.0113
-20.9091
-16.82
-6.38795
6.35108
16.5305
20.3126
16.3357
6.20228
-6.16474
-16.0409
-19.7053
-15.8426
-6.01329
5.97509
15.5427
19.0873
15.341
5.82102
-5.78217
-15.0359
-18.4588
-14.8308
-5.62551
5.58602
14.5207
17.8199
14.3123
5.4268
-5.38668
-13.9971
-17.1708
-13.7854
-5.22494
5.1842
13.4654
16.5115
13.2505
5.01998
-4.97862
-12.9256
-15.8423
-12.7074
-4.81197
4.77
12.3778
15.1633
12.1565
4.60095
-4.55839
-11.8223
-14.4746
-11.5979
-4.38697
4.34383
11.259
13.7766
11.0316
4.1701
-4.12638
-10.6882
-13.0692
-10.4579
-3.95038
3.9061
10.1101
12.3527
9.87679
3.72788
-3.68305
-9.52469
-11.6274
-9.28854
-3.50265
3.45728
8.93222
10.8933
8.69329
3.27475
-3.22886
-8.33284
-10.1508
-8.09118
-3.04425
2.99785
7.7267
9.3999
7.4824
2.81121
-2.76431
-7.11399
-8.64094
-6.8671
-2.5757
2.52831
6.49487
7.87411
6.24546
2.33778
-2.28992
-5.86952
-7.09962
-5.61767
-2.09752
2.0492
5.23812
6.3177
4.9839
1.855
-1.80623
-4.60085
