21.0951
21.0951
21.0952
21.0953
21.0955
21.0957
21.0959
21.0962
21.0966
21.097
21.0974
21.0979
21.0985
21.099
21.0997
21.1003
21.1011
21.1018
21.1027
21.1035
21.1044
21.1054
21.1064
21.1074
21.1085
21.1097
21.1109
21.1121
21.1134
21.1147
21.1161
21.1175
21.119
21.1205
21.122
21.1236
21.1253
21.127
21.1287
21.1305
21.1323
21.1342
21.1361
21.1381
21.1401
21.1421
21.1442
21.1464
21.1486
21.1508
21.1531
21.1554
21.1578
21.1602
21.1626
21.1651
21.1677
21.1703
21.1729
21.1756
21.1783
21.181
21.1838
21.1867
21.1896
21.1925
21.1955
21.1985
21.2016
21.2047
21.2078
21.211
21.2143
21.2175
21.2209
21.2242
21.2276
21.2311
21.2345
21.2381
21.2416
21.2452
21.2489
21.2526
21.2563
21.2601
21.2639
21.2677
21.2716
21.2756
21.2795
21.2835
21.2876
21.2917
21.2958
21.3
21.3042
21.3084
21.3127
21.317
21.3214
21.3258
21.3303
21.3347
21.3392
21.3438
21.3484
21.353
21.3577
21.3624
21.3671
21.3719
21.3767
21.3816
21.3865
21.3914
21.3963
21.4013
21.4064
21.4114
21.4165
21.4217
21.4269
21.4321
21.4373
21.4426
21.4479
21.4533
21.4586
21.464
21.4695
21.475
21.4805
21.4861
21.4916
21.4973
21.5029
21.5086
21.5143
21.5201
21.5258
21.5317
21.5375
21.5434
21.5493
21.5552
21.5612
21.5672
21.5732
21.5793
21.5854
21.5915
21.5977
21.6039
21.6101
21.6163
21.6226
21.6289
21.6353
21.6416
21.648
21.6545
21.6609
21.6674
21.6739
21.6805
21.687
21.6936
21.7003
21.7069
21.7136
21.7203
21.7271
21.7338
21.7406
21.7474
21.7543
21.7612
21.7681
21.775
21.7819
21.7889
21.7959
21.803
21.81
21.8171
21.8242
21.8313
21.8385
21.8457
21.8529
21.8601
21.8674
21.8747
21.882
21.8893
21.8967
21.9041
21.9115
21.9189
21.9263
21.9338
21.9413
21.9488
21.9564
21.9639
21.9715
21.9792
21.9868
21.9944
22.0021
22.0098
22.0176
22.0253
22.0331
22.0409
22.0487
22.0565
22.0644
22.0723
22.0801
22.0881
22.096
22.104
22.112
22.12
22.128
22.136
22.1441
22.1522
22.1603
22.1684
22.1765
22.1847
22.1929
22.2011
22.2093
22.2175
22.2258
22.2341
22.2424
22.2507
22.259
22.2674
22.2758
22.2841
22.2926
22.301
22.3094
22.3179
22.3264
22.3349
22.3434
22.3519
22.3605
22.369
22.3776
22.3862
22.3949
22.4035
22.4122
22.4208
22.4295
22.4382
22.4469
22.4557
22.4644
22.4732
22.482
22.4908
22.4996
22.5085
22.5173
22.5262
22.5351
22.544
22.5529
22.5618
22.5708
22.5797
22.5887
22.5977
22.6067
22.6158
22.6248
22.6338
22.6429
22.652
22.6611
22.6702
22.6794
22.6885
22.6977
22.7068
22.716
22.7252
22.7344
22.7437
22.7529
22.7622
22.7715
22.7807
22.79
22.7994
22.8087
22.818
22.8274
22.8368
22.8462
22.8556
22.865
22.8744
22.8838
22.8933
22.9028
22.9122
22.9217
22.9312
22.9408
22.9503
22.9598
22.9694
22.979
22.9886
22.9982
23.0078
23.0174
23.027
23.0367
23.0464
23.056
23.0657
23.0754
23.0851
23.0949
23.1046
23.1144
23.1241
23.1339
23.1437
23.1535
23.1633
23.1732
23.183
23.1928
23.2027
23.2126
23.2225
23.2324
23.2423
23.2522
23.2622
23.2721
23.2821
23.292
23.302
23.312
23.322
23.3321
23.3421
23.3522
23.3622
23.3723
23.3824
23.3925
23.4026
23.4127
23.4228
23.433
23.4431
23.4533
23.4635
23.4737
23.4839
23.4941
23.5043
23.5145
23.5248
23.535
23.5453
23.5556
23.5659
23.5762
23.5865
23.5969
23.6072
23.6176
23.6279
23.6383
23.6487
23.6591
23.6695
23.6799
23.6904
23.7008
23.7113
23.7218
23.7323
23.7427
23.7533
23.7638
23.7743
23.7849
23.7954
23.806
23.8166
23.8272
23.8378
23.8484
23.859
23.8696
23.8803
23.891
23.9016
23.9123
23.923
23.9337
23.9444
23.9552
23.9659
23.9767
23.9875
23.9982
24.009
24.0198
24.0307
24.0415
24.0523
24.0632
24.0741
24.0849
24.0958
24.1067
24.1176
24.1286
24.1395
24.1505
24.1614
24.1724
24.1834
24.1944
24.2054
24.2165
24.2275
24.2385
24.2496
24.2607
24.2718
24.2829
24.294
24.3051
24.3163
24.3274
24.3386
24.3498
24.361
24.3722
24.3834
24.3946
24.4059
24.4171
24.4284
24.4397
24.451
24.4623
24.4736
24.485
24.4963
24.5077
24.5191
24.5304
24.5418
24.5533
24.5647
24.5761
24.5876
24.5991
24.6106
24.6221
24.6336
24.6451
24.6566
24.6682
24.6798
24.6914
24.703
24.7146
24.7262
24.7378
24.7495
24.7612
24.7728
24.7845
24.7963
24.808
24.8197
24.8315
24.8433
24.8551
24.8669
24.8787
24.8905
24.9024
24.9142
24.9261
24.938
24.9499
24.9618
24.9738
24.9857
24.9977
25.0097
25.0217
25.0337
25.0457
25.0578
25.0698
25.0819
25.094
25.1061
25.1183
25.1304
25.1426
25.1547
25.1669
25.1792
25.1914
25.2036
25.2159
25.2282
25.2405
25.2528
25.2651
25.2775
25.2898
25.3022
25.3146
25.327
25.3395
25.3519
25.3644
25.3769
25.3894
25.4019
25.4144
25.427
25.4396
25.4522
25.4648
25.4774
25.4901
25.5027
25.5154
25.5281
25.5409
25.5536
25.5664
25.5792
25.592
25.6048
25.6176
25.6305
25.6434
25.6563
25.6692
25.6822
25.6951
25.7081
25.7211
25.7341
25.7472
25.7602
25.7733
25.7864
25.7996
25.8127
25.8259
25.8391
25.8523
25.8655
25.8788
25.8921
25.9054
25.9187
25.932
25.9454
25.9588
25.9722
25.9856
25.9991
26.0126
26.0261
26.0396
26.0531
26.0667
26.0803
26.0939
26.1076
26.1212
26.1349
26.1486
26.1624
26.1761
26.1899
26.2038
26.2176
26.2315
26.2453
26.2593
26.2732
26.2872
26.3011
26.3152
26.3292
26.3433
26.3574
26.3715
26.3856
26.3998
26.414
26.4282
26.4425
26.4568
26.4711
26.4854
26.4998
26.5142
26.5286
26.543
26.5575
26.572
26.5866
26.6011
26.6157
26.6303
26.645
26.6597
26.6744
26.6891
26.7039
26.7187
26.7335
26.7484
26.7633
26.7782
26.7932
26.8082
26.8232
26.8383
26.8533
26.8685
26.8836
26.8988
26.914
26.9293
26.9445
26.9599
26.9752
26.9906
27.006
27.0215
27.037
27.0525
27.068
27.0836
27.0993
27.1149
27.1306
27.1464
27.1621
27.1779
27.1938
27.2097
27.2256
27.2416
27.2576
27.2736
27.2897
27.3058
27.3219
27.3381
27.3544
27.3706
27.3869
27.4033
27.4197
27.4361
27.4526
27.4691
27.4857
27.5023
27.5189
27.5356
27.5523
27.5691
27.5859
27.6028
27.6197
27.6366
27.6536
27.6707
27.6878
27.7049
27.7221
27.7393
27.7566
27.7739
27.7912
27.8086
27.8261
27.8436
27.8612
27.8788
27.8964
27.9141
27.9319
27.9497
27.9676
27.9855
28.0034
28.0215
28.0395
28.0576
28.0758
28.094
28.1123
28.1307
28.1491
28.1675
28.186
28.2046
28.2232
28.2419
28.2606
28.2794
28.2982
28.3171
28.3361
28.3551
28.3742
28.3934
28.4126
28.4319
28.4512
28.4706
28.4901
28.5096
28.5292
28.5488
28.5686
28.5883
28.6082
28.6281
28.6481
28.6682
28.6883
28.7085
28.7288
28.7491
28.7695
28.79
28.8106
28.8312
28.8519
28.8727
28.8936
28.9145
28.9355
28.9566
28.9777
28.999
29.0203
29.0417
29.0632
29.0848
29.1064
29.1281
29.15
29.1719
29.1939
29.2159
29.2381
29.2603
29.2827
29.3051
29.3276
29.3502
29.3729
29.3957
29.4186
29.4416
29.4647
29.4879
29.5111
29.5345
29.558
29.5816
29.6052
29.629
29.6529
29.6769
29.701
29.7252
29.7495
29.7739
29.7985
29.8231
29.8479
29.8728
29.8978
29.9229
29.9481
29.9734
29.9989
30.0245
30.0502
30.076
30.102
30.1281
30.1543
30.1806
30.2071
30.2337
30.2605
30.2874
30.3144
30.3416
30.3689
30.3963
30.4239
30.4516
30.4795
30.5076
30.5358
30.5641
30.5926
30.6213
30.6501
30.679
30.7082
30.7375
30.767
30.7966
30.8264
30.8564
30.8866
30.9169
30.9475
30.9782
31.0091
31.0402
31.0715
31.1029
31.1346
31.1665
31.1986
31.2308
31.2633
31.296
31.3289
31.3621
31.3954
31.429
31.4628
31.4968
31.5311
31.5656
31.6003
31.6353
31.6705
31.706
31.7418
31.7778
31.814
31.8506
31.8874
31.9245
31.9618
31.9995
32.0374
32.0757
32.1142
32.1531
32.1922
32.2317
32.2715
32.3117
32.3521
32.3929
32.4341
32.4756
32.5174
32.5597
32.6023
32.6453
32.6886
32.7324
32.7766
32.8212
32.8662
32.9116
32.9574
33.0038
33.0505
33.0978
33.1455
33.1936
33.2423
33.2915
33.3412
33.3914
33.4422
33.4935
33.5454
33.5979
33.651
33.7046
33.7589
33.8138
33.8694
33.9257
33.9826
34.0402
34.0986
34.1577
34.2176
34.2782
34.3397
34.402
34.4651
34.5291
34.594
34.6599
34.7267
34.7944
34.8632
34.9331
35.004
35.0761
35.1493
35.2237
35.2993
35.3763
35.4545
35.5341
35.6152
35.6977
35.7818
35.8674
35.9547
36.0438
36.1346
36.2274
36.3221
36.4188
36.5177
36.6189
36.7224
36.8284
36.9369
37.0482
37.1624
37.2797
37.4001
37.524
37.6514
37.7827
37.9181
38.0579
38.2023
38.3518
38.5066
38.6673
38.8342
39.008
39.1893
39.3788
39.5773
39.7859
40.0056
40.2379
40.4846
40.7477
41.0299
41.3349
41.6673
42.034
42.4453
42.9181
43.484
44.2151
45.3444
48.6627
40.8969
44.4381
48.2615
48.2536
52.8816
53.3435
47.2651
44.1619
47.2559
53.3426
52.8855
48.2647
48.2654
44.4649
40.9179
48.6727
45.3664
44.2438
43.518
42.9569
42.4886
42.0816
41.7191
41.3907
41.0898
40.8116
40.5525
40.3098
40.0814
39.8655
39.6609
39.4662
39.2806
39.1032
38.9332
38.7701
38.6133
38.4623
38.3167
38.176
38.0401
37.9085
37.781
37.6574
37.5373
37.4207
37.3072
37.1968
37.0893
36.9845
36.8824
36.7826
36.6853
36.5902
36.4972
36.4063
36.3173
36.2303
36.145
36.0615
35.9796
35.8993
35.8206
35.7433
35.6675
35.593
35.5198
35.448
35.3774
35.3079
35.2397
35.1725
35.1064
35.0414
34.9774
34.9144
34.8523
34.7912
34.731
34.6716
34.6131
34.5554
34.4985
34.4425
34.3871
34.3326
34.2787
34.2255
34.1731
34.1213
34.0701
34.0196
33.9697
33.9204
33.8718
33.8236
33.7761
33.7291
33.6827
33.6368
33.5914
33.5465
33.5021
33.4581
33.4147
33.3717
33.3292
33.2871
33.2455
33.2043
33.1635
33.1231
33.0831
33.0435
33.0043
32.9655
32.9271
32.889
32.8513
32.8139
32.7769
32.7403
32.7039
32.6679
32.6322
32.5969
32.5618
32.5271
32.4926
32.4585
32.4246
32.3911
32.3578
32.3248
32.292
32.2596
32.2274
32.1954
32.1638
32.1323
32.1012
32.0702
32.0395
32.0091
31.9789
31.9489
31.9191
31.8896
31.8603
31.8312
31.8023
31.7736
31.7451
31.7169
31.6888
31.661
31.6333
31.6059
31.5786
31.5515
31.5246
31.4979
31.4714
31.4451
31.4189
31.3929
31.3671
31.3415
31.316
31.2907
31.2655
31.2405
31.2157
31.1911
31.1665
31.1422
31.118
31.0939
31.0701
31.0463
31.0227
30.9992
30.9759
30.9527
30.9297
30.9068
30.884
30.8614
30.8389
30.8165
30.7943
30.7722
30.7502
30.7284
30.7066
30.685
30.6636
30.6422
30.6209
30.5998
30.5788
30.5579
30.5371
30.5165
30.4959
30.4755
30.4551
30.4349
30.4148
30.3948
30.3749
30.3551
30.3354
30.3158
30.2963
30.2769
30.2576
30.2384
30.2193
30.2003
30.1814
30.1626
30.1439
30.1252
30.1067
30.0882
30.0699
30.0516
30.0335
30.0154
29.9974
29.9795
29.9616
29.9439
29.9262
29.9086
29.8911
29.8737
29.8564
29.8391
29.822
29.8049
29.7879
29.7709
29.7541
29.7373
29.7206
29.7039
29.6874
29.6709
29.6545
29.6381
29.6219
29.6057
29.5895
29.5735
29.5575
29.5416
29.5257
29.51
29.4942
29.4786
29.463
29.4475
29.432
29.4167
29.4013
29.3861
29.3709
29.3557
29.3407
29.3257
29.3107
29.2958
29.281
29.2662
29.2515
29.2369
29.2223
29.2077
29.1933
29.1789
29.1645
29.1502
29.1359
29.1217
29.1076
29.0935
29.0795
29.0655
29.0516
29.0377
29.0239
29.0101
28.9964
28.9828
28.9692
28.9556
28.9421
28.9286
28.9152
28.9019
28.8886
28.8753
28.8621
28.8489
28.8358
28.8227
28.8097
28.7968
28.7838
28.7709
28.7581
28.7453
28.7326
28.7199
28.7072
28.6946
28.682
28.6695
28.657
28.6446
28.6322
28.6199
28.6076
28.5953
28.5831
28.5709
28.5588
28.5467
28.5346
28.5226
28.5106
28.4987
28.4868
28.4749
28.4631
28.4513
28.4396
28.4279
28.4162
28.4046
28.393
28.3814
28.3699
28.3585
28.347
28.3356
28.3242
28.3129
28.3016
28.2904
28.2791
28.268
28.2568
28.2457
28.2346
28.2236
28.2126
28.2016
28.1906
28.1797
28.1689
28.158
28.1472
28.1364
28.1257
28.115
28.1043
28.0936
28.083
28.0725
28.0619
28.0514
28.0409
28.0304
28.02
28.0096
27.9993
27.9889
27.9786
27.9684
27.9581
27.9479
27.9377
27.9276
27.9175
27.9074
27.8973
27.8873
27.8773
27.8673
27.8573
27.8474
27.8375
27.8277
27.8178
27.808
27.7982
27.7885
27.7787
27.769
27.7594
27.7497
27.7401
27.7305
27.721
27.7114
27.7019
27.6924
27.6829
27.6735
27.6641
27.6547
27.6454
27.636
27.6267
27.6174
27.6082
27.5989
27.5897
27.5806
27.5714
27.5623
27.5531
27.5441
27.535
27.526
27.5169
27.5079
27.499
27.49
27.4811
27.4722
27.4633
27.4545
27.4457
27.4368
27.4281
27.4193
27.4106
27.4018
27.3931
27.3845
27.3758
27.3672
27.3586
27.35
27.3414
27.3329
27.3244
27.3159
27.3074
27.2989
27.2905
27.2821
27.2737
27.2653
27.2569
27.2486
27.2403
27.232
27.2237
27.2155
27.2072
27.199
27.1908
27.1827
27.1745
27.1664
27.1583
27.1502
27.1421
27.134
27.126
27.118
27.11
27.102
27.094
27.0861
27.0782
27.0703
27.0624
27.0545
27.0467
27.0388
27.031
27.0232
27.0154
27.0077
26.9999
26.9922
26.9845
26.9768
26.9691
26.9615
26.9538
26.9462
26.9386
26.931
26.9235
26.9159
26.9084
26.9009
26.8934
26.8859
26.8784
26.871
26.8635
26.8561
26.8487
26.8413
26.834
26.8266
26.8193
26.812
26.8047
26.7974
26.7901
26.7828
26.7756
26.7684
26.7612
26.754
26.7468
26.7396
26.7325
26.7254
26.7183
26.7112
26.7041
26.697
26.6899
26.6829
26.6759
26.6689
26.6619
26.6549
26.6479
26.641
26.634
26.6271
26.6202
26.6133
26.6064
26.5996
26.5927
26.5859
26.5791
26.5723
26.5655
26.5587
26.5519
26.5452
26.5384
26.5317
26.525
26.5183
26.5116
26.5049
26.4983
26.4916
26.485
26.4784
26.4718
26.4652
26.4586
26.4521
26.4455
26.439
26.4324
26.4259
26.4194
26.413
26.4065
26.4
26.3936
26.3871
26.3807
26.3743
26.3679
26.3615
26.3552
26.3488
26.3425
26.3361
26.3298
26.3235
26.3172
26.3109
26.3046
26.2984
26.2921
26.2859
26.2797
26.2734
26.2672
26.2611
26.2549
26.2487
26.2426
26.2364
26.2303
26.2242
26.2181
26.212
26.2059
26.1998
26.1937
26.1877
26.1816
26.1756
26.1696
26.1636
26.1576
26.1516
26.1456
26.1397
26.1337
26.1278
26.1219
26.1159
26.11
26.1041
26.0983
26.0924
26.0865
26.0807
26.0748
26.069
26.0632
26.0574
26.0516
26.0458
26.04
26.0342
26.0285
26.0227
26.017
26.0112
26.0055
25.9998
25.9941
25.9884
25.9828
25.9771
25.9714
25.9658
25.9602
25.9545
25.9489
25.9433
25.9377
25.9321
25.9265
25.921
25.9154
25.9099
25.9043
25.8988
25.8933
25.8878
25.8823
25.8768
25.8713
25.8658
25.8604
25.8549
25.8495
25.844
25.8386
25.8332
25.8278
25.8224
25.817
25.8116
25.8062
25.8009
25.7955
25.7902
25.7848
25.7795
25.7742
25.7689
25.7636
25.7583
25.753
25.7478
25.7425
25.7372
25.732
25.7268
25.7215
25.7163
25.7111
25.7059
25.7007
25.6955
25.6903
25.6852
25.68
25.6749
25.6697
25.6646
25.6595
25.6543
25.6492
25.6441
25.639
25.634
25.6289
25.6238
25.6188
25.6137
25.6087
25.6036
25.5986
25.5936
25.5886
25.5836
25.5786
25.5736
25.5686
25.5636
25.5587
25.5537
25.5488
25.5438
25.5389
25.534
25.5291
25.5241
25.5192
25.5144
25.5095
25.5046
25.4997
25.4949
25.49
25.4852
25.4803
25.4755
25.4707
25.4658
25.461
25.4562
25.4514
25.4466
25.4419
25.4371
25.4323
25.4276
25.4228
25.4181
25.4133
25.4086
25.4039
25.3992
25.3945
25.3898
25.3851
25.3804
25.3757
25.371
25.3664
25.3617
25.3571
25.3524
25.3478
25.3432
25.3385
25.3339
25.3293
25.3247
25.3201
25.3155
25.3109
25.3064
25.3018
25.2972
25.2927
25.2881
25.2836
25.2791
25.2745
25.27
25.2655
25.261
25.2565
25.252
25.2475
25.243
25.2386
25.2341
25.2296
25.2252
25.2207
25.2163
25.2118
25.2074
25.203
25.1986
25.1942
25.1898
25.1854
25.181
25.1766
25.1722
25.1678
25.1635
25.1591
25.1548
25.1504
25.1461
25.1418
25.1374
25.1331
25.1288
25.1245
25.1202
25.1159
25.1116
25.1073
25.103
25.0988
25.0945
25.0902
25.086
25.0817
25.0775
25.0732
25.069
25.0648
25.0606
25.0564
25.0521
25.0479
25.0437
25.0396
25.0354
25.0312
25.027
25.0229
25.0187
25.0145
25.0104
25.0062
25.0021
24.998
24.9938
24.9897
24.9856
24.9815
24.9774
24.9733
24.9692
24.9651
24.961
24.957
24.9529
24.9488
24.9448
24.9407
24.9367
24.9326
24.9286
24.9246
24.9205
24.9165
24.9125
24.9085
24.9045
24.9005
24.8965
24.8925
24.8885
24.8845
24.8806
24.8766
24.8726
24.8687
24.8647
24.8608
24.8568
24.8529
24.849
24.845
24.8411
24.8372
24.8333
24.8294
24.8255
24.8216
24.8177
24.8138
24.8099
24.8061
24.8022
24.7983
24.7945
24.7906
24.7868
24.7829
24.7791
24.7753
24.7714
24.7676
24.7638
24.76
24.7562
24.7524
24.7486
24.7448
24.741
24.7372
24.7334
24.7296
24.7259
24.7221
24.7183
24.7146
24.7108
24.7071
24.7033
24.6996
24.6959
24.6921
24.6884
24.6847
24.681
24.6773
24.6736
24.6699
24.6662
24.6625
24.6588
24.6551
24.6515
24.6478
24.6441
24.6405
24.6368
24.6332
24.6295
24.6259
24.6222
24.6186
24.615
24.6113
24.6077
24.6041
24.6005
24.5969
24.5933
24.5897
24.5861
24.5825
24.5789
24.5753
24.5718
24.5682
24.5646
24.5611
24.5575
24.5539
24.5504
24.5468
24.5433
24.5398
24.5362
24.5327
24.5292
24.5257
24.5222
24.5186
24.5151
24.5116
24.5081
24.5046
24.5012
24.4977
24.4942
24.4907
24.4872
24.4838
24.4803
24.4768
24.4734
24.4699
24.4665
24.463
24.4596
24.4562
24.4527
24.4493
24.4459
24.4425
24.4391
24.4356
24.4322
24.4288
24.4254
24.422
24.4187
24.4153
24.4119
24.4085
24.4051
24.4018
24.3984
24.395
24.3917
24.3883
24.385
24.3816
24.3783
24.3749
24.3716
24.3683
24.3649
24.3616
24.3583
24.355
24.3517
24.3484
24.3451
24.3418
24.3385
24.3352
24.3319
24.3286
24.3253
24.3221
24.3188
24.3155
24.3122
24.309
24.3057
24.3025
24.2992
24.296
24.2927
24.2895
24.2863
24.283
24.2798
24.2766
24.2734
24.2701
24.2669
24.2637
24.2605
24.2573
24.2541
24.2509
24.2477
24.2445
24.2413
24.2382
24.235
24.2318
24.2286
24.2255
24.2223
24.2192
24.216
24.2129
24.2097
24.2066
24.2034
24.2003
24.1971
24.194
24.1909
24.1878
24.1846
24.1815
24.1784
24.1753
24.1722
24.1691
24.166
24.1629
24.1598
24.1567
24.1536
24.1506
24.1475
24.1444
24.1413
24.1383
24.1352
24.1321
24.1291
24.126
24.123
24.1199
24.1169
24.1138
24.1108
24.1078
24.1047
24.1017
24.0987
24.0957
24.0926
24.0896
24.0866
24.0836
24.0806
24.0776
24.0746
24.0716
24.0686
24.0656
24.0626
24.0597
24.0567
24.0537
24.0507
24.0478
24.0448
24.0418
24.0389
24.0359
24.033
24.03
24.0271
24.0241
24.0212
24.0183
24.0153
24.0124
24.0095
24.0065
24.0036
24.0007
23.9978
23.9949
23.992
23.9891
23.9862
23.9833
23.9804
23.9775
23.9746
23.9717
23.9688
23.9659
23.963
23.9602
23.9573
23.9544
23.9516
23.9487
23.9458
23.943
23.9401
23.9373
23.9344
23.9316
23.9288
23.9259
23.9231
23.9202
23.9174
23.9146
23.9118
23.9089
23.9061
23.9033
23.9005
23.8977
23.8949
23.8921
23.8893
23.8865
23.8837
23.8809
23.8781
23.8753
23.8725
23.8698
23.867
23.8642
23.8614
23.8587
23.8559
23.8531
23.8504
23.8476
23.8449
23.8421
23.8394
23.8366
23.8339
23.8312
23.8284
23.8257
23.823
23.8202
23.8175
23.8148
23.8121
23.8093
23.8066
23.8039
23.8012
23.7985
23.7958
23.7931
23.7904
23.7877
23.785
23.7823
23.7796
23.7769
23.7743
23.7716
23.7689
23.7662
23.7636
23.7609
23.7582
23.7556
23.7529
23.7503
23.7476
23.7449
23.7423
23.7397
23.737
23.7344
23.7317
23.7291
23.7265
23.7238
23.7212
23.7186
23.716
23.7133
23.7107
23.7081
23.7055
23.7029
23.7003
23.6977
23.6951
23.6925
23.6899
23.6873
23.6847
23.6821
23.6795
23.6769
23.6744
23.6718
23.6692
23.6666
23.6641
23.6615
23.6589
23.6564
23.6538
23.6512
23.6487
23.6461
23.6436
23.641
23.6385
23.6359
23.6334
23.6309
23.6283
23.6258
23.6233
23.6207
23.6182
23.6157
23.6132
23.6107
23.6081
23.6056
23.6031
23.6006
23.5981
23.5956
23.5931
23.5906
23.5881
23.5856
23.5831
23.5806
23.5781
23.5757
23.5732
23.5707
23.5682
23.5658
23.5633
23.5608
23.5583
23.5559
23.5534
23.551
23.5485
23.546
23.5436
23.5411
23.5387
23.5363
23.5338
23.5314
23.5289
23.5265
23.5241
23.5216
23.5192
23.5168
23.5143
23.5119
23.5095
23.5071
23.5047
23.5023
23.4999
23.4974
23.495
23.4926
23.4902
23.4878
23.4854
23.483
23.4807
23.4783
23.4759
23.4735
23.4711
23.4687
23.4663
23.464
23.4616
23.4592
23.4569
23.4545
23.4521
23.4498
23.4474
23.445
23.4427
23.4403
23.438
23.4356
23.4333
23.4309
23.4286
23.4263
23.4239
23.4216
23.4192
23.4169
23.4146
23.4123
23.4099
23.4076
23.4053
23.403
23.4007
23.3983
23.396
23.3937
23.3914
23.3891
23.3868
23.3845
23.3822
23.3799
23.3776
23.3753
23.373
23.3707
23.3685
23.3662
23.3639
23.3616
23.3593
23.3571
23.3548
23.3525
23.3502
23.348
23.3457
23.3434
23.3412
23.3389
23.3367
23.3344
23.3322
23.3299
23.3277
23.3254
23.3232
23.3209
23.3187
23.3164
23.3142
23.312
23.3097
23.3075
23.3053
23.3031
23.3008
23.2986
23.2964
23.2942
23.292
23.2897
23.2875
23.2853
23.2831
23.2809
23.2787
23.2765
23.2743
23.2721
23.2699
23.2677
23.2655
23.2633
23.2612
23.259
23.2568
23.2546
23.2524
23.2502
23.2481
23.2459
23.2437
23.2416
23.2394
23.2372
23.2351
23.2329
23.2307
23.2286
23.2264
23.2243
23.2221
23.22
23.2178
23.2157
23.2135
23.2114
23.2092
23.2071
23.205
23.2028
23.2007
23.1986
23.1964
23.1943
23.1922
23.1901
23.1879
23.1858
23.1837
23.1816
23.1795
23.1774
23.1753
23.1732
23.171
23.1689
23.1668
23.1647
23.1626
23.1605
23.1584
23.1564
23.1543
23.1522
23.1501
23.148
23.1459
23.1438
23.1418
23.1397
23.1376
23.1355
23.1335
23.1314
23.1293
23.1273
23.1252
23.1231
23.1211
23.119
23.1169
23.1149
23.1128
23.1108
23.1087
23.1067
23.1046
23.1026
23.1005
23.0985
23.0965
23.0944
23.0924
23.0904
23.0883
23.0863
23.0843
23.0822
23.0802
23.0782
23.0762
23.0741
23.0721
23.0701
23.0681
23.0661
23.0641
23.0621
23.0601
23.058
23.056
23.054
23.052
23.05
23.048
23.0461
23.0441
23.0421
23.0401
23.0381
23.0361
23.0341
23.0321
23.0301
23.0282
23.0262
23.0242
23.0222
23.0203
23.0183
23.0163
23.0144
23.0124
23.0104
23.0085
23.0065
23.0045
23.0026
23.0006
22.9987
22.9967
22.9948
22.9928
22.9909
22.9889
22.987
22.985
22.9831
22.9812
22.9792
22.9773
22.9754
22.9734
22.9715
22.9696
22.9676
22.9657
22.9638
22.9619
22.96
22.958
22.9561
22.9542
22.9523
22.9504
22.9485
22.9466
22.9446
22.9427
22.9408
22.9389
22.937
22.9351
22.9332
22.9313
22.9294
22.9276
22.9257
22.9238
22.9219
22.92
22.9181
22.9162
22.9143
22.9125
22.9106
22.9087
22.9068
22.905
22.9031
22.9012
22.8994
22.8975
22.8956
22.8938
22.8919
22.89
22.8882
22.8863
22.8845
22.8826
22.8808
22.8789
22.8771
22.8752
22.8734
22.8715
22.8697
22.8678
22.866
22.8642
22.8623
22.8605
22.8586
22.8568
22.855
22.8532
22.8513
22.8495
22.8477
22.8459
22.844
22.8422
22.8404
22.8386
22.8368
22.8349
22.8331
22.8313
22.8295
22.8277
22.8259
22.8241
22.8223
22.8205
22.8187
22.8169
22.8151
22.8133
22.8115
22.8097
22.8079
22.8061
22.8043
22.8026
22.8008
22.799
22.7972
22.7954
22.7936
22.7919
22.7901
22.7883
22.7865
22.7848
22.783
22.7812
22.7795
22.7777
22.7759
22.7742
22.7724
22.7707
22.7689
22.7671
22.7654
22.7636
22.7619
22.7601
22.7584
22.7566
22.7549
22.7531
22.7514
22.7497
22.7479
22.7462
22.7444
22.7427
22.741
22.7392
22.7375
22.7358
22.734
22.7323
22.7306
22.7289
22.7271
22.7254
22.7237
22.722
22.7203
22.7185
22.7168
22.7151
22.7134
22.7117
22.71
22.7083
22.7066
22.7049
22.7032
22.7015
22.6998
22.6981
22.6964
22.6947
22.693
22.6913
22.6896
22.6879
22.6862
22.6845
22.6828
22.6811
22.6795
22.6778
22.6761
22.6744
22.6727
22.6711
22.6694
22.6677
22.666
22.6644
22.6627
22.661
22.6594
22.6577
22.656
22.6544
22.6527
22.651
22.6494
22.6477
22.6461
22.6444
22.6428
22.6411
22.6395
22.6378
22.6362
22.6345
22.6329
22.6312
22.6296
22.6279
22.6263
22.6247
22.623
22.6214
22.6198
22.6181
22.6165
22.6149
22.6132
22.6116
22.61
22.6084
22.6067
22.6051
22.6035
22.6019
22.6002
22.5986
22.597
22.5954
22.5938
22.5922
22.5906
22.589
22.5873
22.5857
22.5841
22.5825
22.5809
22.5793
22.5777
22.5761
22.5745
22.5729
22.5713
22.5697
22.5682
22.5666
22.565
22.5634
22.5618
22.5602
22.5586
22.557
22.5555
22.5539
22.5523
22.5507
22.5491
22.5476
22.546
22.5444
22.5429
22.5413
22.5397
22.5381
22.5366
22.535
22.5335
22.5319
22.5303
22.5288
22.5272
22.5256
22.5241
22.5225
22.521
22.5194
22.5179
22.5163
22.5148
22.5132
22.5117
22.5101
22.5086
22.5071
22.5055
22.504
22.5024
22.5009
22.4994
22.4978
22.4963
22.4948
22.4932
22.4917
22.4902
22.4886
22.4871
22.4856
22.4841
22.4825
22.481
22.4795
22.478
22.4765
22.475
22.4734
22.4719
22.4704
22.4689
22.4674
22.4659
22.4644
22.4629
22.4614
22.4599
22.4584
22.4568
22.4553
22.4538
22.4524
22.4509
22.4494
22.4479
22.4464
22.4449
22.4434
22.4419
22.4404
22.4389
22.4374
22.436
22.4345
22.433
22.4315
22.43
22.4285
22.4271
22.4256
22.4241
22.4226
22.4212
22.4197
22.4182
22.4168
22.4153
22.4138
22.4124
22.4109
22.4094
22.408
22.4065
22.405
22.4036
22.4021
22.4007
22.3992
22.3978
22.3963
22.3949
22.3934
22.392
22.3905
22.3891
22.3876
22.3862
22.3847
22.3833
22.3818
22.3804
22.379
22.3775
22.3761
22.3747
22.3732
22.3718
22.3704
22.3689
22.3675
22.3661
22.3646
22.3632
22.3618
22.3604
22.3589
22.3575
22.3561
22.3547
22.3533
22.3518
22.3504
22.349
22.3476
22.3462
22.3448
22.3434
22.342
22.3405
22.3391
22.3377
22.3363
22.3349
22.3335
22.3321
22.3307
22.3293
22.3279
22.3265
22.3251
22.3237
22.3223
22.3209
22.3196
22.3182
22.3168
22.3154
22.314
22.3126
22.3112
22.3099
22.3085
22.3071
22.3057
22.3043
22.3029
22.3016
22.3002
22.2988
22.2974
22.2961
22.2947
22.2933
22.292
22.2906
22.2892
22.2879
22.2865
22.2851
22.2838
22.2824
22.2811
22.2797
22.2783
22.277
22.2756
22.2743
22.2729
22.2716
22.2702
22.2689
22.2675
22.2662
22.2648
22.2635
22.2621
22.2608
22.2594
22.2581
22.2568
22.2554
22.2541
22.2527
22.2514
22.2501
22.2487
22.2474
22.2461
22.2447
22.2434
22.2421
22.2407
22.2394
22.2381
22.2368
22.2354
22.2341
22.2328
22.2315
22.2302
22.2288
22.2275
22.2262
22.2249
22.2236
22.2223
22.2209
22.2196
22.2183
22.217
22.2157
22.2144
22.2131
22.2118
22.2105
22.2092
22.2079
22.2066
22.2053
22.204
22.2027
22.2014
22.2001
22.1988
22.1975
22.1962
22.1949
22.1936
22.1923
22.1911
22.1898
22.1885
22.1872
22.1859
22.1846
22.1833
22.1821
22.1808
22.1795
22.1782
22.177
22.1757
22.1744
22.1731
22.1719
22.1706
22.1693
22.168
22.1668
22.1655
22.1642
22.163
22.1617
22.1604
22.1592
22.1579
22.1567
22.1554
22.1541
22.1529
22.1516
22.1504
22.1491
22.1479
22.1466
22.1454
22.1441
22.1429
22.1416
22.1404
22.1391
22.1379
22.1366
22.1354
22.1341
22.1329
22.1317
22.1304
22.1292
22.1279
22.1267
22.1255
22.1242
22.123
22.1218
22.1205
22.1193
22.1181
22.1168
22.1156
22.1144
22.1132
22.1119
22.1107
22.1095
22.1083
22.107
22.1058
22.1046
22.1034
22.1022
22.101
22.0997
22.0985
22.0973
22.0961
22.0949
22.0937
22.0925
22.0913
22.0901
22.0888
22.0876
22.0864
22.0852
22.084
22.0828
22.0816
22.0804
22.0792
22.078
22.0768
22.0756
22.0744
22.0733
22.0721
22.0709
22.0697
22.0685
22.0673
22.0661
22.0649
22.0637
22.0626
22.0614
22.0602
22.059
22.0578
22.0566
22.0555
22.0543
22.0531
22.0519
22.0507
22.0496
22.0484
22.0472
22.0461
22.0449
22.0437
22.0425
22.0414
22.0402
22.039
22.0379
22.0367
22.0356
22.0344
22.0332
22.0321
22.0309
22.0297
22.0286
22.0274
22.0263
22.0251
22.024
22.0228
22.0217
22.0205
22.0194
22.0182
22.0171
22.0159
22.0148
22.0136
22.0125
22.0113
22.0102
22.009
22.0079
22.0068
22.0056
22.0045
22.0033
22.0022
22.0011
21.9999
21.9988
21.9977
21.9965
21.9954
21.9943
21.9932
21.992
21.9909
21.9898
21.9886
21.9875
21.9864
21.9853
21.9841
21.983
21.9819
21.9808
21.9797
21.9786
21.9774
21.9763
21.9752
21.9741
21.973
21.9719
21.9708
21.9696
21.9685
21.9674
21.9663
21.9652
21.9641
21.963
21.9619
21.9608
21.9597
21.9586
21.9575
21.9564
21.9553
21.9542
21.9531
21.952
21.9509
21.9498
21.9487
21.9476
21.9465
21.9454
21.9444
21.9433
21.9422
21.9411
21.94
21.9389
21.9378
21.9368
21.9357
21.9346
21.9335
21.9324
21.9313
21.9303
21.9292
21.9281
21.927
21.926
21.9249
21.9238
21.9227
21.9217
21.9206
21.9195
21.9185
21.9174
21.9163
21.9153
21.9142
21.9131
21.9121
21.911
21.9099
21.9089
21.9078
21.9068
21.9057
21.9047
21.9036
21.9025
21.9015
21.9004
21.8994
21.8983
21.8973
21.8962
21.8952
21.8941
21.8931
21.892
21.891
21.8899
21.8889
21.8878
21.8868
21.8858
21.8847
21.8837
21.8826
21.8816
21.8806
21.8795
21.8785
21.8775
21.8764
21.8754
21.8744
21.8733
21.8723
21.8713
21.8702
21.8692
21.8682
21.8672
21.8661
21.8651
21.8641
21.8631
21.862
21.861
21.86
21.859
21.858
21.8569
21.8559
21.8549
21.8539
21.8529
21.8519
21.8508
21.8498
21.8488
21.8478
21.8468
21.8458
21.8448
21.8438
21.8428
21.8418
21.8408
21.8398
21.8388
21.8377
21.8367
21.8357
21.8347
21.8337
21.8327
21.8318
21.8308
21.8298
21.8288
21.8278
21.8268
21.8258
21.8248
21.8238
21.8228
21.8218
21.8208
21.8198
21.8189
21.8179
21.8169
21.8159
21.8149
21.8139
21.813
21.812
21.811
21.81
21.809
21.8081
21.8071
21.8061
21.8051
21.8042
21.8032
21.8022
21.8012
21.8003
21.7993
21.7983
21.7974
21.7964
21.7954
21.7945
21.7935
21.7925
21.7916
21.7906
21.7896
21.7887
21.7877
21.7868
21.7858
21.7848
21.7839
21.7829
21.782
21.781
21.7801
21.7791
21.7782
21.7772
21.7763
21.7753
21.7744
21.7734
21.7725
21.7715
21.7706
21.7696
21.7687
21.7677
21.7668
21.7658
21.7649
21.764
21.763
21.7621
21.7611
21.7602
21.7593
21.7583
21.7574
21.7565
21.7555
21.7546
21.7537
21.7527
21.7518
21.7509
21.7499
21.749
21.7481
21.7472
21.7462
21.7453
21.7444
21.7435
21.7425
21.7416
21.7407
21.7398
21.7389
21.7379
21.737
21.7361
21.7352
21.7343
21.7334
21.7324
21.7315
21.7306
21.7297
21.7288
21.7279
21.727
21.7261
21.7252
21.7243
21.7233
21.7224
21.7215
21.7206
21.7197
21.7188
21.7179
21.717
21.7161
21.7152
21.7143
21.7134
21.7125
21.7116
21.7107
21.7098
21.709
21.7081
21.7072
21.7063
21.7054
21.7045
21.7036
21.7027
21.7018
21.7009
21.7001
21.6992
21.6983
21.6974
21.6965
21.6956
21.6948
21.6939
21.693
21.6921
21.6912
21.6904
21.6895
21.6886
21.6877
21.6869
21.686
21.6851
21.6842
21.6834
21.6825
21.6816
21.6807
21.6799
21.679
21.6781
21.6773
21.6764
21.6755
21.6747
21.6738
21.673
21.6721
21.6712
21.6704
21.6695
21.6687
21.6678
21.6669
21.6661
21.6652
21.6644
21.6635
21.6627
21.6618
21.661
21.6601
21.6593
21.6584
21.6576
21.6567
21.6559
21.655
21.6542
21.6533
21.6525
21.6516
21.6508
21.6499
21.6491
21.6483
21.6474
21.6466
21.6457
21.6449
21.6441
21.6432
21.6424
21.6416
21.6407
21.6399
21.6391
21.6382
21.6374
21.6366
21.6357
21.6349
21.6341
21.6332
21.6324
21.6316
21.6308
21.6299
21.6291
21.6283
21.6275
21.6266
21.6258
21.625
21.6242
21.6234
21.6225
21.6217
21.6209
21.6201
21.6193
21.6185
21.6176
21.6168
21.616
21.6152
21.6144
21.6136
21.6128
21.612
21.6112
21.6104
21.6095
21.6087
21.6079
21.6071
21.6063
21.6055
21.6047
21.6039
21.6031
21.6023
21.6015
21.6007
21.5999
21.5991
21.5983
21.5975
21.5967
21.5959
21.5951
21.5944
21.5936
21.5928
21.592
21.5912
21.5904
21.5896
21.5888
21.588
21.5872
21.5865
21.5857
21.5849
21.5841
21.5833
21.5825
21.5818
21.581
21.5802
21.5794
21.5786
21.5779
21.5771
21.5763
21.5755
21.5748
21.574
21.5732
21.5724
21.5717
21.5709
21.5701
21.5693
21.5686
21.5678
21.567
21.5663
21.5655
21.5647
21.564
21.5632
21.5624
21.5617
21.5609
21.5601
21.5594
21.5586
21.5579
21.5571
21.5563
21.5556
21.5548
21.5541
21.5533
21.5526
21.5518
21.5511
21.5503
21.5496
21.5488
21.5481
21.5473
21.5466
21.5458
21.5451
21.5443
21.5436
21.5428
21.5421
21.5413
21.5406
21.5398
21.5391
21.5384
21.5376
21.5369
21.5361
21.5354
21.5347
21.5339
21.5332
21.5324
21.5317
21.531
21.5302
21.5295
21.5288
21.528
21.5273
21.5266
21.5258
21.5251
21.5244
21.5237
21.5229
21.5222
21.5215
21.5207
21.52
21.5193
21.5186
21.5179
21.5171
21.5164
21.5157
21.515
21.5143
21.5135
21.5128
21.5121
21.5114
21.5107
21.5099
21.5092
21.5085
21.5078
21.5071
21.5064
21.5057
21.505
21.5043
21.5035
21.5028
21.5021
21.5014
21.5007
21.5
21.4993
21.4986
21.4979
21.4972
21.4965
21.4958
21.4951
21.4944
21.4937
21.493
21.4923
21.4916
21.4909
21.4902
21.4895
21.4888
21.4881
21.4874
21.4867
21.486
21.4853
21.4846
21.484
21.4833
21.4826
21.4819
21.4812
21.4805
21.4798
21.4791
21.4785
21.4778
21.4771
21.4764
21.4757
21.475
21.4744
21.4737
21.473
21.4723
21.4716
21.471
21.4703
21.4696
21.4689
21.4683
21.4676
21.4669
21.4662
21.4656
21.4649
21.4642
21.4636
21.4629
21.4622
21.4616
21.4609
21.4602
21.4595
21.4589
21.4582
21.4576
21.4569
21.4562
21.4556
21.4549
21.4542
21.4536
21.4529
21.4523
21.4516
21.4509
21.4503
21.4496
21.449
21.4483
21.4477
21.447
21.4464
21.4457
21.4451
21.4444
21.4438
21.4431
21.4425
21.4418
21.4412
21.4405
21.4399
21.4392
21.4386
21.4379
21.4373
21.4366
21.436
21.4354
21.4347
21.4341
21.4334
21.4328
21.4321
21.4315
21.4309
21.4302
21.4296
21.429
21.4283
21.4277
21.4271
21.4264
21.4258
21.4252
21.4245
21.4239
21.4233
21.4226
21.422
21.4214
21.4208
21.4201
21.4195
21.4189
21.4183
21.4176
21.417
21.4164
21.4158
21.4151
21.4145
21.4139
21.4133
21.4127
21.412
21.4114
21.4108
21.4102
21.4096
21.409
21.4083
21.4077
21.4071
21.4065
21.4059
21.4053
21.4047
21.4041
21.4034
21.4028
21.4022
21.4016
21.401
21.4004
21.3998
21.3992
21.3986
21.398
21.3974
21.3968
21.3962
21.3956
21.395
21.3944
21.3938
21.3932
21.3926
21.392
21.3914
21.3908
21.3902
21.3896
21.389
21.3884
21.3878
21.3872
21.3866
21.386
21.3855
21.3849
21.3843
21.3837
21.3831
21.3825
21.3819
21.3813
21.3808
21.3802
21.3796
21.379
21.3784
21.3778
21.3773
21.3767
21.3761
21.3755
21.3749
21.3744
21.3738
21.3732
21.3726
21.372
21.3715
21.3709
21.3703
21.3698
21.3692
21.3686
21.368
21.3675
21.3669
21.3663
21.3658
21.3652
21.3646
21.364
21.3635
21.3629
21.3624
21.3618
21.3612
21.3607
21.3601
21.3595
21.359
21.3584
21.3578
21.3573
21.3567
21.3562
21.3556
21.3551
21.3545
21.3539
21.3534
21.3528
21.3523
21.3517
21.3512
21.3506
21.3501
21.3495
21.349
21.3484
21.3479
21.3473
21.3468
21.3462
21.3457
21.3451
21.3446
21.344
21.3435
21.3429
21.3424
21.3419
21.3413
21.3408
21.3402
21.3397
21.3392
21.3386
21.3381
21.3375
21.337
21.3365
21.3359
21.3354
21.3349
21.3343
21.3338
21.3333
21.3327
21.3322
21.3317
21.3311
21.3306
21.3301
21.3295
21.329
21.3285
21.328
21.3274
21.3269
21.3264
21.3259
21.3253
21.3248
21.3243
21.3238
21.3233
21.3227
21.3222
21.3217
21.3212
21.3207
21.3201
21.3196
21.3191
21.3186
21.3181
21.3176
21.317
21.3165
21.316
21.3155
21.315
21.3145
21.314
21.3135
21.313
21.3124
21.3119
21.3114
21.3109
21.3104
21.3099
21.3094
21.3089
21.3084
21.3079
21.3074
21.3069
21.3064
21.3059
21.3054
21.3049
21.3044
21.3039
21.3034
21.3029
21.3024
21.3019
21.3014
21.3009
21.3004
21.2999
21.2994
21.2989
21.2984
21.298
21.2975
21.297
21.2965
21.296
21.2955
21.295
21.2945
21.294
21.2936
21.2931
21.2926
21.2921
21.2916
21.2911
21.2907
21.2902
21.2897
21.2892
21.2887
21.2883
21.2878
21.2873
21.2868
21.2863
21.2859
21.2854
21.2849
21.2844
21.284
21.2835
21.283
21.2825
21.2821
21.2816
21.2811
21.2807
21.2802
21.2797
21.2793
21.2788
21.2783
21.2779
21.2774
21.2769
21.2765
21.276
21.2755
21.2751
21.2746
21.2741
21.2737
21.2732
21.2728
21.2723
21.2718
21.2714
21.2709
21.2705
21.27
21.2696
21.2691
21.2687
21.2682
21.2677
21.2673
21.2668
21.2664
21.2659
21.2655
21.265
21.2646
21.2641
21.2637
21.2632
21.2628
21.2623
21.2619
21.2615
21.261
21.2606
21.2601
21.2597
21.2592
21.2588
21.2584
21.2579
21.2575
21.257
21.2566
21.2562
21.2557
21.2553
21.2548
21.2544
21.254
21.2535
21.2531
21.2527
21.2522
21.2518
21.2514
21.2509
21.2505
21.2501
21.2497
21.2492
21.2488
21.2484
21.2479
21.2475
21.2471
21.2467
21.2462
21.2458
21.2454
21.245
21.2445
21.2441
21.2437
21.2433
21.2429
21.2424
21.242
21.2416
21.2412
21.2408
21.2404
21.2399
21.2395
21.2391
21.2387
21.2383
21.2379
21.2375
21.237
21.2366
21.2362
21.2358
21.2354
21.235
21.2346
21.2342
21.2338
21.2334
21.2329
21.2325
21.2321
21.2317
21.2313
21.2309
21.2305
21.2301
21.2297
21.2293
21.2289
21.2285
21.2281
21.2277
21.2273
21.2269
21.2265
21.2261
21.2257
21.2253
21.2249
21.2245
21.2242
21.2238
21.2234
21.223
21.2226
21.2222
21.2218
21.2214
21.221
21.2206
21.2202
21.2199
21.2195
21.2191
21.2187
21.2183
21.2179
21.2175
21.2172
21.2168
21.2164
21.216
21.2156
21.2152
21.2149
21.2145
21.2141
21.2137
21.2134
21.213
21.2126
21.2122
21.2118
21.2115
21.2111
21.2107
21.2103
21.21
21.2096
21.2092
21.2089
21.2085
21.2081
21.2078
21.2074
21.207
21.2066
21.2063
21.2059
21.2055
21.2052
21.2048
21.2045
21.2041
21.2037
21.2034
21.203
21.2026
21.2023
21.2019
21.2016
21.2012
21.2008
21.2005
21.2001
21.1998
21.1994
21.1991
21.1987
21.1983
21.198
21.1976
21.1973
21.1969
21.1966
21.1962
21.1959
21.1955
21.1952
21.1948
21.1945
21.1941
21.1938
21.1934
21.1931
21.1927
21.1924
21.1921
21.1917
21.1914
21.191
21.1907
21.1903
21.19
21.1897
21.1893
21.189
21.1886
21.1883
21.188
21.1876
21.1873
21.1869
21.1866
21.1863
21.1859
21.1856
21.1853
21.1849
21.1846
21.1843
21.1839
21.1836
21.1833
21.183
21.1826
21.1823
21.182
21.1816
21.1813
21.181
21.1807
21.1803
21.18
21.1797
21.1794
21.179
21.1787
21.1784
21.1781
21.1778
21.1774
21.1771
21.1768
21.1765
21.1762
21.1758
21.1755
21.1752
21.1749
21.1746
21.1743
21.174
21.1736
21.1733
21.173
21.1727
21.1724
21.1721
21.1718
21.1715
21.1712
21.1708
21.1705
21.1702
21.1699
21.1696
21.1693
21.169
21.1687
21.1684
21.1681
21.1678
21.1675
21.1672
21.1669
21.1666
21.1663
21.166
21.1657
21.1654
21.1651
21.1648
21.1645
21.1642
21.1639
21.1636
21.1633
21.163
21.1627
21.1624
21.1621
21.1618
21.1616
21.1613
21.161
21.1607
21.1604
21.1601
21.1598
21.1595
21.1592
21.159
21.1587
21.1584
21.1581
21.1578
21.1575
21.1572
21.157
21.1567
21.1564
21.1561
21.1558
21.1556
21.1553
21.155
21.1547
21.1544
21.1542
21.1539
21.1536
21.1533
21.1531
21.1528
21.1525
21.1522
21.152
21.1517
21.1514
21.1512
21.1509
21.1506
21.1503
21.1501
21.1498
21.1495
21.1493
21.149
21.1487
21.1485
21.1482
21.1479
21.1477
21.1474
21.1471
21.1469
21.1466
21.1464
21.1461
21.1458
21.1456
21.1453
21.1451
21.1448
21.1445
21.1443
21.144
21.1438
21.1435
21.1433
21.143
21.1428
21.1425
21.1423
21.142
21.1418
21.1415
21.1412
21.141
21.1408
21.1405
21.1403
21.14
21.1398
21.1395
21.1393
21.139
21.1388
21.1385
21.1383
21.138
21.1378
21.1376
21.1373
21.1371
21.1368
21.1366
21.1364
21.1361
21.1359
21.1356
21.1354
21.1352
21.1349
21.1347
21.1345
21.1342
21.134
21.1338
21.1335
21.1333
21.1331
21.1328
21.1326
21.1324
21.1321
21.1319
21.1317
21.1314
21.1312
21.131
21.1308
21.1305
21.1303
21.1301
21.1299
21.1296
21.1294
21.1292
21.129
21.1287
21.1285
21.1283
21.1281
21.1279
21.1276
21.1274
21.1272
21.127
21.1268
21.1266
21.1263
21.1261
21.1259
21.1257
21.1255
21.1253
21.1251
21.1248
21.1246
21.1244
21.1242
21.124
21.1238
21.1236
21.1234
21.1232
21.123
21.1228
21.1225
21.1223
21.1221
21.1219
21.1217
21.1215
21.1213
21.1211
21.1209
21.1207
21.1205
21.1203
21.1201
21.1199
21.1197
21.1195
21.1193
21.1191
21.1189
21.1187
21.1185
21.1183
21.1181
21.118
21.1178
21.1176
21.1174
21.1172
21.117
21.1168
21.1166
21.1164
21.1162
21.116
21.1159
21.1157
21.1155
21.1153
21.1151
21.1149
21.1147
21.1146
21.1144
21.1142
21.114
21.1138
21.1136
21.1135
21.1133
21.1131
21.1129
21.1127
21.1126
21.1124
21.1122
21.112
21.1119
21.1117
21.1115
21.1113
21.1112
21.111
21.1108
21.1106
21.1105
21.1103
21.1101
21.1099
21.1098
21.1096
21.1094
21.1093
21.1091
21.1089
21.1088
21.1086
21.1084
21.1083
21.1081
21.1079
21.1078
21.1076
21.1075
21.1073
21.1071
21.107
21.1068
21.1067
21.1065
21.1063
21.1062
21.106
21.1059
21.1057
21.1055
21.1054
21.1052
21.1051
21.1049
21.1048
21.1046
21.1045
21.1043
21.1042
21.104
21.1039
21.1037
21.1036
21.1034
21.1033
21.1031
21.103
21.1028
21.1027
21.1025
21.1024
21.1022
21.1021
21.102
21.1018
21.1017
21.1015
21.1014
21.1013
21.1011
21.101
21.1008
21.1007
21.1006
21.1004
21.1003
21.1001
21.1
21.0999
21.0997
21.0996
21.0995
21.0993
21.0992
21.0991
21.0989
21.0988
21.0987
21.0985
21.0984
21.0983
21.0982
21.098
21.0979
21.0978
21.0977
21.0975
21.0974
21.0973
21.0972
21.097
21.0969
21.0968
21.0967
21.0965
21.0964
21.0963
21.0962
21.0961
21.0959
21.0958
21.0957
21.0956
21.0955
21.0954
21.0952
21.0951
21.095
21.0949
21.0948
21.0947
21.0946
21.0944
21.0943
21.0942
21.0941
21.094
21.0939
21.0938
21.0937
21.0936
21.0935
21.0933
21.0932
21.0931
21.093
21.0929
21.0928
21.0927
21.0926
21.0925
21.0924
21.0923
21.0922
21.0921
21.092
21.0919
21.0918
21.0917
21.0916
21.0915
21.0914
21.0913
21.0912
21.0911
21.091
21.0909
21.0908
21.0908
21.0907
21.0906
21.0905
21.0904
21.0903
21.0902
21.0901
21.09
21.0899
21.0899
21.0898
21.0897
21.0896
21.0895
21.0894
21.0893
21.0893
21.0892
21.0891
21.089
21.0889
21.0888
21.0888
21.0887
21.0886
21.0885
21.0884
21.0884
21.0883
21.0882
21.0881
21.0881
21.088
21.0879
21.0878
21.0878
21.0877
21.0876
21.0875
21.0875
21.0874
21.0873
21.0872
21.0872
21.0871
21.087
21.087
21.0869
21.0868
21.0868
21.0867
21.0866
21.0866
21.0865
21.0864
21.0864
21.0863
21.0863
21.0862
21.0861
21.0861
21.086
21.0859
21.0859
21.0858
21.0858
21.0857
21.0857
21.0856
21.0855
21.0855
21.0854
21.0854
21.0853
21.0853
21.0852
21.0852
21.0851
21.0851
21.085
21.085
21.0849
21.0849
21.0848
21.0848
21.0847
21.0847
21.0846
21.0846
21.0845
21.0845
21.0844
21.0844
21.0843
21.0843
21.0843
21.0842
21.0842
21.0841
21.0841
21.0841
21.084
21.084
21.0839
21.0839
21.0839
21.0838
21.0838
21.0838
21.0837
21.0837
21.0836
21.0836
21.0836
21.0835
21.0835
21.0835
21.0835
21.0834
21.0834
21.0834
21.0833
21.0833
21.0833
21.0832
21.0832
21.0832
21.0832
21.0831
21.0831
21.0831
21.0831
21.083
21.083
21.083
21.083
21.083
21.0829
21.0829
21.0829
21.0829
21.0829
21.0828
21.0828
21.0828
21.0828
21.0828
21.0828
21.0827
21.0827
21.0827
21.0827
21.0827
21.0827
21.0827
21.0827
21.0826
21.0826
21.0826
21.0826
21.0826
21.0826
21.0826
21.0826
21.0826
21.0826
21.0826
21.0826
21.0826
21.0826
21.0826
21.0825
21.0825
21.0825
21.0825
21.0825
21.0825
21.0825
21.0825
21.0825
21.0825
21.0825
21.0826
21.0826
21.0826
21.0826
21.0826
21.0826
21.0826
21.0826
21.0826
21.0826
21.0826
21.0826
21.0826
21.0826
21.0826
21.0827
21.0827
21.0827
21.0827
21.0827
21.0827
21.0827
21.0827
21.0828
21.0828
21.0828
21.0828
21.0828
21.0828
21.0829
21.0829
21.0829
21.0829
21.0829
21.083
21.083
21.083
21.083
21.083
21.0831
21.0831
21.0831
21.0831
21.0832
21.0832
21.0832
21.0832
21.0833
21.0833
21.0833
21.0834
21.0834
21.0834
21.0835
21.0835
21.0835
21.0835
21.0836
21.0836
21.0836
21.0837
21.0837
21.0838
21.0838
21.0838
21.0839
21.0839
21.0839
21.084
21.084
21.0841
21.0841
21.0841
21.0842
21.0842
21.0843
21.0843
21.0843
21.0844
21.0844
21.0845
21.0845
21.0846
21.0846
21.0847
21.0847
21.0848
21.0848
21.0849
21.0849
21.085
21.085
21.0851
21.0851
21.0852
21.0852
21.0853
21.0853
21.0854
21.0854
21.0855
21.0855
21.0856
21.0857
21.0857
21.0858
21.0858
21.0859
21.0859
21.086
21.0861
21.0861
21.0862
21.0863
21.0863
21.0864
21.0864
21.0865
21.0866
21.0866
21.0867
21.0868
21.0868
21.0869
21.087
21.087
21.0871
21.0872
21.0872
21.0873
21.0874
21.0875
21.0875
21.0876
21.0877
21.0878
21.0878
21.0879
21.088
21.0881
21.0881
21.0882
21.0883
21.0884
21.0884
21.0885
21.0886
21.0887
21.0888
21.0888
21.0889
21.089
21.0891
21.0892
21.0893
21.0893
21.0894
21.0895
21.0896
21.0897
21.0898
21.0899
21.0899
21.09
21.0901
21.0902
21.0903
21.0904
21.0905
21.0906
21.0907
21.0908
21.0908
21.0909
21.091
21.0911
21.0912
21.0913
21.0914
21.0915
21.0916
21.0917
21.0918
21.0919
21.092
21.0921
21.0922
21.0923
21.0924
21.0925
21.0926
21.0927
21.0928
21.0929
21.093
21.0931
21.0932
21.0933
21.0935
21.0936
21.0937
21.0938
21.0939
21.094
21.0941
21.0942
21.0943
21.0944
21.0946
21.0947
21.0948
21.0949
21.095
21.0951
21.0952
21.0954
21.0955
21.0956
21.0957
21.0958
21.0959
21.0961
21.0962
21.0963
21.0964
21.0965
21.0967
21.0968
21.0969
21.097
21.0972
21.0973
21.0974
21.0975
21.0977
21.0978
21.0979
21.098
21.0982
21.0983
21.0984
21.0985
21.0987
21.0988
21.0989
21.0991
21.0992
21.0993
21.0995
21.0996
21.0997
21.0999
21.1
21.1001
21.1003
21.1004
21.1006
21.1007
21.1008
21.101
21.1011
21.1013
21.1014
21.1015
21.1017
21.1018
21.102
21.1021
21.1022
21.1024
21.1025
21.1027
21.1028
21.103
21.1031
21.1033
21.1034
21.1036
21.1037
21.1039
21.104
21.1042
21.1043
21.1045
21.1046
21.1048
21.1049
21.1051
21.1052
21.1054
21.1055
21.1057
21.1059
21.106
21.1062
21.1063
21.1065
21.1067
21.1068
21.107
21.1071
21.1073
21.1075
21.1076
21.1078
21.1079
21.1081
21.1083
21.1084
21.1086
21.1088
21.1089
21.1091
21.1093
21.1094
21.1096
21.1098
21.1099
21.1101
21.1103
21.1105
21.1106
21.1108
21.111
21.1112
21.1113
21.1115
21.1117
21.1119
21.112
21.1122
21.1124
21.1126
21.1127
21.1129
21.1131
21.1133
21.1135
21.1136
21.1138
21.114
21.1142
21.1144
21.1146
21.1147
21.1149
21.1151
21.1153
21.1155
21.1157
21.1159
21.116
21.1162
21.1164
21.1166
21.1168
21.117
21.1172
21.1174
21.1176
21.1178
21.118
21.1181
21.1183
21.1185
21.1187
21.1189
21.1191
21.1193
21.1195
21.1197
21.1199
21.1201
21.1203
21.1205
21.1207
21.1209
21.1211
21.1213
21.1215
21.1217
21.1219
21.1221
21.1223
21.1225
21.1228
21.123
21.1232
21.1234
21.1236
21.1238
21.124
21.1242
21.1244
21.1246
21.1248
21.1251
21.1253
21.1255
21.1257
21.1259
21.1261
21.1263
21.1266
21.1268
21.127
21.1272
21.1274
21.1276
21.1279
21.1281
21.1283
21.1285
21.1287
21.129
21.1292
21.1294
21.1296
21.1299
21.1301
21.1303
21.1305
21.1308
21.131
21.1312
21.1314
21.1317
21.1319
21.1321
21.1324
21.1326
21.1328
21.1331
21.1333
21.1335
21.1338
21.134
21.1342
21.1345
21.1347
21.1349
21.1352
21.1354
21.1356
21.1359
21.1361
21.1364
21.1366
21.1368
21.1371
21.1373
21.1376
21.1378
21.138
21.1383
21.1385
21.1388
21.139
21.1393
21.1395
21.1398
21.14
21.1403
21.1405
21.1408
21.141
21.1412
21.1415
21.1418
21.142
21.1423
21.1425
21.1428
21.143
21.1433
21.1435
21.1438
21.144
21.1443
21.1445
21.1448
21.1451
21.1453
21.1456
21.1458
21.1461
21.1464
21.1466
21.1469
21.1471
21.1474
21.1477
21.1479
21.1482
21.1485
21.1487
21.149
21.1493
21.1495
21.1498
21.1501
21.1503
21.1506
21.1509
21.1512
21.1514
21.1517
21.152
21.1522
21.1525
21.1528
21.1531
21.1533
21.1536
21.1539
21.1542
21.1544
21.1547
21.155
21.1553
21.1556
21.1558
21.1561
21.1564
21.1567
21.157
21.1572
21.1575
21.1578
21.1581
21.1584
21.1587
21.159
21.1592
21.1595
21.1598
21.1601
21.1604
21.1607
21.161
21.1613
21.1616
21.1618
21.1621
21.1624
21.1627
21.163
21.1633
21.1636
21.1639
21.1642
21.1645
21.1648
21.1651
21.1654
21.1657
21.166
21.1663
21.1666
21.1669
21.1672
21.1675
21.1678
21.1681
21.1684
21.1687
21.169
21.1693
21.1696
21.1699
21.1702
21.1705
21.1708
21.1712
21.1715
21.1718
21.1721
21.1724
21.1727
21.173
21.1733
21.1736
21.174
21.1743
21.1746
21.1749
21.1752
21.1755
21.1758
21.1762
21.1765
21.1768
21.1771
21.1774
21.1778
21.1781
21.1784
21.1787
21.179
21.1794
21.1797
21.18
21.1803
21.1807
21.181
21.1813
21.1816
21.182
21.1823
21.1826
21.183
21.1833
21.1836
21.1839
21.1843
21.1846
21.1849
21.1853
21.1856
21.1859
21.1863
21.1866
21.1869
21.1873
21.1876
21.188
21.1883
21.1886
21.189
21.1893
21.1897
21.19
21.1903
21.1907
21.191
21.1914
21.1917
21.1921
21.1924
21.1927
21.1931
21.1934
21.1938
21.1941
21.1945
21.1948
21.1952
21.1955
21.1959
21.1962
21.1966
21.1969
21.1973
21.1976
21.198
21.1983
21.1987
21.1991
21.1994
21.1998
21.2001
21.2005
21.2008
21.2012
21.2016
21.2019
21.2023
21.2026
21.203
21.2034
21.2037
21.2041
21.2045
21.2048
21.2052
21.2055
21.2059
21.2063
21.2066
21.207
21.2074
21.2078
21.2081
21.2085
21.2089
21.2092
21.2096
21.21
21.2103
21.2107
21.2111
21.2115
21.2118
21.2122
21.2126
21.213
21.2134
21.2137
21.2141
21.2145
21.2149
21.2152
21.2156
21.216
21.2164
21.2168
21.2172
21.2175
21.2179
21.2183
21.2187
21.2191
21.2195
21.2199
21.2202
21.2206
21.221
21.2214
21.2218
21.2222
21.2226
21.223
21.2234
21.2238
21.2242
21.2245
21.2249
21.2253
21.2257
21.2261
21.2265
21.2269
21.2273
21.2277
21.2281
21.2285
21.2289
21.2293
21.2297
21.2301
21.2305
21.2309
21.2313
21.2317
21.2321
21.2325
21.2329
21.2334
21.2338
21.2342
21.2346
21.235
21.2354
21.2358
21.2362
21.2366
21.237
21.2375
21.2379
21.2383
21.2387
21.2391
21.2395
21.2399
21.2404
21.2408
21.2412
21.2416
21.242
21.2424
21.2429
21.2433
21.2437
21.2441
21.2445
21.245
21.2454
21.2458
21.2462
21.2467
21.2471
21.2475
21.2479
21.2484
21.2488
21.2492
21.2497
21.2501
21.2505
21.2509
21.2514
21.2518
21.2522
21.2527
21.2531
21.2535
21.254
21.2544
21.2548
21.2553
21.2557
21.2562
21.2566
21.257
21.2575
21.2579
21.2584
21.2588
21.2592
21.2597
21.2601
21.2606
21.261
21.2615
21.2619
21.2623
21.2628
21.2632
21.2637
21.2641
21.2646
21.265
21.2655
21.2659
21.2664
21.2668
21.2673
21.2677
21.2682
21.2687
21.2691
21.2696
21.27
21.2705
21.2709
21.2714
21.2718
21.2723
21.2728
21.2732
21.2737
21.2741
21.2746
21.2751
21.2755
21.276
21.2765
21.2769
21.2774
21.2779
21.2783
21.2788
21.2793
21.2797
21.2802
21.2807
21.2811
21.2816
21.2821
21.2825
21.283
21.2835
21.284
21.2844
21.2849
21.2854
21.2859
21.2863
21.2868
21.2873
21.2878
21.2883
21.2887
21.2892
21.2897
21.2902
21.2907
21.2911
21.2916
21.2921
21.2926
21.2931
21.2936
21.294
21.2945
21.295
21.2955
21.296
21.2965
21.297
21.2975
21.298
21.2984
21.2989
21.2994
21.2999
21.3004
21.3009
21.3014
21.3019
21.3024
21.3029
21.3034
21.3039
21.3044
21.3049
21.3054
21.3059
21.3064
21.3069
21.3074
21.3079
21.3084
21.3089
21.3094
21.3099
21.3104
21.3109
21.3114
21.3119
21.3124
21.313
21.3135
21.314
21.3145
21.315
21.3155
21.316
21.3165
21.317
21.3176
21.3181
21.3186
21.3191
21.3196
21.3201
21.3207
21.3212
21.3217
21.3222
21.3227
21.3233
21.3238
21.3243
21.3248
21.3253
21.3259
21.3264
21.3269
21.3274
21.328
21.3285
21.329
21.3295
21.3301
21.3306
21.3311
21.3317
21.3322
21.3327
21.3333
21.3338
21.3343
21.3349
21.3354
21.3359
21.3365
21.337
21.3375
21.3381
21.3386
21.3392
21.3397
21.3402
21.3408
21.3413
21.3419
21.3424
21.3429
21.3435
21.344
21.3446
21.3451
21.3457
21.3462
21.3468
21.3473
21.3479
21.3484
21.349
21.3495
21.3501
21.3506
21.3512
21.3517
21.3523
21.3528
21.3534
21.3539
21.3545
21.3551
21.3556
21.3562
21.3567
21.3573
21.3578
21.3584
21.359
21.3595
21.3601
21.3607
21.3612
21.3618
21.3624
21.3629
21.3635
21.364
21.3646
21.3652
21.3658
21.3663
21.3669
21.3675
21.368
21.3686
21.3692
21.3698
21.3703
21.3709
21.3715
21.372
21.3726
21.3732
21.3738
21.3744
21.3749
21.3755
21.3761
21.3767
21.3773
21.3778
21.3784
21.379
21.3796
21.3802
21.3808
21.3813
21.3819
21.3825
21.3831
21.3837
21.3843
21.3849
21.3855
21.386
21.3866
21.3872
21.3878
21.3884
21.389
21.3896
21.3902
21.3908
21.3914
21.392
21.3926
21.3932
21.3938
21.3944
21.395
21.3956
21.3962
21.3968
21.3974
21.398
21.3986
21.3992
21.3998
21.4004
21.401
21.4016
21.4022
21.4028
21.4034
21.4041
21.4047
21.4053
21.4059
21.4065
21.4071
21.4077
21.4083
21.409
21.4096
21.4102
21.4108
21.4114
21.412
21.4127
21.4133
21.4139
21.4145
21.4151
21.4158
21.4164
21.417
21.4176
21.4183
21.4189
21.4195
21.4201
21.4208
21.4214
21.422
21.4226
21.4233
21.4239
21.4245
21.4252
21.4258
21.4264
21.4271
21.4277
21.4283
21.429
21.4296
21.4302
21.4309
21.4315
21.4321
21.4328
21.4334
21.4341
21.4347
21.4354
21.436
21.4366
21.4373
21.4379
21.4386
21.4392
21.4399
21.4405
21.4412
21.4418
21.4425
21.4431
21.4438
21.4444
21.4451
21.4457
21.4464
21.447
21.4477
21.4483
21.449
21.4496
21.4503
21.4509
21.4516
21.4523
21.4529
21.4536
21.4542
21.4549
21.4556
21.4562
21.4569
21.4576
21.4582
21.4589
21.4595
21.4602
21.4609
21.4616
21.4622
21.4629
21.4636
21.4642
21.4649
21.4656
21.4662
21.4669
21.4676
21.4683
21.4689
21.4696
21.4703
21.471
21.4716
21.4723
21.473
21.4737
21.4744
21.475
21.4757
21.4764
21.4771
21.4778
21.4785
21.4791
21.4798
21.4805
21.4812
21.4819
21.4826
21.4833
21.484
21.4846
21.4853
21.486
21.4867
21.4874
21.4881
21.4888
21.4895
21.4902
21.4909
21.4916
21.4923
21.493
21.4937
21.4944
21.4951
21.4958
21.4965
21.4972
21.4979
21.4986
21.4993
21.5
21.5007
21.5014
21.5021
21.5028
21.5035
21.5043
21.505
21.5057
21.5064
21.5071
21.5078
21.5085
21.5092
21.5099
21.5107
21.5114
21.5121
21.5128
21.5135
21.5143
21.515
21.5157
21.5164
21.5171
21.5179
21.5186
21.5193
21.52
21.5207
21.5215
21.5222
21.5229
21.5237
21.5244
21.5251
21.5258
21.5266
21.5273
21.528
21.5288
21.5295
21.5302
21.531
21.5317
21.5324
21.5332
21.5339
21.5347
21.5354
21.5361
21.5369
21.5376
21.5384
21.5391
21.5398
21.5406
21.5413
21.5421
21.5428
21.5436
21.5443
21.5451
21.5458
21.5466
21.5473
21.5481
21.5488
21.5496
21.5503
21.5511
21.5518
21.5526
21.5533
21.5541
21.5548
21.5556
21.5563
21.5571
21.5579
21.5586
21.5594
21.5601
21.5609
21.5617
21.5624
21.5632
21.564
21.5647
21.5655
21.5663
21.567
21.5678
21.5686
21.5693
21.5701
21.5709
21.5717
21.5724
21.5732
21.574
21.5748
21.5755
21.5763
21.5771
21.5779
21.5786
21.5794
21.5802
21.581
21.5818
21.5825
21.5833
21.5841
21.5849
21.5857
21.5865
21.5872
21.588
21.5888
21.5896
21.5904
21.5912
21.592
21.5928
21.5936
21.5944
21.5951
21.5959
21.5967
21.5975
21.5983
21.5991
21.5999
21.6007
21.6015
21.6023
21.6031
21.6039
21.6047
21.6055
21.6063
21.6071
21.6079
21.6087
21.6095
21.6104
21.6112
21.612
21.6128
21.6136
21.6144
21.6152
21.616
21.6168
21.6176
21.6185
21.6193
21.6201
21.6209
21.6217
21.6225
21.6234
21.6242
21.625
21.6258
21.6266
21.6275
21.6283
21.6291
21.6299
21.6308
21.6316
21.6324
21.6332
21.6341
21.6349
21.6357
21.6366
21.6374
21.6382
21.6391
21.6399
21.6407
21.6416
21.6424
21.6432
21.6441
21.6449
21.6457
21.6466
21.6474
21.6483
21.6491
21.6499
21.6508
21.6516
21.6525
21.6533
21.6542
21.655
21.6559
21.6567
21.6576
21.6584
21.6593
21.6601
21.661
21.6618
21.6627
21.6635
21.6644
21.6652
21.6661
21.6669
21.6678
21.6687
21.6695
21.6704
21.6712
21.6721
21.673
21.6738
21.6747
21.6755
21.6764
21.6773
21.6781
21.679
21.6799
21.6807
21.6816
21.6825
21.6834
21.6842
21.6851
21.686
21.6869
21.6877
21.6886
21.6895
21.6904
21.6912
21.6921
21.693
21.6939
21.6948
21.6956
21.6965
21.6974
21.6983
21.6992
21.7001
21.7009
21.7018
21.7027
21.7036
21.7045
21.7054
21.7063
21.7072
21.7081
21.709
21.7098
21.7107
21.7116
21.7125
21.7134
21.7143
21.7152
21.7161
21.717
21.7179
21.7188
21.7197
21.7206
21.7215
21.7224
21.7233
21.7243
21.7252
21.7261
21.727
21.7279
21.7288
21.7297
21.7306
21.7315
21.7324
21.7334
21.7343
21.7352
21.7361
21.737
21.7379
21.7389
21.7398
21.7407
21.7416
21.7425
21.7435
21.7444
21.7453
21.7462
21.7472
21.7481
21.749
21.7499
21.7509
21.7518
21.7527
21.7537
21.7546
21.7555
21.7565
21.7574
21.7583
21.7593
21.7602
21.7611
21.7621
21.763
21.764
21.7649
21.7658
21.7668
21.7677
21.7687
21.7696
21.7706
21.7715
21.7725
21.7734
21.7744
21.7753
21.7763
21.7772
21.7782
21.7791
21.7801
21.781
21.782
21.7829
21.7839
21.7848
21.7858
21.7868
21.7877
21.7887
21.7896
21.7906
21.7916
21.7925
21.7935
21.7945
21.7954
21.7964
21.7974
21.7983
21.7993
21.8003
21.8012
21.8022
21.8032
21.8042
21.8051
21.8061
21.8071
21.8081
21.809
21.81
21.811
21.812
21.813
21.8139
21.8149
21.8159
21.8169
21.8179
21.8189
21.8198
21.8208
21.8218
21.8228
21.8238
21.8248
21.8258
21.8268
21.8278
21.8288
21.8298
21.8308
21.8318
21.8327
21.8337
21.8347
21.8357
21.8367
21.8377
21.8388
21.8398
21.8408
21.8418
21.8428
21.8438
21.8448
21.8458
21.8468
21.8478
21.8488
21.8498
21.8508
21.8519
21.8529
21.8539
21.8549
21.8559
21.8569
21.858
21.859
21.86
21.861
21.862
21.8631
21.8641
21.8651
21.8661
21.8672
21.8682
21.8692
21.8702
21.8713
21.8723
21.8733
21.8744
21.8754
21.8764
21.8775
21.8785
21.8795
21.8806
21.8816
21.8826
21.8837
21.8847
21.8858
21.8868
21.8878
21.8889
21.8899
21.891
21.892
21.8931
21.8941
21.8952
21.8962
21.8973
21.8983
21.8994
21.9004
21.9015
21.9025
21.9036
21.9047
21.9057
21.9068
21.9078
21.9089
21.9099
21.911
21.9121
21.9131
21.9142
21.9153
21.9163
21.9174
21.9185
21.9195
21.9206
21.9217
21.9227
21.9238
21.9249
21.926
21.927
21.9281
21.9292
21.9303
21.9313
21.9324
21.9335
21.9346
21.9357
21.9368
21.9378
21.9389
21.94
21.9411
21.9422
21.9433
21.9444
21.9454
21.9465
21.9476
21.9487
21.9498
21.9509
21.952
21.9531
21.9542
21.9553
21.9564
21.9575
21.9586
21.9597
21.9608
21.9619
21.963
21.9641
21.9652
21.9663
21.9674
21.9685
21.9696
21.9708
21.9719
21.973
21.9741
21.9752
21.9763
21.9774
21.9786
21.9797
21.9808
21.9819
21.983
21.9841
21.9853
21.9864
21.9875
21.9886
21.9898
21.9909
21.992
21.9932
21.9943
21.9954
21.9965
21.9977
21.9988
21.9999
22.0011
22.0022
22.0033
22.0045
22.0056
22.0068
22.0079
22.009
22.0102
22.0113
22.0125
22.0136
22.0148
22.0159
22.0171
22.0182
22.0194
22.0205
22.0217
22.0228
22.024
22.0251
22.0263
22.0274
22.0286
22.0297
22.0309
22.0321
22.0332
22.0344
22.0356
22.0367
22.0379
22.039
22.0402
22.0414
22.0425
22.0437
22.0449
22.0461
22.0472
22.0484
22.0496
22.0507
22.0519
22.0531
22.0543
22.0555
22.0566
22.0578
22.059
22.0602
22.0614
22.0626
22.0637
22.0649
22.0661
22.0673
22.0685
22.0697
22.0709
22.0721
22.0733
22.0744
22.0756
22.0768
22.078
22.0792
22.0804
22.0816
22.0828
22.084
22.0852
22.0864
22.0876
22.0888
22.0901
22.0913
22.0925
22.0937
22.0949
22.0961
22.0973
22.0985
22.0997
22.101
22.1022
22.1034
22.1046
22.1058
22.107
22.1083
22.1095
22.1107
22.1119
22.1132
22.1144
22.1156
22.1168
22.1181
22.1193
22.1205
22.1218
22.123
22.1242
22.1255
22.1267
22.1279
22.1292
22.1304
22.1317
22.1329
22.1341
22.1354
22.1366
22.1379
22.1391
22.1404
22.1416
22.1429
22.1441
22.1454
22.1466
22.1479
22.1491
22.1504
22.1516
22.1529
22.1541
22.1554
22.1567
22.1579
22.1592
22.1604
22.1617
22.163
22.1642
22.1655
22.1668
22.168
22.1693
22.1706
22.1719
22.1731
22.1744
22.1757
22.177
22.1782
22.1795
22.1808
22.1821
22.1833
22.1846
22.1859
22.1872
22.1885
22.1898
22.1911
22.1923
22.1936
22.1949
22.1962
22.1975
22.1988
22.2001
22.2014
22.2027
22.204
22.2053
22.2066
22.2079
22.2092
22.2105
22.2118
22.2131
22.2144
22.2157
22.217
22.2183
22.2196
22.2209
22.2223
22.2236
22.2249
22.2262
22.2275
22.2288
22.2302
22.2315
22.2328
22.2341
22.2354
22.2368
22.2381
22.2394
22.2407
22.2421
22.2434
22.2447
22.2461
22.2474
22.2487
22.2501
22.2514
22.2527
22.2541
22.2554
22.2568
22.2581
22.2594
22.2608
22.2621
22.2635
22.2648
22.2662
22.2675
22.2689
22.2702
22.2716
22.2729
22.2743
22.2756
22.277
22.2783
22.2797
22.2811
22.2824
22.2838
22.2851
22.2865
22.2879
22.2892
22.2906
22.292
22.2933
22.2947
22.2961
22.2974
22.2988
22.3002
22.3016
22.3029
22.3043
22.3057
22.3071
22.3085
22.3099
22.3112
22.3126
22.314
22.3154
22.3168
22.3182
22.3196
22.3209
22.3223
22.3237
22.3251
22.3265
22.3279
22.3293
22.3307
22.3321
22.3335
22.3349
22.3363
22.3377
22.3391
22.3405
22.342
22.3434
22.3448
22.3462
22.3476
22.349
22.3504
22.3518
22.3533
22.3547
22.3561
22.3575
22.3589
22.3604
22.3618
22.3632
22.3646
22.3661
22.3675
22.3689
22.3704
22.3718
22.3732
22.3747
22.3761
22.3775
22.379
22.3804
22.3818
22.3833
22.3847
22.3862
22.3876
22.3891
22.3905
22.392
22.3934
22.3949
22.3963
22.3978
22.3992
22.4007
22.4021
22.4036
22.405
22.4065
22.408
22.4094
22.4109
22.4124
22.4138
22.4153
22.4168
22.4182
22.4197
22.4212
22.4226
22.4241
22.4256
22.4271
22.4285
22.43
22.4315
22.433
22.4345
22.436
22.4374
22.4389
22.4404
22.4419
22.4434
22.4449
22.4464
22.4479
22.4494
22.4509
22.4524
22.4538
22.4553
22.4568
22.4584
22.4599
22.4614
22.4629
22.4644
22.4659
22.4674
22.4689
22.4704
22.4719
22.4734
22.475
22.4765
22.478
22.4795
22.481
22.4825
22.4841
22.4856
22.4871
22.4886
22.4902
22.4917
22.4932
22.4948
22.4963
22.4978
22.4994
22.5009
22.5024
22.504
22.5055
22.5071
22.5086
22.5101
22.5117
22.5132
22.5148
22.5163
22.5179
22.5194
22.521
22.5225
22.5241
22.5256
22.5272
22.5288
22.5303
22.5319
22.5335
22.535
22.5366
22.5381
22.5397
22.5413
22.5429
22.5444
22.546
22.5476
22.5491
22.5507
22.5523
22.5539
22.5555
22.557
22.5586
22.5602
22.5618
22.5634
22.565
22.5666
22.5682
22.5697
22.5713
22.5729
22.5745
22.5761
22.5777
22.5793
22.5809
22.5825
22.5841
22.5857
22.5873
22.589
22.5906
22.5922
22.5938
22.5954
22.597
22.5986
22.6002
22.6019
22.6035
22.6051
22.6067
22.6084
22.61
22.6116
22.6132
22.6149
22.6165
22.6181
22.6198
22.6214
22.623
22.6247
22.6263
22.6279
22.6296
22.6312
22.6329
22.6345
22.6362
22.6378
22.6395
22.6411
22.6428
22.6444
22.6461
22.6477
22.6494
22.651
22.6527
22.6544
22.656
22.6577
22.6594
22.661
22.6627
22.6644
22.666
22.6677
22.6694
22.6711
22.6727
22.6744
22.6761
22.6778
22.6795
22.6811
22.6828
22.6845
22.6862
22.6879
22.6896
22.6913
22.693
22.6947
22.6964
22.6981
22.6998
22.7015
22.7032
22.7049
22.7066
22.7083
22.71
22.7117
22.7134
22.7151
22.7168
22.7185
22.7203
22.722
22.7237
22.7254
22.7271
22.7289
22.7306
22.7323
22.734
22.7358
22.7375
22.7392
22.741
22.7427
22.7444
22.7462
22.7479
22.7497
22.7514
22.7531
22.7549
22.7566
22.7584
22.7601
22.7619
22.7636
22.7654
22.7671
22.7689
22.7707
22.7724
22.7742
22.7759
22.7777
22.7795
22.7812
22.783
22.7848
22.7865
22.7883
22.7901
22.7919
22.7936
22.7954
22.7972
22.799
22.8008
22.8026
22.8043
22.8061
22.8079
22.8097
22.8115
22.8133
22.8151
22.8169
22.8187
22.8205
22.8223
22.8241
22.8259
22.8277
22.8295
22.8313
22.8331
22.8349
22.8368
22.8386
22.8404
22.8422
22.844
22.8459
22.8477
22.8495
22.8513
22.8532
22.855
22.8568
22.8586
22.8605
22.8623
22.8642
22.866
22.8678
22.8697
22.8715
22.8734
22.8752
22.8771
22.8789
22.8808
22.8826
22.8845
22.8863
22.8882
22.89
22.8919
22.8938
22.8956
22.8975
22.8994
22.9012
22.9031
22.905
22.9068
22.9087
22.9106
22.9125
22.9143
22.9162
22.9181
22.92
22.9219
22.9238
22.9257
22.9276
22.9294
22.9313
22.9332
22.9351
22.937
22.9389
22.9408
22.9427
22.9446
22.9466
22.9485
22.9504
22.9523
22.9542
22.9561
22.958
22.96
22.9619
22.9638
22.9657
22.9676
22.9696
22.9715
22.9734
22.9754
22.9773
22.9792
22.9812
22.9831
22.985
22.987
22.9889
22.9909
22.9928
22.9948
22.9967
22.9987
23.0006
23.0026
23.0045
23.0065
23.0085
23.0104
23.0124
23.0144
23.0163
23.0183
23.0203
23.0222
23.0242
23.0262
23.0282
23.0301
23.0321
23.0341
23.0361
23.0381
23.0401
23.0421
23.0441
23.0461
23.048
23.05
23.052
23.054
23.056
23.058
23.0601
23.0621
23.0641
23.0661
23.0681
23.0701
23.0721
23.0741
23.0762
23.0782
23.0802
23.0822
23.0843
23.0863
23.0883
23.0904
23.0924
23.0944
23.0965
23.0985
23.1005
23.1026
23.1046
23.1067
23.1087
23.1108
23.1128
23.1149
23.1169
23.119
23.1211
23.1231
23.1252
23.1273
23.1293
23.1314
23.1335
23.1355
23.1376
23.1397
23.1418
23.1438
23.1459
23.148
23.1501
23.1522
23.1543
23.1564
23.1584
23.1605
23.1626
23.1647
23.1668
23.1689
23.171
23.1732
23.1753
23.1774
23.1795
23.1816
23.1837
23.1858
23.1879
23.1901
23.1922
23.1943
23.1964
23.1986
23.2007
23.2028
23.205
23.2071
23.2092
23.2114
23.2135
23.2157
23.2178
23.22
23.2221
23.2243
23.2264
23.2286
23.2307
23.2329
23.2351
23.2372
23.2394
23.2416
23.2437
23.2459
23.2481
23.2502
23.2524
23.2546
23.2568
23.259
23.2612
23.2633
23.2655
23.2677
23.2699
23.2721
23.2743
23.2765
23.2787
23.2809
23.2831
23.2853
23.2875
23.2897
23.292
23.2942
23.2964
23.2986
23.3008
23.3031
23.3053
23.3075
23.3097
23.312
23.3142
23.3164
23.3187
23.3209
23.3232
23.3254
23.3277
23.3299
23.3322
23.3344
23.3367
23.3389
23.3412
23.3434
23.3457
23.348
23.3502
23.3525
23.3548
23.3571
23.3593
23.3616
23.3639
23.3662
23.3685
23.3707
23.373
23.3753
23.3776
23.3799
23.3822
23.3845
23.3868
23.3891
23.3914
23.3937
23.396
23.3983
23.4007
23.403
23.4053
23.4076
23.4099
23.4123
23.4146
23.4169
23.4192
23.4216
23.4239
23.4263
23.4286
23.4309
23.4333
23.4356
23.438
23.4403
23.4427
23.445
23.4474
23.4498
23.4521
23.4545
23.4569
23.4592
23.4616
23.464
23.4663
23.4687
23.4711
23.4735
23.4759
23.4783
23.4807
23.483
23.4854
23.4878
23.4902
23.4926
23.495
23.4974
23.4999
23.5023
23.5047
23.5071
23.5095
23.5119
23.5143
23.5168
23.5192
23.5216
23.5241
23.5265
23.5289
23.5314
23.5338
23.5363
23.5387
23.5411
23.5436
23.546
23.5485
23.551
23.5534
23.5559
23.5583
23.5608
23.5633
23.5658
23.5682
23.5707
23.5732
23.5757
23.5781
23.5806
23.5831
23.5856
23.5881
23.5906
23.5931
23.5956
23.5981
23.6006
23.6031
23.6056
23.6081
23.6107
23.6132
23.6157
23.6182
23.6207
23.6233
23.6258
23.6283
23.6309
23.6334
23.6359
23.6385
23.641
23.6436
23.6461
23.6487
23.6512
23.6538
23.6564
23.6589
23.6615
23.6641
23.6666
23.6692
23.6718
23.6744
23.6769
23.6795
23.6821
23.6847
23.6873
23.6899
23.6925
23.6951
23.6977
23.7003
23.7029
23.7055
23.7081
23.7107
23.7133
23.716
23.7186
23.7212
23.7238
23.7265
23.7291
23.7317
23.7344
23.737
23.7397
23.7423
23.7449
23.7476
23.7503
23.7529
23.7556
23.7582
23.7609
23.7636
23.7662
23.7689
23.7716
23.7743
23.7769
23.7796
23.7823
23.785
23.7877
23.7904
23.7931
23.7958
23.7985
23.8012
23.8039
23.8066
23.8093
23.8121
23.8148
23.8175
23.8202
23.823
23.8257
23.8284
23.8312
23.8339
23.8366
23.8394
23.8421
23.8449
23.8476
23.8504
23.8531
23.8559
23.8587
23.8614
23.8642
23.867
23.8698
23.8725
23.8753
23.8781
23.8809
23.8837
23.8865
23.8893
23.8921
23.8949
23.8977
23.9005
23.9033
23.9061
23.9089
23.9118
23.9146
23.9174
23.9202
23.9231
23.9259
23.9288
23.9316
23.9344
23.9373
23.9401
23.943
23.9458
23.9487
23.9516
23.9544
23.9573
23.9602
23.963
23.9659
23.9688
23.9717
23.9746
23.9775
23.9804
23.9833
23.9862
23.9891
23.992
23.9949
23.9978
24.0007
24.0036
24.0065
24.0095
24.0124
24.0153
24.0183
24.0212
24.0241
24.0271
24.03
24.033
24.0359
24.0389
24.0418
24.0448
24.0478
24.0507
24.0537
24.0567
24.0597
24.0626
24.0656
24.0686
24.0716
24.0746
24.0776
24.0806
24.0836
24.0866
24.0896
24.0926
24.0957
24.0987
24.1017
24.1047
24.1078
24.1108
24.1138
24.1169
24.1199
24.123
24.126
24.1291
24.1321
24.1352
24.1383
24.1413
24.1444
24.1475
24.1506
24.1536
24.1567
24.1598
24.1629
24.166
24.1691
24.1722
24.1753
24.1784
24.1815
24.1846
24.1878
24.1909
24.194
24.1971
24.2003
24.2034
24.2066
24.2097
24.2129
24.216
24.2192
24.2223
24.2255
24.2286
24.2318
24.235
24.2382
24.2413
24.2445
24.2477
24.2509
24.2541
24.2573
24.2605
24.2637
24.2669
24.2701
24.2734
24.2766
24.2798
24.283
24.2863
24.2895
24.2927
24.296
24.2992
24.3025
24.3057
24.309
24.3122
24.3155
24.3188
24.3221
24.3253
24.3286
24.3319
24.3352
24.3385
24.3418
24.3451
24.3484
24.3517
24.355
24.3583
24.3616
24.3649
24.3683
24.3716
24.3749
24.3783
24.3816
24.385
24.3883
24.3917
24.395
24.3984
24.4018
24.4051
24.4085
24.4119
24.4153
24.4187
24.422
24.4254
24.4288
24.4322
24.4356
24.4391
24.4425
24.4459
24.4493
24.4527
24.4562
24.4596
24.463
24.4665
24.4699
24.4734
24.4768
24.4803
24.4838
24.4872
24.4907
24.4942
24.4977
24.5012
24.5046
24.5081
24.5116
24.5151
24.5186
24.5222
24.5257
24.5292
24.5327
24.5362
24.5398
24.5433
24.5468
24.5504
24.5539
24.5575
24.5611
24.5646
24.5682
24.5718
24.5753
24.5789
24.5825
24.5861
24.5897
24.5933
24.5969
24.6005
24.6041
24.6077
24.6113
24.615
24.6186
24.6222
24.6259
24.6295
24.6332
24.6368
24.6405
24.6441
24.6478
24.6515
24.6551
24.6588
24.6625
24.6662
24.6699
24.6736
24.6773
24.681
24.6847
24.6884
24.6921
24.6959
24.6996
24.7033
24.7071
24.7108
24.7146
24.7183
24.7221
24.7259
24.7296
24.7334
24.7372
24.741
24.7448
24.7486
24.7524
24.7562
24.76
24.7638
24.7676
24.7714
24.7753
24.7791
24.7829
24.7868
24.7906
24.7945
24.7983
24.8022
24.8061
24.8099
24.8138
24.8177
24.8216
24.8255
24.8294
24.8333
24.8372
24.8411
24.845
24.849
24.8529
24.8568
24.8608
24.8647
24.8687
24.8726
24.8766
24.8806
24.8845
24.8885
24.8925
24.8965
24.9005
24.9045
24.9085
24.9125
24.9165
24.9205
24.9246
24.9286
24.9326
24.9367
24.9407
24.9448
24.9488
24.9529
24.957
24.961
24.9651
24.9692
24.9733
24.9774
24.9815
24.9856
24.9897
24.9938
24.998
25.0021
25.0062
25.0104
25.0145
25.0187
25.0229
25.027
25.0312
25.0354
25.0396
25.0437
25.0479
25.0521
25.0564
25.0606
25.0648
25.069
25.0732
25.0775
25.0817
25.086
25.0902
25.0945
25.0988
25.103
25.1073
25.1116
25.1159
25.1202
25.1245
25.1288
25.1331
25.1374
25.1418
25.1461
25.1504
25.1548
25.1591
25.1635
25.1678
25.1722
25.1766
25.181
25.1854
25.1898
25.1942
25.1986
25.203
25.2074
25.2118
25.2163
25.2207
25.2252
25.2296
25.2341
25.2386
25.243
25.2475
25.252
25.2565
25.261
25.2655
25.27
25.2745
25.2791
25.2836
25.2881
25.2927
25.2972
25.3018
25.3064
25.3109
25.3155
25.3201
25.3247
25.3293
25.3339
25.3385
25.3432
25.3478
25.3524
25.3571
25.3617
25.3664
25.371
25.3757
25.3804
25.3851
25.3898
25.3945
25.3992
25.4039
25.4086
25.4133
25.4181
25.4228
25.4276
25.4323
25.4371
25.4419
25.4466
25.4514
25.4562
25.461
25.4658
25.4707
25.4755
25.4803
25.4852
25.49
25.4949
25.4997
25.5046
25.5095
25.5144
25.5192
25.5241
25.5291
25.534
25.5389
25.5438
25.5488
25.5537
25.5587
25.5636
25.5686
25.5736
25.5786
25.5836
25.5886
25.5936
25.5986
25.6036
25.6087
25.6137
25.6188
25.6238
25.6289
25.634
25.639
25.6441
25.6492
25.6543
25.6595
25.6646
25.6697
25.6749
25.68
25.6852
25.6903
25.6955
25.7007
25.7059
25.7111
25.7163
25.7215
25.7268
25.732
25.7372
25.7425
25.7478
25.753
25.7583
25.7636
25.7689
25.7742
25.7795
25.7848
25.7902
25.7955
25.8009
25.8062
25.8116
25.817
25.8224
25.8278
25.8332
25.8386
25.844
25.8495
25.8549
25.8604
25.8658
25.8713
25.8768
25.8823
25.8878
25.8933
25.8988
25.9043
25.9099
25.9154
25.921
25.9265
25.9321
25.9377
25.9433
25.9489
25.9545
25.9602
25.9658
25.9714
25.9771
25.9828
25.9884
25.9941
25.9998
26.0055
26.0112
26.017
26.0227
26.0285
26.0342
26.04
26.0458
26.0516
26.0574
26.0632
26.069
26.0748
26.0807
26.0865
26.0924
26.0983
26.1041
26.11
26.1159
26.1219
26.1278
26.1337
26.1397
26.1456
26.1516
26.1576
26.1636
26.1696
26.1756
26.1816
26.1877
26.1937
26.1998
26.2059
26.212
26.2181
26.2242
26.2303
26.2364
26.2426
26.2487
26.2549
26.2611
26.2672
26.2734
26.2797
26.2859
26.2921
26.2984
26.3046
26.3109
26.3172
26.3235
26.3298
26.3361
26.3425
26.3488
26.3552
26.3615
26.3679
26.3743
26.3807
26.3871
26.3936
26.4
26.4065
26.413
26.4194
26.4259
26.4324
26.439
26.4455
26.4521
26.4586
26.4652
26.4718
26.4784
26.485
26.4916
26.4983
26.5049
26.5116
26.5183
26.525
26.5317
26.5384
26.5452
26.5519
26.5587
26.5655
26.5723
26.5791
26.5859
26.5927
26.5996
26.6064
26.6133
26.6202
26.6271
26.634
26.641
26.6479
26.6549
26.6619
26.6689
26.6759
26.6829
26.6899
26.697
26.7041
26.7112
26.7183
26.7254
26.7325
26.7396
26.7468
26.754
26.7612
26.7684
26.7756
26.7828
26.7901
26.7974
26.8047
26.812
26.8193
26.8266
26.834
26.8413
26.8487
26.8561
26.8635
26.871
26.8784
26.8859
26.8934
26.9009
26.9084
26.9159
26.9235
26.931
26.9386
26.9462
26.9538
26.9615
26.9691
26.9768
26.9845
26.9922
26.9999
27.0077
27.0154
27.0232
27.031
27.0388
27.0467
27.0545
27.0624
27.0703
27.0782
27.0861
27.094
27.102
27.11
27.118
27.126
27.134
27.1421
27.1502
27.1583
27.1664
27.1745
27.1827
27.1908
27.199
27.2072
27.2155
27.2237
27.232
27.2403
27.2486
27.2569
27.2653
27.2737
27.2821
27.2905
27.2989
27.3074
27.3159
27.3244
27.3329
27.3414
27.35
27.3586
27.3672
27.3758
27.3845
27.3931
27.4018
27.4106
27.4193
27.4281
27.4368
27.4457
27.4545
27.4633
27.4722
27.4811
27.49
27.499
27.5079
27.5169
27.526
27.535
27.5441
27.5531
27.5623
27.5714
27.5806
27.5897
27.5989
27.6082
27.6174
27.6267
27.636
27.6454
27.6547
27.6641
27.6735
27.6829
27.6924
27.7019
27.7114
27.721
27.7305
27.7401
27.7497
27.7594
27.769
27.7787
27.7885
27.7982
27.808
27.8178
27.8277
27.8375
27.8474
27.8573
27.8673
27.8773
27.8873
27.8973
27.9074
27.9175
27.9276
27.9377
27.9479
27.9581
27.9684
27.9786
27.9889
27.9993
28.0096
28.02
28.0304
28.0409
28.0514
28.0619
28.0725
28.083
28.0936
28.1043
28.115
28.1257
28.1364
28.1472
28.158
28.1689
28.1797
28.1906
28.2016
28.2126
28.2236
28.2346
28.2457
28.2568
28.268
28.2791
28.2904
28.3016
28.3129
28.3242
28.3356
28.347
28.3585
28.3699
28.3814
28.393
28.4046
28.4162
28.4279
28.4396
28.4513
28.4631
28.4749
28.4868
28.4987
28.5106
28.5226
28.5346
28.5467
28.5588
28.5709
28.5831
28.5953
28.6076
28.6199
28.6322
28.6446
28.657
28.6695
28.682
28.6946
28.7072
28.7199
28.7326
28.7453
28.7581
28.7709
28.7838
28.7968
28.8097
28.8227
28.8358
28.8489
28.8621
28.8753
28.8886
28.9019
28.9152
28.9286
28.9421
28.9556
28.9692
28.9828
28.9964
29.0101
29.0239
29.0377
29.0516
29.0655
29.0795
29.0935
29.1076
29.1217
29.1359
29.1502
29.1645
29.1789
29.1933
29.2077
29.2223
29.2369
29.2515
29.2662
29.281
29.2958
29.3107
29.3257
29.3407
29.3557
29.3709
29.3861
29.4013
29.4167
29.432
29.4475
29.463
29.4786
29.4942
29.51
29.5257
29.5416
29.5575
29.5735
29.5895
29.6057
29.6219
29.6381
29.6545
29.6709
29.6874
29.7039
29.7206
29.7373
29.7541
29.7709
29.7879
29.8049
29.822
29.8391
29.8564
29.8737
29.8911
29.9086
29.9262
29.9439
29.9616
29.9795
29.9974
30.0154
30.0335
30.0516
30.0699
30.0882
30.1067
30.1252
30.1439
30.1626
30.1814
30.2003
30.2193
30.2384
30.2576
30.2769
30.2963
30.3158
30.3354
30.3551
30.3749
30.3948
30.4148
30.4349
30.4551
30.4755
30.4959
30.5165
30.5371
30.5579
30.5788
30.5998
30.6209
30.6422
30.6636
30.685
30.7066
30.7284
30.7502
30.7722
30.7943
30.8165
30.8389
30.8614
30.884
30.9068
30.9297
30.9527
30.9759
30.9992
31.0227
31.0463
31.0701
31.0939
31.118
31.1422
31.1665
31.1911
31.2157
31.2405
31.2655
31.2907
31.316
31.3415
31.3671
31.3929
31.4189
31.4451
31.4714
31.4979
31.5246
31.5515
31.5786
31.6059
31.6333
31.661
31.6888
31.7169
31.7451
31.7736
31.8023
31.8312
31.8603
31.8896
31.9191
31.9489
31.9789
32.0091
32.0395
32.0702
32.1012
32.1323
32.1638
32.1954
32.2274
32.2596
32.292
32.3248
32.3578
32.3911
32.4246
32.4585
32.4926
32.5271
32.5618
32.5969
32.6322
32.6679
32.7039
32.7403
32.7769
32.8139
32.8513
32.889
32.9271
32.9655
33.0043
33.0435
33.0831
33.1231
33.1635
33.2043
33.2455
33.2871
33.3292
33.3717
33.4147
33.4581
33.5021
33.5465
33.5914
33.6368
33.6827
33.7291
33.7761
33.8236
33.8718
33.9204
33.9697
34.0196
34.0701
34.1213
34.1731
34.2255
34.2787
34.3326
34.3871
34.4425
34.4985
34.5554
34.6131
34.6716
34.731
34.7912
34.8523
34.9144
34.9774
35.0414
35.1064
35.1725
35.2397
35.3079
35.3774
35.448
35.5198
35.593
35.6675
35.7433
35.8206
35.8993
35.9796
36.0615
36.145
36.2303
36.3173
36.4063
36.4972
36.5902
36.6853
36.7826
36.8824
36.9845
37.0893
37.1968
37.3072
37.4207
37.5373
37.6574
37.781
37.9085
38.0401
38.176
38.3167
38.4623
38.6133
38.7701
38.9332
39.1032
39.2806
39.4662
39.6609
39.8655
40.0814
40.3098
40.5525
40.8116
41.0898
41.3907
41.7191
42.0816
42.4886
42.9569
43.518
44.2438
45.3664
48.6727
40.9179
44.4649
48.2654
48.2647
52.8855
53.3426
47.2559
44.1619
47.2651
53.3435
52.8816
48.2536
48.2615
44.4381
40.8969
48.6627
45.3444
44.2151
43.484
42.9181
42.4453
42.034
41.6673
41.3349
41.0299
40.7477
40.4846
40.2379
40.0056
39.7859
39.5773
39.3788
39.1893
39.008
38.8342
38.6673
38.5066
38.3518
38.2023
38.0579
37.9181
37.7827
37.6514
37.524
37.4001
37.2797
37.1624
37.0482
36.9369
36.8284
36.7224
36.6189
36.5177
36.4188
36.3221
36.2274
36.1346
36.0438
35.9547
35.8674
35.7818
35.6977
35.6152
35.5341
35.4545
35.3763
35.2993
35.2237
35.1493
35.0761
35.004
34.9331
34.8632
34.7944
34.7267
34.6599
34.594
34.5291
34.4651
34.402
34.3397
34.2782
34.2176
34.1577
34.0986
34.0402
33.9826
33.9257
33.8694
33.8138
33.7589
33.7046
33.651
33.5979
33.5454
33.4935
33.4422
33.3914
33.3412
33.2915
33.2423
33.1936
33.1455
33.0978
33.0505
33.0038
32.9574
32.9116
32.8662
32.8212
32.7766
32.7324
32.6886
32.6453
32.6023
32.5597
32.5174
32.4756
32.4341
32.3929
32.3521
32.3117
32.2715
32.2317
32.1922
32.1531
32.1142
32.0757
32.0374
31.9995
31.9618
31.9245
31.8874
31.8506
31.814
31.7778
31.7418
31.706
31.6705
31.6353
31.6003
31.5656
31.5311
31.4968
31.4628
31.429
31.3954
31.3621
31.3289
31.296
31.2633
31.2308
31.1986
31.1665
31.1346
31.1029
31.0715
31.0402
31.0091
30.9782
30.9475
30.9169
30.8866
30.8564
30.8264
30.7966
30.767
30.7375
30.7082
30.679
30.6501
30.6213
30.5926
30.5641
30.5358
30.5076
30.4795
30.4516
30.4239
30.3963
30.3689
30.3416
30.3144
30.2874
30.2605
30.2337
30.2071
30.1806
30.1543
30.1281
30.102
30.076
30.0502
30.0245
29.9989
29.9734
29.9481
29.9229
29.8978
29.8728
29.8479
29.8231
29.7985
29.7739
29.7495
29.7252
29.701
29.6769
29.6529
29.629
29.6052
29.5816
29.558
29.5345
29.5111
29.4879
29.4647
29.4416
29.4186
29.3957
29.3729
29.3502
29.3276
29.3051
29.2827
29.2603
29.2381
29.2159
29.1939
29.1719
29.15
29.1281
29.1064
29.0848
29.0632
29.0417
29.0203
28.999
28.9777
28.9566
28.9355
28.9145
28.8936
28.8727
28.8519
28.8312
28.8106
28.79
28.7695
28.7491
28.7288
28.7085
28.6883
28.6682
28.6481
28.6281
28.6082
28.5883
28.5686
28.5488
28.5292
28.5096
28.4901
28.4706
28.4512
28.4319
28.4126
28.3934
28.3742
28.3551
28.3361
28.3171
28.2982
28.2794
28.2606
28.2419
28.2232
28.2046
28.186
28.1675
28.1491
28.1307
28.1123
28.094
28.0758
28.0576
28.0395
28.0215
28.0034
27.9855
27.9676
27.9497
27.9319
27.9141
27.8964
27.8788
27.8612
27.8436
27.8261
27.8086
27.7912
27.7739
27.7566
27.7393
27.7221
27.7049
27.6878
27.6707
27.6536
27.6366
27.6197
27.6028
27.5859
27.5691
27.5523
27.5356
27.5189
27.5023
27.4857
27.4691
27.4526
27.4361
27.4197
27.4033
27.3869
27.3706
27.3544
27.3381
27.3219
27.3058
27.2897
27.2736
27.2576
27.2416
27.2256
27.2097
27.1938
27.1779
27.1621
27.1464
27.1306
27.1149
27.0993
27.0836
27.068
27.0525
27.037
27.0215
27.006
26.9906
26.9752
26.9599
26.9445
26.9293
26.914
26.8988
26.8836
26.8685
26.8533
26.8383
26.8232
26.8082
26.7932
26.7782
26.7633
26.7484
26.7335
26.7187
26.7039
26.6891
26.6744
26.6597
26.645
26.6303
26.6157
26.6011
26.5866
26.572
26.5575
26.543
26.5286
26.5142
26.4998
26.4854
26.4711
26.4568
26.4425
26.4282
26.414
26.3998
26.3856
26.3715
26.3574
26.3433
26.3292
26.3152
26.3011
26.2872
26.2732
26.2593
26.2453
26.2315
26.2176
26.2038
26.1899
26.1761
26.1624
26.1486
26.1349
26.1212
26.1076
26.0939
26.0803
26.0667
26.0531
26.0396
26.0261
26.0126
25.9991
25.9856
25.9722
25.9588
25.9454
25.932
25.9187
25.9054
25.8921
25.8788
25.8655
25.8523
25.8391
25.8259
25.8127
25.7996
25.7864
25.7733
25.7602
25.7472
25.7341
25.7211
25.7081
25.6951
25.6822
25.6692
25.6563
25.6434
25.6305
25.6176
25.6048
25.592
25.5792
25.5664
25.5536
25.5409
25.5281
25.5154
25.5027
25.4901
25.4774
25.4648
25.4522
25.4396
25.427
25.4144
25.4019
25.3894
25.3769
25.3644
25.3519
25.3395
25.327
25.3146
25.3022
25.2898
25.2775
25.2651
25.2528
25.2405
25.2282
25.2159
25.2036
25.1914
25.1792
25.1669
25.1547
25.1426
25.1304
25.1183
25.1061
25.094
25.0819
25.0698
25.0578
25.0457
25.0337
25.0217
25.0097
24.9977
24.9857
24.9738
24.9618
24.9499
24.938
24.9261
24.9142
24.9024
24.8905
24.8787
24.8669
24.8551
24.8433
24.8315
24.8197
24.808
24.7963
24.7845
24.7728
24.7612
24.7495
24.7378
24.7262
24.7146
24.703
24.6914
24.6798
24.6682
24.6566
24.6451
24.6336
24.6221
24.6106
24.5991
24.5876
24.5761
24.5647
24.5533
24.5418
24.5304
24.5191
24.5077
24.4963
24.485
24.4736
24.4623
24.451
24.4397
24.4284
24.4171
24.4059
24.3946
24.3834
24.3722
24.361
24.3498
24.3386
24.3274
24.3163
24.3051
24.294
24.2829
24.2718
24.2607
24.2496
24.2385
24.2275
24.2165
24.2054
24.1944
24.1834
24.1724
24.1614
24.1505
24.1395
24.1286
24.1176
24.1067
24.0958
24.0849
24.0741
24.0632
24.0523
24.0415
24.0307
24.0198
24.009
23.9982
23.9875
23.9767
23.9659
23.9552
23.9444
23.9337
23.923
23.9123
23.9016
23.891
23.8803
23.8696
23.859
23.8484
23.8378
23.8272
23.8166
23.806
23.7954
23.7849
23.7743
23.7638
23.7533
23.7427
23.7323
23.7218
23.7113
23.7008
23.6904
23.6799
23.6695
23.6591
23.6487
23.6383
23.6279
23.6176
23.6072
23.5969
23.5865
23.5762
23.5659
23.5556
23.5453
23.535
23.5248
23.5145
23.5043
23.4941
23.4839
23.4737
23.4635
23.4533
23.4431
23.433
23.4228
23.4127
23.4026
23.3925
23.3824
23.3723
23.3622
23.3522
23.3421
23.3321
23.322
23.312
23.302
23.292
23.2821
23.2721
23.2622
23.2522
23.2423
23.2324
23.2225
23.2126
23.2027
23.1928
23.183
23.1732
23.1633
23.1535
23.1437
23.1339
23.1241
23.1144
23.1046
23.0949
23.0851
23.0754
23.0657
23.056
23.0464
23.0367
23.027
23.0174
23.0078
22.9982
22.9886
22.979
22.9694
22.9598
22.9503
22.9408
22.9312
22.9217
22.9122
22.9028
22.8933
22.8838
22.8744
22.865
22.8556
22.8462
22.8368
22.8274
22.818
22.8087
22.7994
22.79
22.7807
22.7715
22.7622
22.7529
22.7437
22.7344
22.7252
22.716
22.7068
22.6977
22.6885
22.6794
22.6702
22.6611
22.652
22.6429
22.6338
22.6248
22.6158
22.6067
22.5977
22.5887
22.5797
22.5708
22.5618
22.5529
22.544
22.5351
22.5262
22.5173
22.5085
22.4996
22.4908
22.482
22.4732
22.4644
22.4557
22.4469
22.4382
22.4295
22.4208
22.4122
22.4035
22.3949
22.3862
22.3776
22.369
22.3605
22.3519
22.3434
22.3349
22.3264
22.3179
22.3094
22.301
22.2926
22.2841
22.2758
22.2674
22.259
22.2507
22.2424
22.2341
22.2258
22.2175
22.2093
22.2011
22.1929
22.1847
22.1765
22.1684
22.1603
22.1522
22.1441
22.136
22.128
22.12
22.112
22.104
22.096
22.0881
22.0801
22.0723
22.0644
22.0565
22.0487
22.0409
22.0331
22.0253
22.0176
22.0098
22.0021
21.9944
21.9868
21.9792
21.9715
21.9639
21.9564
21.9488
21.9413
21.9338
21.9263
21.9189
21.9115
21.9041
21.8967
21.8893
21.882
21.8747
21.8674
21.8601
21.8529
21.8457
21.8385
21.8313
21.8242
21.8171
21.81
21.803
21.7959
21.7889
21.7819
21.775
21.7681
21.7612
21.7543
21.7474
21.7406
21.7338
21.7271
21.7203
21.7136
21.7069
21.7003
21.6936
21.687
21.6805
21.6739
21.6674
21.6609
21.6545
21.648
21.6416
21.6353
21.6289
21.6226
21.6163
21.6101
21.6039
21.5977
21.5915
21.5854
21.5793
21.5732
21.5672
21.5612
21.5552
21.5493
21.5434
21.5375
21.5317
21.5258
21.5201
21.5143
21.5086
21.5029
21.4973
21.4916
21.4861
21.4805
21.475
21.4695
21.464
21.4586
21.4533
21.4479
21.4426
21.4373
21.4321
21.4269
21.4217
21.4165
21.4114
21.4064
21.4013
21.3963
21.3914
21.3865
21.3816
21.3767
21.3719
21.3671
21.3624
21.3577
21.353
21.3484
21.3438
21.3392
21.3347
21.3303
21.3258
21.3214
21.317
21.3127
21.3084
21.3042
21.3
21.2958
21.2917
21.2876
21.2835
21.2795
21.2756
21.2716
21.2677
21.2639
21.2601
21.2563
21.2526
21.2489
21.2452
21.2416
21.2381
21.2345
21.2311
21.2276
21.2242
21.2209
21.2175
21.2143
21.211
21.2078
21.2047
21.2016
21.1985
21.1955
21.1925
21.1896
21.1867
21.1838
21.181
21.1783
21.1756
21.1729
21.1703
21.1677
21.1651
21.1626
21.1602
21.1578
21.1554
21.1531
21.1508
21.1486
21.1464
21.1442
21.1421
21.1401
21.1381
21.1361
21.1342
21.1323
21.1305
21.1287
21.127
21.1253
21.1236
21.122
21.1205
21.119
21.1175
21.1161
21.1147
21.1134
21.1121
21.1109
21.1097
21.1085
21.1074
21.1064
21.1054
21.1044
21.1035
21.1027
21.1018
21.1011
21.1003
21.0997
21.099
21.0985
21.0979
21.0974
21.097
21.0966
21.0962
21.0959
21.0957
21.0955
21.0953
21.0952
21.0951
