16
12.9442
4.94423
-4.94417
-12.9438
-15.9991
-12.9432
-4.94371
4.94354
12.9419
15.9963
12.9407
4.94263
-4.94234
-12.9384
-15.9917
-12.9366
-4.94097
4.94057
12.9335
15.9852
12.9311
4.93875
-4.93823
-12.9271
-15.9769
-12.9241
-4.93595
4.93533
12.9191
15.9668
12.9156
4.93259
-4.93185
-12.9098
-15.9548
-12.9056
-4.92866
4.92781
12.8989
15.941
12.8941
4.92417
-4.9232
-12.8865
-15.9253
-12.8812
-4.91911
4.91803
12.8727
15.9079
12.8667
4.91348
-4.91229
-12.8574
-15.8886
-12.8508
-4.9073
4.906
12.8406
15.8675
12.8335
4.90056
-4.89914
-12.8224
-15.8446
-12.8147
-4.89326
4.89174
12.8027
15.8199
12.7944
4.88541
-4.88377
-12.7815
-15.7934
-12.7727
-4.87701
4.87526
12.759
15.7652
12.7495
4.86806
-4.8662
-12.735
-15.7351
-12.725
-4.85856
4.8566
12.7095
15.7034
12.699
4.84852
-4.84645
-12.6827
-15.6698
-12.6716
-4.83795
4.83577
12.6544
15.6346
12.6428
4.82684
-4.82455
-12.6248
-15.5976
-12.6125
-4.81519
4.8128
12.5938
15.5589
12.581
4.80302
-4.80053
-12.5613
-15.5185
-12.548
-4.79033
4.78773
12.5276
15.4764
12.5137
4.77712
-4.77441
-12.4924
-15.4326
-12.478
-4.76339
4.76058
12.456
15.3872
12.441
4.74915
-4.74624
-12.4182
-15.3401
-12.4027
-4.73441
4.7314
12.379
15.2915
12.363
4.71917
-4.71606
-12.3386
-15.2412
-12.3221
-4.70343
4.70022
12.2969
15.1893
12.2798
4.6872
-4.6839
-12.2539
-15.1358
-12.2363
-4.67049
4.66709
12.2096
15.0808
12.1916
4.65329
-4.6498
-12.1641
-15.0243
-12.1456
-4.63563
4.63204
12.1174
14.9662
12.0983
4.61749
-4.61381
-12.0694
-14.9066
-12.0499
-4.5989
4.59512
12.0203
14.8455
12.0003
4.57985
-4.57598
-11.9699
-14.783
-11.9494
-4.56035
4.55639
11.9184
14.719
11.8975
4.5404
-4.53636
-11.8657
-14.6537
-11.8443
-4.52002
4.5159
11.8119
14.5869
11.7901
4.49921
-4.495
-11.757
-14.5187
-11.7347
-4.47798
4.47368
11.701
14.4492
11.6783
4.45633
-4.45195
-11.6439
-14.3783
-11.6207
-4.43427
4.42981
11.5857
14.3062
11.5621
4.41181
-4.40727
-11.5265
-14.2327
-11.5025
-4.38896
4.38434
11.4662
14.158
11.4418
4.36572
-4.36102
-11.405
-14.082
-11.3802
-4.34209
4.33733
11.3427
14.0049
11.3176
4.3181
-4.31326
-11.2795
-13.9265
-11.254
-4.29374
4.28883
11.2154
13.847
11.1895
4.26902
-4.26404
-11.1503
-13.7663
-11.124
-4.24396
4.2389
11.0843
13.6845
11.0577
4.21855
-4.21343
-11.0175
-13.6017
-10.9905
-4.19281
4.18762
10.9497
13.5177
10.9224
4.16674
-4.16149
-10.8811
-13.4328
-10.8535
-4.14036
4.13504
10.8117
13.3468
10.7838
4.11367
-4.10829
-10.7415
-13.2598
-10.7132
-4.08667
4.08124
10.6706
13.1719
10.642
4.05939
-4.05389
-10.5988
-13.083
-10.5699
-4.03182
4.02627
10.5264
12.9933
10.4972
4.00397
-3.99837
-10.4532
-12.9026
-10.4237
-3.97586
3.9702
10.3793
12.8112
10.3496
3.94748
-3.94178
-10.3048
-12.7188
-10.2748
-3.91886
3.91311
10.2296
12.6258
10.1993
3.89
-3.8842
-10.1538
-12.5319
-10.1233
-3.8609
3.85506
10.0773
12.4373
10.0466
3.83158
-3.82569
-10.0003
-12.342
-9.96939
-3.80205
3.79611
9.9228
12.246
9.89163
3.7723
-3.76633
-9.84472
-12.1494
-9.81335
-3.74236
3.73635
9.76614
12.0521
9.73456
3.71223
-3.70618
-9.68706
-11.9543
-9.6553
-3.68192
3.67584
9.60753
11.8558
9.57559
3.65144
-3.64532
-9.52755
-11.7569
-9.49544
-3.62079
3.61464
9.44715
11.6574
9.41488
3.58999
-3.58381
-9.36636
-11.5574
-9.33394
-3.55905
3.55284
9.2852
11.457
9.25263
3.52796
-3.52173
-9.20369
-11.3562
-9.17099
-3.49675
3.4905
9.12185
11.2549
9.08903
3.46542
-3.45914
-9.0397
-11.1533
-9.00677
-3.43398
3.42768
8.95728
11.0514
8.92424
3.40244
-3.39612
-8.8746
-10.9491
-8.84146
-3.3708
3.36446
8.79168
10.8466
8.75845
3.33908
-3.33273
-8.70855
-10.7438
-8.67524
-3.30728
3.30091
8.62522
10.6407
8.59185
3.27541
-3.26903
-8.54173
-10.5375
-8.50829
-3.24349
3.2371
8.45809
10.4341
8.4246
3.21151
-3.20511
-8.37432
-10.3305
-8.34079
-3.17949
3.17308
8.29045
10.2268
8.25688
3.14744
-3.14102
-8.2065
-10.123
-8.1729
-3.11535
3.10893
8.12249
10.0192
8.08887
3.08325
-3.07683
-8.03844
-9.91527
-8.00481
-3.05114
3.04472
7.95436
9.81135
7.92074
3.01903
-3.01261
-7.8703
-9.70744
-7.83667
-2.98692
2.9805
7.78625
9.60356
7.75264
2.95483
-2.94841
-7.70224
-9.49974
-7.66866
-2.92275
2.91634
7.6183
9.396
7.58475
2.89071
-2.88431
-7.53445
-9.29237
-7.50093
-2.8587
2.85231
7.45069
9.18887
7.41722
2.82674
-2.82035
-7.36706
-9.08553
-7.33364
-2.79482
2.78845
7.28356
8.98236
7.25021
2.76297
-2.75661
-7.20023
-8.8794
-7.16695
-2.73118
2.72483
7.11708
8.77667
7.08387
2.69946
-2.69313
-7.03412
-8.67418
-7.001
-2.66782
2.66151
6.95138
8.57196
6.91835
2.63627
-2.62997
-6.86887
-8.47003
-6.83594
-2.60481
2.59853
6.78662
8.36842
6.75379
2.57345
-2.56719
-6.70462
-8.26714
-6.67191
-2.5422
2.53596
6.62292
8.16622
6.59032
2.51106
-2.50484
-6.54151
-8.06567
-6.50903
-2.48003
2.47385
6.46042
7.96552
6.42807
2.44914
-2.44297
-6.37966
-7.86578
-6.34745
-2.41837
2.41223
6.29925
7.76647
6.26719
2.38774
-2.38163
-6.2192
-7.66762
-6.18729
-2.35725
2.35117
6.13953
7.56924
6.10777
2.3269
-2.32085
-6.06025
-7.47134
-6.02865
-2.29671
2.2907
5.98138
7.37395
5.94994
2.26668
-2.2607
-5.90292
-7.27708
-5.87166
-2.23681
2.23086
5.8249
7.18075
5.79381
2.20711
-2.20119
-5.74732
-7.08497
-5.71642
-2.17759
2.1717
5.6702
6.98976
5.63949
2.14824
-2.14239
-5.59355
-6.89513
-5.56303
-2.11907
2.11326
5.51738
6.8011
5.48705
2.09009
-2.08431
-5.44171
-6.70769
-5.41158
-2.0613
2.05556
5.36653
6.61489
5.33661
2.0327
-2.027
-5.29188
-6.52274
-5.26216
-2.0043
1.99865
5.21774
6.43123
5.18823
1.97611
-1.97049
-5.14414
-6.34039
-5.11485
-1.94812
1.94254
5.07108
6.25021
5.04201
1.92034
-1.9148
-4.99857
-6.16073
-4.96972
-1.89277
1.88728
4.92662
6.07193
4.89799
1.86541
-1.85997
-4.85523
-5.98384
-4.82684
-1.83828
1.83288
4.78442
5.89646
4.75626
1.81137
-1.80601
-4.7142
-5.8098
-4.68627
-1.78468
1.77937
4.64456
5.72386
4.61687
1.75821
-1.75295
-4.57552
-5.63867
-4.54807
-1.73198
1.72676
4.50707
5.55422
4.47986
1.70597
-1.7008
-4.43923
-5.47052
-4.41227
-1.6802
1.67507
4.37201
5.38757
4.34529
1.65466
-1.64958
-4.30539
-5.30538
-4.27892
-1.62936
1.62433
4.2394
5.22396
4.21318
1.6043
-1.59931
-4.17403
-5.14331
-4.14805
-1.57947
1.57453
4.10928
5.06344
4.08356
1.55488
-1.54999
-4.04516
-4.98434
-4.01969
-1.53054
1.5257
3.98168
4.90602
3.95646
1.50643
-1.50164
-3.91882
-4.82849
-3.89386
-1.48257
1.47782
3.8566
4.75173
3.83189
1.45895
-1.45425
-3.79502
-4.67577
-3.77056
-1.43557
1.43092
3.73406
4.60058
3.70986
1.41243
-1.40784
-3.67375
-4.52619
-3.6498
-1.38954
1.38499
3.61407
4.45258
3.59038
1.36689
-1.36239
-3.55503
-4.37975
-3.53159
-1.34448
1.34003
3.49662
4.30771
3.47343
1.32232
-1.31791
-3.43884
-4.23645
-3.4159
-1.30039
1.29604
3.38169
4.16596
3.35901
1.27871
-1.2744
-3.32517
-4.09626
-3.30274
-1.25726
1.253
3.26928
4.02732
3.24709
1.23606
-1.23184
-3.21401
-3.95916
-3.19207
-1.21509
1.21092
3.15935
3.89176
3.13767
1.19435
-1.19023
-3.10532
-3.82511
-3.08387
-1.17385
1.16978
3.05189
3.75923
3.03069
1.15359
-1.14956
-2.99907
-3.69409
-2.97811
-1.13355
1.12957
2.94685
3.62969
2.92613
1.11374
-1.10981
-2.89523
-3.56603
-2.87475
-1.09416
1.09027
2.8442
3.5031
2.82395
1.0748
-1.07096
-2.79376
-3.44089
-2.77374
-1.05566
1.05186
2.74389
3.37939
2.7241
1.03675
-1.03299
-2.69459
-3.3186
-2.67503
-1.01805
1.01433
2.64586
3.2585
2.62653
0.999564
-0.995892
-2.59769
-3.19909
-2.57857
-0.981289
0.977659
2.55006
3.14036
2.53117
0.963223
-0.959634
-2.50298
-3.0823
-2.4843
-0.945362
0.941814
2.45643
3.02489
2.43796
0.927702
-0.924194
-2.41041
-2.96813
-2.39214
-0.910242
0.906773
2.3649
2.912
2.34684
0.892976
-0.889546
-2.3199
-2.8565
-2.30204
-0.875901
0.872509
2.2754
2.80162
2.25773
0.859015
-0.85566
-2.23138
-2.74733
-2.21391
-0.842313
0.838994
2.18784
2.69363
2.17056
0.82579
-0.822507
-2.14477
-2.64051
-2.12768
-0.809445
0.806196
2.10216
2.58795
2.08524
0.793271
-0.790056
-2.06
-2.53594
-2.04325
-0.777265
0.774084
2.01827
2.48446
2.00169
0.761424
-0.758275
-1.97696
-2.43351
-1.96056
-0.745742
0.742624
1.93607
2.38306
1.91983
0.730215
-0.727128
-1.89558
-2.33311
-1.87949
-0.714839
0.711782
1.85548
2.28364
1.83955
0.699609
-0.696581
-1.81576
-2.23463
-1.79997
-0.684521
0.68152
1.7764
2.18608
1.76076
0.66957
-0.666596
-1.7374
-2.13795
-1.72189
-0.654752
0.651804
1.69874
2.09025
1.68337
0.640061
-0.637138
-1.66041
-2.04295
-1.64516
-0.625493
0.622593
1.62239
1.99603
1.60727
0.611042
-0.608166
-1.58468
-1.94949
-1.56968
-0.596705
0.59385
1.54726
1.90331
1.53237
0.582475
-0.579642
-1.51011
-1.85746
-1.49533
-0.568349
0.565535
1.47323
1.81194
1.45855
0.55432
-0.551526
-1.43661
-1.76672
-1.42202
-0.540384
0.537608
1.40022
1.7218
1.38572
0.526536
-0.523777
-1.36405
-1.67715
-1.34964
-0.512771
0.510027
1.32809
1.63276
1.31377
0.499083
-0.496354
-1.29234
-1.5886
-1.27809
-0.485468
0.482753
1.25676
1.54467
1.24258
0.471919
-0.469217
-1.22136
-1.50095
-1.20724
-0.458433
0.455742
1.18611
1.45742
1.17205
0.445003
-0.442323
-1.15101
-1.41406
-1.137
-0.431624
0.428955
1.11603
1.37086
1.10208
0.418292
-0.415631
-1.08117
-1.3278
-1.06726
-0.405002
0.402348
1.04642
1.28486
1.03254
0.391747
-0.3891
-1.01175
-1.24203
-0.997903
-0.378522
0.375881
0.977155
1.19929
0.963336
0.365324
-0.362687
-0.942624
-1.15662
-0.928825
-0.352145
0.349512
0.90814
1.114
0.894357
0.338982
-0.336351
-0.873691
-1.07143
-0.859918
-0.325829
0.3232
0.839263
1.02888
0.825495
0.312682
-0.310052
-0.804843
-0.986332
-0.791075
-0.299534
0.296904
0.770418
0.943777
0.756644
0.286381
-0.283749
-0.735975
-0.901196
-0.72219
-0.273218
0.270584
0.7015
0.858573
0.687699
0.260041
-0.257403
-0.666982
-0.815893
-0.653159
-0.246843
0.244201
0.632406
0.773139
0.618557
0.233621
-0.230973
-0.597761
-0.730296
-0.58388
-0.22037
0.217715
0.563033
0.687349
0.549117
0.207084
-0.204422
-0.528212
-0.644282
-0.514254
-0.193759
0.191089
0.493284
0.60108
0.47928
0.180391
-0.177712
-0.458237
-0.557729
-0.444183
-0.166975
0.164286
0.42306
0.514214
0.40895
0.153507
-0.150807
-0.387741
-0.47052
-0.373571
-0.139982
0.137269
0.352268
0.426634
0.338034
0.126395
-0.12367
-0.316631
-0.382542
-0.302327
-0.112743
0.110004
0.280818
0.338229
0.266441
0.0990212
-0.0962681
-0.244818
-0.293683
-0.230363
-0.0852256
0.0824573
0.20862
0.24889
0.194084
0.0713523
-0.0685679
-0.172215
-0.203838
-0.157592
-0.0573972
0.054596
0.135592
0.158513
0.120879
0.0433565
-0.0405378
-0.0987404
-0.112905
-0.0839338
-0.0292266
0.0263895
0.0616514
0.0670001
0.0467471
0.0150036
-0.0121475
-0.0243152
-0.0207876
-0.00930946
-0.000684111
-0.00219168
-0.0132773
-0.0257441
-0.0283881
-0.0137354
0.0166316
0.0511352
0.0726059
0.0663546
0.0282582
-0.0311754
-0.089267
-0.119808
-0.104598
-0.0428876
0.0458265
0.127681
0.167362
0.143128
0.0576267
-0.060588
-0.166386
-0.215277
-0.181951
-0.0724787
0.0754628
0.205389
0.263562
0.221076
0.0874463
-0.0904539
-0.244698
-0.312227
-0.260509
-0.102532
0.105564
0.28432
0.361281
0.300258
0.11774
-0.120796
-0.324262
-0.410733
-0.34033
-0.133071
0.136152
0.364531
0.46059
0.380732
0.148528
-0.151635
-0.405133
-0.510859
-0.421468
-0.164114
0.167247
0.446074
0.56155
0.462547
0.179831
-0.18299
-0.48736
-0.612668
-0.503972
-0.195681
0.198867
0.528995
0.66422
0.545749
0.211665
-0.214879
-0.570986
-0.716212
-0.587883
-0.227787
0.231028
0.613337
0.76865
0.630379
0.244047
-0.247315
-0.656052
-0.821539
-0.673241
-0.260446
0.263743
0.699136
0.874885
0.716473
0.276988
-0.280313
-0.742591
-0.928691
-0.760078
-0.293672
0.297026
0.786422
0.982962
0.80406
0.310501
-0.313884
-0.830631
-1.0377
-0.848421
-0.327474
0.330887
0.875221
1.09291
0.893164
0.344594
-0.348036
-0.920194
-1.1486
-0.938292
-0.361861
0.365332
0.965553
1.20476
0.983805
0.379275
-0.382775
-1.0113
-1.2614
-1.02971
-0.396837
0.400367
1.05743
1.31852
1.076
0.414548
-0.418108
-1.10396
-1.37613
-1.12268
-0.432408
0.435998
1.15087
1.43421
1.16975
0.450416
-0.454036
-1.19817
-1.49278
-1.2172
-0.468574
0.472224
1.24587
1.55182
1.26505
0.486881
-0.49056
-1.29395
-1.61135
-1.31329
-0.505336
0.509044
1.34242
1.67136
1.36192
0.523939
-0.527677
-1.39128
-1.73185
-1.41093
-0.54269
0.546457
1.44052
1.79282
1.46033
0.561587
-0.565384
-1.49015
-1.85425
-1.51011
-0.580631
0.584457
1.54016
1.91616
1.56027
0.59982
-0.603675
-1.59055
-1.97854
-1.61081
-0.619153
0.623037
1.64132
2.04138
1.66173
0.638629
-0.642542
-1.69245
-2.10468
-1.71301
-0.658247
0.662187
1.74396
2.16844
1.76466
0.678005
-0.681973
-1.79583
-2.23265
-1.81668
-0.697901
0.701897
1.84806
2.2973
1.86906
0.717934
-0.721957
-1.90065
-2.36239
-1.92179
-0.738101
0.742151
1.95359
2.42791
1.97487
0.758402
-0.762478
-2.00688
-2.49386
-2.02829
-0.778834
0.782935
2.0605
2.56023
2.08205
0.799393
-0.803521
-2.11446
-2.62701
-2.13614
-0.82008
0.824232
2.16875
2.69419
2.19056
0.840889
-0.845066
-2.22336
-2.76177
-2.24529
-0.86182
0.866021
2.27828
2.82973
2.30034
0.882869
-0.887093
-2.33351
-2.89807
-2.35569
-0.904034
0.90828
2.38904
2.96678
2.41133
0.925311
-0.929579
-2.44486
-3.03585
-2.46726
-0.946697
0.950987
2.50096
3.10527
2.52348
0.96819
-0.972501
-2.55734
-3.17502
-2.57996
-0.989785
0.994116
2.61398
3.2451
2.63671
1.01148
-1.01583
-2.67088
-3.31549
-2.69371
-1.03327
1.03764
2.72803
3.38619
2.75095
1.05515
-1.05954
-2.78541
-3.45718
-2.80843
-1.07713
1.08153
2.84302
3.52845
2.86613
1.09918
-1.1036
-2.90086
-3.59998
-2.92405
-1.12132
1.12576
2.95889
3.67177
2.98216
1.14353
-1.14799
-3.01713
-3.7438
-3.04047
-1.16582
1.17029
3.07555
3.81606
3.09897
1.18818
-1.19265
-3.13414
-3.88852
-3.15763
-1.2106
1.21509
3.1929
3.96119
3.21645
1.23307
-1.23758
-3.25181
-4.03405
-3.27542
-1.25561
1.26012
3.31086
4.10707
3.33452
1.27819
-1.28272
-3.37004
-4.18025
-3.39374
-1.30082
1.30536
3.42933
4.25356
3.45308
1.3235
-1.32804
-3.48873
-4.32701
-3.51252
-1.34621
1.35075
3.54822
4.40056
3.57204
1.36895
-1.3735
-3.60779
-4.4742
-3.63163
-1.39171
1.39627
3.66742
4.54793
3.69128
1.4145
-1.41906
-3.7271
-4.62171
-3.75098
-1.43731
1.44187
3.78682
4.69553
3.81072
1.46013
-1.46469
-3.84657
-4.76939
-3.87047
-1.48295
1.48752
3.90632
4.84325
3.93023
1.50578
-1.51034
-3.96608
-4.91711
-3.98998
-1.5286
1.53316
4.02582
4.99095
4.04971
1.55141
-1.55597
-4.08553
-5.06475
-4.1094
-1.57421
1.57877
4.14519
5.13848
4.16905
1.59699
-1.60154
-4.2048
-5.21215
-4.22863
-1.61974
1.62429
4.26434
5.28572
4.28813
1.64246
-1.647
-4.32379
-5.35918
-4.34754
-1.66515
1.66968
4.38313
5.43251
4.40684
1.68779
-1.69231
-4.44237
-5.50569
-4.46602
-1.71038
1.7149
4.50147
5.57871
4.52507
1.73293
-1.73743
-4.56042
-5.65155
-4.58396
-1.75541
1.7599
4.61922
5.72418
4.64269
1.77783
-1.78231
-4.67785
-5.7966
-4.70124
-1.80018
1.80464
4.73628
5.86878
4.7596
1.82245
-1.8269
-4.79451
-5.94071
-4.81775
-1.84465
1.84908
4.85253
6.01236
4.87567
1.86675
-1.87116
-4.91031
-6.08372
-4.93335
-1.88877
1.89316
4.96784
6.15477
4.99078
1.91068
-1.91506
-5.02511
-6.2255
-5.04794
-1.9325
1.93685
5.08211
6.29588
5.10482
1.9542
-1.95853
-5.13881
-6.36589
-5.16141
-1.97579
1.98009
5.19521
6.43552
5.21768
1.99726
-2.00154
-5.25128
-6.50476
-5.27362
-2.0186
2.02286
5.30702
6.57357
5.32922
2.03981
-2.04404
-5.36242
-6.64195
-5.38447
-2.06089
2.06509
5.41745
6.70988
5.43935
2.08182
-2.08599
-5.4721
-6.77734
-5.49385
-2.10261
2.10675
5.52636
6.84431
5.54795
2.12324
-2.12735
-5.58021
-6.91077
-5.60163
-2.14372
2.14779
5.63364
6.97671
5.6549
2.16403
-2.16807
-5.68664
-7.04211
-5.70772
-2.18417
2.18818
5.7392
7.10696
5.76009
2.20414
-2.20811
-5.79129
-7.17123
-5.81199
-2.22393
2.22786
5.8429
7.23492
5.86342
2.24353
-2.24743
-5.89404
-7.29799
-5.91435
-2.26295
2.26681
5.94467
7.36045
5.96477
2.28217
-2.28599
-5.99478
-7.42227
-6.01468
-2.30119
2.30497
6.04437
7.48344
6.06406
2.32001
-2.32375
-6.09343
-7.54393
-6.11289
-2.33862
2.34232
6.14193
7.60375
6.16117
2.35702
-2.36067
-6.18987
-7.66286
-6.20888
-2.3752
2.37881
6.23723
7.72126
6.25601
2.39316
-2.39672
-6.28401
-7.77893
-6.30255
-2.41089
2.41441
6.33019
7.83587
6.34849
2.42839
-2.43186
-6.37576
-7.89204
-6.39381
-2.44565
2.44908
6.4207
7.94745
6.43851
2.46268
-2.46605
-6.46502
-8.00207
-6.48257
-2.47946
2.48278
6.5087
8.05589
6.52599
2.49599
-2.49927
-6.55172
-8.10891
-6.56875
-2.51227
2.5155
6.59408
8.16111
6.61084
2.5283
-2.53148
-6.63577
-8.21247
-6.65226
-2.54407
2.54719
6.67678
8.26299
6.69299
2.55958
-2.56264
-6.7171
-8.31265
-6.73303
-2.57481
2.57783
6.75672
8.36145
6.77236
2.58979
-2.59275
-6.79562
-8.40937
-6.81099
-2.60448
2.60739
6.83382
8.4564
6.84889
2.61891
-2.62176
-6.87128
-8.50253
-6.88606
-2.63305
2.63584
6.90802
8.54775
6.9225
2.64691
-2.64965
-6.94401
-8.59206
-6.9582
-2.66049
2.66317
6.97926
8.63544
6.99314
2.67378
-2.6764
-7.01375
-8.67788
-7.02733
-2.68678
2.68934
7.04748
8.71939
7.06076
2.69949
-2.70199
-7.08044
-8.75994
-7.09341
-2.7119
2.71435
7.11263
8.79954
7.12529
2.72402
-2.72641
-7.14404
-8.83817
-7.15639
-2.73584
2.73816
7.17467
8.87583
7.1867
2.74735
-2.74962
-7.2045
-8.91251
-7.21622
-2.75857
2.76077
7.23355
8.94822
7.24494
2.76948
-2.77162
-7.26179
-8.98293
-7.27286
-2.78008
2.78217
7.28923
9.01665
7.29998
2.79038
-2.7924
-7.31587
-9.04938
-7.3263
-2.80037
2.80233
7.3417
9.0811
7.3518
2.81005
-2.81195
-7.36671
-9.11182
-7.37649
-2.81942
2.82125
7.39091
9.14153
7.40036
2.82847
-2.83025
-7.4143
-9.17023
-7.42342
-2.83722
2.83893
7.43686
9.19792
7.44566
2.84565
-2.8473
-7.45861
-9.2246
-7.46707
-2.85377
2.85535
7.47953
9.25025
7.48767
2.86157
-2.86309
-7.49963
-9.2749
-7.50744
-2.86906
2.87052
7.5189
9.29852
7.52638
2.87623
-2.87763
-7.53736
-9.32113
-7.54451
-2.88309
2.88443
7.55499
9.34271
7.56181
2.88964
-2.89091
-7.57179
-9.36329
-7.57829
-2.89587
2.89708
7.58778
9.38284
7.59395
2.90179
-2.90293
-7.60295
-9.40139
-7.60878
-2.90739
2.90848
7.61729
9.41892
7.6228
2.91268
-2.91371
-7.63082
-9.43544
-7.636
-2.91767
2.91862
7.64353
9.45095
7.64839
2.92234
-2.92323
-7.65544
-9.46546
-7.65997
-2.9267
2.92753
7.66653
9.47897
7.67074
2.93075
-2.93152
-7.67681
-9.49149
-7.6807
-2.93449
2.9352
7.6863
9.50301
7.68987
2.93793
-2.93858
-7.69498
-9.51355
-7.69823
-2.94107
2.94166
7.70287
9.52311
7.70581
2.9439
-2.94443
-7.70997
-9.53169
-7.71259
-2.94643
2.9469
7.71629
9.5393
7.71859
2.94866
-2.94907
-7.72182
-9.54595
-7.72382
-2.9506
2.95095
7.72658
9.55164
7.72827
2.95224
-2.95253
-7.73057
-9.55639
-7.73196
-2.95359
2.95383
7.7338
9.56019
7.73488
2.95465
-2.95483
-7.73628
-9.56306
-7.73705
-2.95542
2.95554
7.738
9.56501
7.73848
2.95591
-2.95597
-7.73898
-9.56604
-7.73917
-2.95612
2.95612
7.73923
9.56616
7.73912
2.95604
-2.956
-7.73874
-9.56539
-7.73835
-2.95569
2.95559
7.73754
9.56373
7.73686
2.95507
-2.95492
-7.73563
-9.56119
-7.73467
-2.95418
2.95397
7.73301
9.55778
7.73177
2.95302
-2.95276
-7.7297
-9.55352
-7.72819
-2.9516
2.95128
7.72571
9.54841
7.72392
2.94992
-2.94955
-7.72104
-9.54247
-7.71898
-2.94798
2.94756
7.7157
9.53571
7.71338
2.94579
-2.94532
-7.7097
-9.52813
-7.70712
-2.94335
2.94283
7.70306
9.51976
7.70022
2.94067
-2.9401
-7.69577
-9.51061
-7.69269
-2.93774
2.93713
7.68787
9.50068
7.68453
2.93458
-2.93392
-7.67934
-9.48999
-7.67576
-2.93118
2.93048
7.67021
9.47856
7.66639
2.92756
-2.92681
-7.66048
-9.46639
-7.65643
-2.92371
2.92291
7.65017
9.4535
7.64589
2.91964
-2.9188
-7.63929
-9.43991
-7.63478
-2.91535
2.91447
7.62785
9.42563
7.62312
2.91086
-2.90993
-7.61586
-9.41067
-7.61091
-2.90615
2.90519
7.60333
9.39505
7.59817
2.90124
-2.90024
-7.59027
-9.37879
-7.58491
-2.89614
2.8951
7.5767
9.36189
7.57114
2.89084
-2.88976
-7.56263
-9.34438
-7.55687
-2.88535
2.88424
7.54808
9.32626
7.54212
2.87968
-2.87853
-7.53304
-9.30756
-7.5269
-2.87383
2.87264
7.51754
9.2883
7.51122
2.86781
-2.86659
-7.50159
-9.26847
-7.49509
-2.86162
2.86036
7.48521
9.24811
7.47853
2.85526
-2.85397
-7.46839
-9.22722
-7.46155
-2.84874
2.84742
7.45117
9.20583
7.44417
2.84207
-2.84072
-7.43354
-9.18395
-7.42639
-2.83525
2.83387
7.41553
9.1616
7.40822
2.82829
-2.82688
-7.39715
-9.13878
-7.3897
-2.82118
2.81974
7.37841
9.11553
7.37081
2.81394
-2.81248
-7.35932
-9.09185
-7.35159
-2.80657
2.80508
7.3399
9.06776
7.33204
2.79908
-2.79757
-7.32016
-9.04328
-7.31217
-2.79147
2.78993
7.30011
9.01843
7.292
2.78374
-2.78219
-7.27977
-8.99321
-7.27155
-2.77591
2.77433
7.25914
8.96766
7.25082
2.76797
-2.76637
-7.23826
-8.94178
-7.22983
-2.75993
2.75832
7.21712
8.91558
7.20859
2.7518
-2.75017
-7.19573
-8.8891
-7.18712
-2.74358
2.74193
7.17413
8.86233
7.16542
2.73528
-2.73361
-7.15231
-8.83531
-7.14352
-2.7269
2.72521
7.13028
8.80804
7.12142
2.71844
-2.71675
-7.10807
-8.78055
-7.09914
-2.70992
2.70821
7.08569
8.75284
7.07669
2.70133
-2.69961
-7.06315
-8.72493
-7.05409
-2.69269
2.69095
7.04045
8.69685
7.03134
2.68399
-2.68224
-7.01762
-8.6686
-7.00846
-2.67524
2.67348
6.99467
8.6402
6.98546
2.66644
-2.66468
-6.9716
-8.61166
-6.96235
-2.65761
2.65584
6.94844
8.58301
6.93915
2.64874
-2.64697
-6.92519
-8.55425
-6.91587
-2.63985
2.63806
6.90187
8.5254
6.89252
2.63092
-2.62913
-6.87848
-8.49648
-6.86911
-2.62198
2.62019
6.85505
8.4675
6.84566
2.61302
-2.61122
-6.83157
-8.43848
-6.82217
-2.60404
2.60225
6.80807
8.40942
6.79866
2.59506
-2.59326
-6.78455
-8.38035
-6.77514
-2.58608
2.58428
6.76102
8.35127
6.75162
2.57709
-2.57529
-6.73751
-8.3222
-6.7281
-2.56811
2.56632
6.714
8.29316
6.70461
2.55914
-2.55735
-6.69053
-8.26415
-6.68115
-2.55018
2.54839
6.66709
8.23519
6.65773
2.54124
-2.53945
-6.6437
-8.20629
-6.63436
-2.53232
2.53053
6.62036
8.17746
6.61105
2.52342
-2.52164
-6.5971
-8.14872
-6.58781
-2.51455
2.51278
6.57391
8.12007
6.56465
2.50571
-2.50394
-6.5508
-8.09153
-6.54158
-2.4969
2.49515
6.52779
8.06311
6.51861
2.48814
-2.48639
-6.50488
-8.03482
-6.49574
-2.47941
2.47767
6.48208
8.00667
6.47299
2.47073
-2.469
-6.4594
-7.97867
-6.45036
-2.4621
2.46037
6.43684
7.95082
6.42786
2.45351
-2.4518
-6.41443
-7.92315
-6.4055
-2.44498
2.44328
6.39215
7.89564
6.38328
2.4365
-2.43482
-6.37002
-7.86833
-6.36121
-2.42809
2.42641
6.34805
7.84121
6.3393
2.41973
-2.41807
-6.32623
-7.81429
-6.31755
-2.41144
2.40979
6.30459
7.78757
6.29598
2.40321
-2.40157
-6.28312
-7.76108
-6.27458
-2.39505
2.39342
6.26182
7.7348
6.25336
2.38696
-2.38535
-6.24071
-7.70875
-6.23232
-2.37894
2.37734
6.21979
7.68294
6.21147
2.37099
-2.36941
-6.19906
-7.65737
-6.19082
-2.36312
2.36155
6.17853
7.63204
6.17037
2.35532
-2.35377
-6.1582
-7.60696
-6.15012
-2.3476
2.34607
6.13807
7.58213
6.13008
2.33996
-2.33844
-6.11815
-7.55756
-6.11024
-2.3324
2.3309
6.09844
7.53325
6.09062
2.32492
-2.32343
-6.07895
-7.5092
-6.07121
-2.31752
2.31605
6.05966
7.48542
6.05201
2.31021
-2.30875
-6.0406
-7.46191
-6.03303
-2.30297
2.30154
6.02175
7.43867
6.01427
2.29582
-2.2944
-6.00312
-7.41569
-5.99573
-2.28876
2.28736
5.98471
7.39299
5.97741
2.28178
-2.28039
-5.96652
-7.37057
-5.95931
-2.27488
2.27351
5.94856
7.34841
5.94143
2.26807
-2.26672
-5.93081
-7.32653
-5.92377
-2.26134
2.26
5.91328
7.30491
5.90633
2.25469
-2.25337
-5.89597
-7.28357
-5.8891
-2.24813
2.24683
5.87887
7.26249
5.8721
2.24165
-2.24037
-5.86199
-7.24168
-5.8553
-2.23525
2.23398
5.84533
7.22113
5.83872
2.22894
-2.22768
-5.82887
-7.20085
-5.82235
-2.2227
2.22146
5.81263
7.18081
5.80618
2.21654
-2.21532
-5.79658
-7.16103
-5.79022
-2.21046
2.20925
5.78074
7.1415
5.77446
2.20445
-2.20326
-5.7651
-7.12222
-5.7589
-2.19852
2.19734
5.74965
7.10317
5.74352
2.19266
-2.1915
-5.73439
-7.08435
-5.72834
-2.18688
2.18573
5.71931
7.06576
5.71333
2.18116
-2.18003
-5.70442
-7.04739
-5.69851
-2.17551
2.17439
5.68969
7.02923
5.68385
2.16993
-2.16882
-5.67514
-7.01128
-5.66936
-2.1644
2.16331
5.66074
6.99353
5.65503
2.15894
-2.15786
-5.64651
-6.97597
-5.64085
-2.15354
2.15246
5.63242
6.95859
5.62682
2.14819
-2.14713
-5.61847
-6.94139
-5.61293
-2.14289
2.14184
5.60466
6.92435
5.59917
2.13765
-2.1366
-5.59097
-6.90746
-5.58553
-2.13245
2.13141
5.57741
6.89072
5.57201
2.12729
-2.12627
-5.56395
-6.87411
-5.5586
-2.12218
2.12116
5.5506
6.85763
5.54528
2.1171
-2.11609
-5.53734
-6.84126
-5.53206
-2.11205
2.11105
5.52416
6.825
5.51891
2.10704
-2.10604
-5.51106
-6.80882
-5.50584
-2.10205
2.10105
5.49803
6.79272
5.49283
2.09708
-2.09609
-5.48505
-6.77669
-5.47987
-2.09214
2.09115
5.47211
6.76071
5.46695
2.0872
-2.08622
-5.45921
-6.74477
-5.45406
-2.08228
2.0813
5.44634
6.72886
5.44119
2.07737
-2.07639
-5.43348
-6.71297
-5.42833
-2.07246
2.07147
5.42062
6.69707
5.41547
2.06754
-2.06656
-5.40775
-6.68116
-5.40259
-2.06262
2.06164
5.39486
6.66522
5.38969
2.05769
-2.05671
-5.38194
-6.64924
-5.37676
-2.05275
2.05176
5.36897
6.6332
5.36377
2.04778
-2.04679
-5.35595
-6.61709
-5.35072
-2.04279
2.04179
5.34286
6.60089
5.3376
2.03778
-2.03677
-5.32969
-6.58459
-5.32439
-2.03272
2.03171
5.31642
6.56817
5.31109
2.02763
-2.02661
-5.30305
-6.55161
-5.29767
-2.0225
2.02147
5.28956
6.5349
5.28413
2.01732
-2.01627
-5.27594
-6.51803
-5.27045
-2.01208
2.01103
5.26217
6.50097
5.25661
2.00678
-2.00572
-5.24824
-6.48371
-5.24262
-2.00142
2.00034
5.23414
6.46623
5.22844
1.996
-1.9949
-5.21985
-6.44852
-5.21408
-1.99049
1.98938
5.20536
6.43056
5.1995
1.98491
-1.98378
-5.19066
-6.41233
-5.18471
-1.97924
1.9781
5.17572
6.39382
5.16968
1.97348
-1.97232
-5.16055
-6.375
-5.15441
-1.96763
1.96645
5.14512
6.35587
5.13888
1.96168
-1.96047
-5.12942
-6.33639
-5.12307
-1.95562
1.95439
5.11344
6.31656
5.10696
1.94944
-1.94819
-5.09716
-6.29636
-5.09056
-1.94315
1.94188
5.08056
6.27577
5.07384
1.93674
-1.93544
-5.06364
-6.25477
-5.05678
-1.9302
1.92888
5.04638
6.23335
5.03938
1.92352
-1.92217
-5.02876
-6.21148
-5.02161
-1.91671
1.91533
5.01077
6.18915
5.00347
1.90975
-1.90834
-4.9924
-6.16635
-4.98494
-1.90264
1.9012
4.97363
6.14305
4.96601
1.89538
-1.89391
-4.95445
-6.11923
-4.94666
-1.88796
1.88645
4.93484
6.09488
4.92687
1.88037
-1.87883
-4.91479
-6.06999
-4.90664
-1.8726
1.87103
4.89428
6.04453
4.88595
1.86467
-1.86306
-4.87331
-6.01849
-4.86479
-1.85654
1.8549
4.85185
5.99185
4.84313
1.84824
-1.84655
-4.8299
-5.96459
-4.82098
-1.83973
1.83801
4.80744
5.93669
4.79831
1.83104
-1.82927
-4.78445
-5.90815
-4.77511
-1.82213
1.82033
4.76093
5.87894
4.75137
1.81302
-1.81118
-4.73686
-5.84905
-4.72707
-1.8037
1.80181
4.71222
5.81845
4.70221
1.79416
-1.79222
-4.68701
-5.78714
-4.67676
-1.78439
1.78241
4.66121
5.7551
4.65072
1.7744
-1.77237
-4.6348
-5.72231
-4.62407
-1.76417
1.7621
4.60779
5.68876
4.5968
1.75371
-1.75159
-4.58014
-5.65444
-4.5689
-1.743
1.74083
4.55185
5.61931
4.54036
1.73205
-1.72983
-4.52292
-5.58338
-4.51116
-1.72085
1.71858
4.49332
5.54663
4.48129
1.70939
-1.70707
-4.46305
-5.50905
-4.45075
-1.69767
1.69529
4.43209
5.47061
4.41951
1.68569
-1.68326
-4.40044
-5.43131
-4.38758
-1.67343
1.67095
4.36807
5.39113
4.35493
1.66091
-1.65837
-4.335
-5.35006
-4.32156
-1.64811
1.64551
4.30119
5.30809
4.28746
1.63502
-1.63237
-4.26664
-5.26521
-4.25261
-1.62166
1.61895
4.23135
5.2214
4.21702
1.608
-1.60524
-4.1953
-5.17665
-4.18066
-1.59406
1.59123
4.15848
5.13095
4.14354
1.57982
-1.57693
-4.12089
-5.08429
-4.10563
-1.56528
1.56234
4.08251
5.03665
4.06694
1.55044
-1.54744
-4.04334
-4.98804
-4.02745
-1.5353
1.53223
4.00337
4.93844
3.98716
1.51984
-1.51672
-3.9626
-4.88784
-3.94606
-1.50408
1.50089
3.921
4.83622
3.90414
1.48801
-1.48476
-3.87859
-4.78359
-3.86139
-1.47162
1.4683
3.83535
4.72994
3.81782
1.45491
-1.45153
-3.79127
-4.67525
-3.77341
-1.43788
1.43444
3.74636
4.61952
3.72815
1.42053
-1.41702
-3.70059
-4.56275
-3.68205
-1.40286
1.39928
3.65398
4.50492
3.6351
1.38486
-1.38122
-3.60651
-4.44603
-3.58728
-1.36653
1.36282
3.55818
4.38608
3.53861
1.34787
-1.3441
-3.50899
-4.32506
-3.48907
-1.32888
1.32504
3.45893
4.26297
3.43866
1.30956
-1.30566
-3.408
-4.1998
-3.38738
-1.28991
1.28594
3.35619
4.13555
3.33523
1.26992
-1.26588
-3.30351
-4.07021
-3.28219
-1.24959
1.24549
3.24995
4.00379
3.22828
1.22894
-1.22476
-3.19551
-3.93628
-3.17349
-1.20794
1.2037
3.1402
3.86769
3.11782
1.18661
-1.1823
-3.084
-3.798
-3.06127
-1.16494
1.16057
3.02691
3.72723
3.00383
1.14293
-1.13849
-2.96895
-3.65536
-2.94552
-1.12059
1.11608
2.91011
3.58241
2.88632
1.09791
-1.09334
-2.85038
-3.50837
-2.82625
-1.0749
1.07026
2.78978
3.43324
2.76529
1.05155
-1.04684
-2.7283
-3.35704
-2.70346
-1.02787
1.02309
2.66595
3.27975
2.64076
1.00385
-0.999007
-2.60272
-3.20138
-2.57719
-0.979501
0.974592
2.53863
3.12194
2.51275
0.954821
-0.949846
-2.47367
-3.04143
-2.44744
-0.929812
0.92477
2.40785
2.95986
2.38128
0.904474
-0.899367
-2.34117
-2.87724
-2.31426
-0.878811
0.873639
2.27364
2.79356
2.24639
0.852823
-0.847587
-2.20527
-2.70883
-2.17768
-0.826514
0.821213
2.13605
2.62307
2.10814
0.799885
-0.794521
-2.06601
-2.53628
-2.03776
-0.772939
0.767512
1.99513
2.44847
1.96655
0.745678
-0.740189
-1.92343
-2.35965
-1.89453
-0.718106
0.712555
1.85093
2.26983
1.8217
0.690225
-0.684612
-1.77761
-2.17901
-1.74806
-0.662039
0.656365
1.7035
2.08721
1.67364
0.633551
-0.627817
-1.6286
-1.99443
-1.59843
-0.604763
0.598971
1.55293
1.9007
1.52244
0.575681
-0.56983
-1.47648
-1.80602
-1.44569
-0.546308
0.540398
1.39928
1.71041
1.36819
0.516647
-0.510681
-1.32133
-1.61387
-1.28994
-0.486703
0.480681
1.24264
1.51643
1.21096
0.45648
-0.450403
-1.16323
-1.41809
-1.13126
-0.425983
0.419851
1.0831
1.31888
1.05085
0.395216
-0.38903
-1.00227
-1.21879
-0.969749
-0.364184
0.357946
0.920756
1.11786
0.887959
0.332891
-0.326602
-0.838563
-1.0161
-0.805499
-0.301344
0.295004
0.755707
0.913526
0.722382
0.269546
-0.263157
-0.672203
-0.81015
-0.638622
-0.237504
0.231067
0.588063
0.705993
0.554233
0.205223
-0.198739
-0.503304
-0.601074
-0.46923
-0.172709
0.166178
0.41794
0.495411
0.383628
0.139966
-0.133391
-0.331986
-0.389022
-0.297442
-0.107003
0.100384
0.245457
0.281927
0.210689
0.0738231
-0.0671619
-0.158371
-0.174147
-0.123384
-0.0404341
0.0337317
0.0707426
0.0657013
0.0355434
0.006842
-9.97672e-05
0.0174107
0.0433895
0.0528152
0.0269468
-0.0337276
-0.106072
-0.153104
-0.141675
-0.0609256
0.0677436
0.195224
0.26342
0.231018
0.0950879
-0.101942
-0.284849
-0.374317
-0.320827
-0.129427
0.136315
0.374929
0.485772
0.411084
0.163935
-0.170856
-0.465445
-0.597762
-0.50177
-0.198606
0.205559
0.55638
0.710263
0.592866
0.233432
-0.240415
-0.647713
-0.823254
-0.684354
-0.268406
0.275418
0.739427
0.936709
0.776214
0.303521
-0.31056
-0.8315
-1.0506
-0.868426
-0.338769
0.345834
0.923915
1.16492
0.960971
0.374143
-0.381232
-1.01665
-1.27962
-1.05383
-0.409634
0.416746
1.10969
1.39469
1.14698
0.445236
-0.452368
-1.203
-1.5101
-1.2404
-0.480939
0.488092
1.29657
1.62582
1.33407
0.516737
-0.523907
-1.39039
-1.74184
-1.42797
-0.552621
0.559807
1.48442
1.85812
1.52208
0.588583
-0.595784
-1.57864
-1.97463
-1.61638
-0.624614
0.631828
1.67304
2.09135
1.71084
0.660707
-0.667933
-1.76759
-2.20826
-1.80545
-0.696854
0.704088
1.86227
2.32532
1.90018
0.733044
-0.740287
-1.95706
-2.44251
-1.995
-0.769272
0.776521
2.05194
2.5598
2.08991
0.805526
-0.81278
-2.14688
-2.67716
-2.18486
-0.8418
0.849056
2.24186
2.79457
2.27985
0.878084
-0.885341
-2.33685
-2.912
-2.37485
-0.91437
0.921627
2.43185
3.02941
2.46984
0.950649
-0.957903
-2.52681
-3.14678
-2.56479
-0.986912
0.994162
2.62173
3.26409
2.65967
1.02315
-1.03039
-2.71657
-3.38129
-2.75448
-1.05935
1.06659
2.81131
3.49838
2.84918
1.09552
-1.10274
-2.90594
-3.61531
-2.94375
-1.13163
1.13884
3.00042
3.73205
3.03816
1.16768
-1.17488
-3.09473
-3.84858
-3.1324
-1.20366
1.21085
3.18885
3.96488
3.22644
1.23957
-1.24674
-3.28276
-4.0809
-3.32026
-1.27538
1.28253
3.37643
4.19662
3.41383
1.3111
-1.31824
-3.46985
-4.31202
-3.50713
-1.34672
1.35383
3.56297
4.42705
3.60014
1.38222
-1.38931
-3.65579
-4.54171
-3.69283
-1.4176
1.42466
3.74828
4.65595
3.78518
1.45285
-1.45988
-3.84042
-4.76974
-3.87717
-1.48796
1.49496
3.93218
4.88306
3.96877
1.52291
-1.52989
-4.02353
-4.99589
-4.05996
-1.55771
1.56465
4.11447
5.10818
4.15072
1.59235
-1.59925
-4.20496
-5.21991
-4.24102
-1.6268
1.63367
4.29497
5.33106
4.33084
1.66107
-1.66791
-4.3845
-5.4416
-4.42017
-1.69515
1.70194
4.47351
5.55149
4.50896
1.72903
-1.73578
-4.56198
-5.66071
-4.59721
-1.7627
1.7694
4.64989
5.76923
4.6849
1.79614
-1.80281
-4.73722
-5.87703
-4.77199
-1.82936
1.83598
4.82395
5.98407
4.85846
1.86235
-1.86891
-4.91005
-6.09034
-4.9443
-1.89508
1.9016
4.9955
6.1958
5.02949
1.92757
-1.93404
-5.08027
-6.30042
-5.11399
-1.9598
1.96621
5.16436
6.40419
5.1978
1.99175
-1.99811
-5.24774
-6.50706
-5.28088
-2.02343
2.02973
5.33038
6.60903
5.36323
2.05483
-2.06107
-5.41227
-6.71006
-5.44481
-2.08593
2.09211
5.49338
6.81012
5.5256
2.11673
-2.12285
-5.5737
-6.9092
-5.6056
-2.14722
2.15328
5.6532
7.00727
5.68477
2.1774
-2.18339
-5.73187
-7.1043
-5.76309
-2.20725
2.21318
5.80968
7.20026
5.84056
2.23677
-2.24264
-5.88662
-7.29515
-5.91714
-2.26596
2.27175
5.96266
7.38892
5.99283
2.2948
-2.30052
-6.0378
-7.48157
-6.0676
-2.32328
2.32894
6.11201
7.57306
6.14143
2.35141
-2.357
-6.18527
-7.66338
-6.2143
-2.37918
2.38468
6.25756
7.7525
6.28621
2.40657
-2.412
-6.32888
-7.84041
-6.35713
-2.43358
2.43893
6.39919
7.92707
6.42704
2.4602
-2.46548
-6.46849
-8.01248
-6.49593
-2.48644
2.49164
6.53676
8.09661
6.56378
2.51228
-2.5174
-6.60399
-8.17944
-6.63058
-2.53771
2.54275
6.67015
8.26095
6.69631
2.56273
-2.56769
-6.73523
-8.34113
-6.76096
-2.58734
2.59222
6.79922
8.41995
6.82451
2.61153
-2.61632
-6.8621
-8.4974
-6.88694
-2.6353
2.64
6.92387
8.57347
6.94825
2.65863
-2.66324
-6.9845
-8.64813
-7.00843
-2.68153
2.68605
7.04398
8.72137
7.06745
2.70398
-2.70842
-7.1023
-8.79317
-7.12531
-2.72599
2.73034
7.15946
8.86353
7.18199
2.74755
-2.75181
-7.21543
-8.93242
-7.23748
-2.76866
2.77282
7.2702
8.99983
7.29178
2.7893
-2.79338
-7.32377
-9.06575
-7.34486
-2.80949
2.81347
7.37613
9.13016
7.39673
2.82921
-2.83309
-7.42726
-9.19306
-7.44737
-2.84845
2.85225
7.47716
9.25443
7.49677
2.86723
-2.87093
-7.52581
-9.31426
-7.54492
-2.88552
2.88913
7.57321
9.37254
7.59182
2.90334
-2.90685
-7.61935
-9.42926
-7.63745
-2.92068
2.92408
7.66423
9.48441
7.68182
2.93752
-2.94084
-7.70782
-9.53798
-7.72491
-2.95388
2.9571
7.75014
9.58997
7.76671
2.96975
-2.97287
-7.79117
-9.64037
-7.80722
-2.98513
2.98815
7.83091
9.68917
7.84644
3.00001
-3.00293
-7.86935
-9.73636
-7.88436
-3.0144
3.01721
7.90649
9.78194
7.92098
3.02828
-3.031
-7.94232
-9.82591
-7.95628
-3.04167
3.04428
7.97684
9.86826
7.99028
3.05455
-3.05707
-8.01005
-9.90898
-8.02296
-3.06694
3.06935
8.04194
9.94807
8.05433
3.07881
-3.08113
-8.07251
-9.98554
-8.08437
-3.09019
3.09241
8.10177
10.0214
8.1131
3.10106
-3.10318
-8.1297
-10.0556
-8.1405
-3.11143
3.11344
8.15631
10.0881
8.16659
3.12129
-3.1232
-8.1816
-10.1191
-8.19135
-3.13065
3.13246
8.20557
10.1484
8.21479
3.1395
-3.14121
-8.22822
-10.176
-8.23691
-3.14785
3.14946
8.24955
10.2021
8.25772
3.1557
-3.15721
-8.26957
-10.2265
-8.27721
-3.16304
3.16445
8.28827
10.2493
8.29538
3.16988
-3.17119
-8.30566
-10.2705
-8.31225
-3.17622
3.17743
8.32174
10.29
8.32781
3.18207
-3.18318
-8.33652
-10.308
-8.34206
-3.18741
3.18842
8.34999
10.3243
8.35502
3.19226
-3.19318
-8.36218
-10.339
-8.36669
-3.19662
3.19743
8.37307
10.3522
8.37706
3.20049
-3.2012
-8.38268
-10.3637
-8.38616
-3.20387
3.20448
8.39101
10.3737
8.39398
3.20676
-3.20728
-8.39807
-10.3821
-8.40054
-3.20916
3.20959
8.40387
10.389
8.40583
3.21109
-3.21142
-8.40841
-10.3943
-8.40987
-3.21254
3.21277
8.4117
10.3981
8.41267
3.21351
-3.21365
-8.41376
-10.4003
-8.41423
-3.21401
3.21406
8.41458
10.401
8.41457
3.21405
-3.214
-8.41419
-10.4002
-8.41369
-3.21362
3.21348
8.41258
10.3979
8.4116
3.21273
-3.2125
-8.40977
-10.3942
-8.40832
-3.21139
3.21106
8.40578
10.389
8.40385
3.20959
-3.20918
-8.40061
-10.3823
-8.39821
-3.20735
3.20684
8.39427
10.3741
8.39141
3.20466
-3.20407
-8.38677
-10.3646
-8.38346
-3.20154
3.20086
8.37814
10.3536
8.37437
3.19798
-3.19721
-8.36837
-10.3413
-8.36416
-3.19399
3.19314
8.35749
10.3276
8.35283
3.18958
-3.18865
-8.34551
-10.3125
-8.34042
-3.18476
3.18374
8.33244
10.2961
8.32692
3.17952
-3.17842
-8.3183
-10.2783
-8.31235
-3.17387
3.1727
8.3031
10.2593
8.29673
3.16783
-3.16657
-8.28685
-10.2389
-8.28007
-3.16138
3.16005
8.26958
10.2173
8.26239
3.15455
-3.15314
-8.2513
-10.1945
-8.2437
-3.14734
3.14585
8.23201
10.1704
8.22403
3.13975
-3.13819
-8.21175
-10.1451
-8.20338
-3.13179
3.13015
8.19053
10.1187
8.18177
3.12346
-3.12176
-8.16836
-10.091
-8.15923
-3.11478
3.113
8.14526
10.0622
8.13576
3.10575
-3.1039
-8.12124
-10.0323
-8.11139
-3.09637
3.09446
8.09634
10.0013
8.08613
3.08666
-3.08468
-8.07056
-9.96926
-8.06001
-3.07662
3.07457
8.04393
9.93613
8.03304
3.06625
-3.06414
-8.01645
-9.90197
-8.00523
-3.05557
3.05339
7.98816
9.8668
7.97662
3.04458
-3.04234
-7.95907
-9.83064
-7.94721
-3.03328
3.03099
7.9292
9.79353
7.91703
3.0217
-3.01935
-7.89856
-9.75548
-7.8861
-3.00983
3.00742
7.86719
9.71652
7.85444
2.99768
-2.99521
-7.8351
-9.67667
-7.82206
-2.98526
2.98274
7.8023
9.63596
7.78899
2.97257
-2.97
-7.76882
-9.59442
-7.75525
-2.95963
2.95701
7.73469
9.55206
7.72085
2.94645
-2.94378
-7.69991
-9.50892
-7.68582
-2.93302
2.93031
7.66451
9.46502
7.65019
2.91936
-2.9166
-7.62852
-9.42038
-7.61396
-2.90548
2.90268
7.59195
9.37504
7.57716
2.89138
-2.88854
-7.55482
-9.32902
-7.53982
-2.87708
2.87419
7.51716
9.28233
7.50195
2.86257
-2.85965
-7.47899
-9.23502
-7.46358
-2.84788
2.84492
7.44032
9.18711
7.42472
2.833
-2.83
-7.40118
-9.13862
-7.3854
-2.81795
2.81492
7.36159
9.08958
7.34564
2.80273
-2.79966
-7.32158
-9.04001
-7.30545
-2.78735
2.78425
7.28115
8.98995
7.26488
2.77182
-2.76869
-7.24035
-8.93942
-7.22392
-2.75615
2.753
7.19918
8.88844
7.18261
2.74034
-2.73717
-7.15766
-8.83705
-7.14097
-2.72441
2.72121
7.11583
8.78526
7.09901
2.70836
-2.70514
-7.0737
-8.73311
-7.05677
-2.6922
2.68896
7.03129
8.68063
7.01425
2.67595
-2.67268
-6.98862
-8.62783
-6.97149
-2.65959
2.65631
6.94572
8.57474
6.9285
2.64316
-2.63986
-6.90261
-8.5214
-6.88531
-2.62664
2.62333
6.8593
8.46783
6.84193
2.61006
-2.60674
-6.81582
-8.41405
-6.79839
-2.59342
2.59008
6.77219
8.36009
6.7547
2.57672
-2.57338
-6.72844
-8.30597
-6.7109
-2.55998
2.55663
6.68457
8.25172
6.667
2.54321
-2.53985
-6.64061
-8.19737
-6.62301
-2.5264
2.52304
6.59659
8.14294
6.57897
2.50958
-2.50621
-6.55252
-8.08846
-6.53489
-2.49274
2.48937
6.50842
8.03395
6.49078
2.47589
-2.47252
-6.46432
-7.97944
-6.44668
-2.45905
2.45568
6.42023
7.92494
6.4026
2.44221
-2.43885
-6.37617
-7.8705
-6.35856
-2.42539
2.42203
6.33216
7.81612
6.31458
2.4086
-2.40524
-6.28823
-7.76183
-6.27068
-2.39184
2.38849
6.24438
7.70766
6.22687
2.37511
-2.37177
-6.20065
-7.65362
-6.18319
-2.35844
2.35511
6.15704
7.59975
6.13963
2.34181
-2.33849
-6.11357
-7.54607
-6.09623
-2.32525
2.32194
6.07027
7.49259
6.053
2.30875
-2.30546
-6.02715
-7.43934
-6.00996
-2.29232
2.28905
5.98423
7.38634
5.96712
2.27598
-2.27272
-5.94153
-7.33361
-5.92451
-2.25972
2.25648
5.89906
7.28117
5.88214
2.24355
-2.24033
-5.85684
-7.22905
-5.84002
-2.22749
2.22428
5.81488
7.17726
5.79818
2.21152
-2.20835
-5.77321
-7.12582
-5.75663
-2.19567
2.19252
5.73184
7.07476
5.71538
2.17994
-2.17681
-5.69078
-7.02409
-5.67444
-2.16433
2.16123
5.65005
6.97382
5.63385
2.14885
-2.14577
-5.60966
-6.92399
-5.5936
-2.13351
2.13045
5.56963
6.8746
5.55372
2.1183
-2.11528
-5.52997
-6.82567
-5.51421
-2.10324
2.10025
5.49069
6.77722
5.4751
2.08833
-2.08537
-5.45182
-6.72927
-5.43638
-2.07358
2.07064
5.41336
6.68183
5.39809
2.05898
-2.05608
-5.37532
-6.63492
-5.36023
-2.04455
2.04169
5.33772
6.58855
5.3228
2.03029
-2.02746
-5.30056
-6.54274
-5.28583
-2.01621
2.01341
5.26387
6.4975
5.24933
2.0023
-1.99954
-5.22765
-6.45285
-5.2133
-1.98857
1.98585
5.19191
6.40879
5.17775
1.97503
-1.97235
-5.15666
-6.36535
-5.1427
-1.96168
1.95904
5.12192
6.32253
5.10816
1.94853
-1.94592
-5.08768
-6.28034
-5.07414
-1.93557
1.933
5.05397
6.2388
5.04063
1.92282
-1.92029
-5.02079
-6.19791
-5.00766
-1.91026
1.90778
4.98814
6.15769
4.97523
1.89792
-1.89547
-4.95604
-6.11815
-4.94335
-1.88578
1.88338
4.92449
6.07929
4.91203
1.87386
-1.8715
-4.8935
-6.04113
-4.88127
-1.86215
1.85984
4.86308
6.00366
4.85107
1.85066
-1.84839
-4.83323
-5.96691
-4.82145
-1.8394
1.83717
4.80396
5.93087
4.79241
1.82835
-1.82617
-4.77527
-5.89556
-4.76396
-1.81752
1.81539
4.74717
5.86097
4.7361
1.80693
-1.80483
-4.71967
-5.82712
-4.70883
-1.79656
1.79451
4.69276
5.794
4.68216
1.78642
-1.78442
-4.66645
-5.76163
-4.65609
-1.7765
1.77455
4.64074
5.73
4.63063
1.76682
-1.76492
-4.61564
-5.69913
-4.60577
-1.75738
1.75551
4.59115
5.66901
4.58152
1.74816
-1.74635
-4.56727
-5.63964
-4.55789
-1.73918
1.73741
4.544
5.61103
4.53486
1.73043
-1.72871
-4.52134
-5.58317
-4.51245
-1.72192
1.72024
4.4993
5.55608
4.49065
1.71364
-1.71201
-4.47787
-5.52974
-4.46947
-1.70559
1.70401
4.45705
5.50416
4.44889
1.69778
-1.69625
-4.43684
-5.47934
-4.42893
-1.69021
1.68872
4.41725
5.45527
4.40958
1.68286
-1.68142
-4.39827
-5.43195
-4.39084
-1.67575
1.67435
4.37989
5.40939
4.37271
1.66887
-1.66752
-4.36212
-5.38757
-4.35518
-1.66222
1.66092
4.34495
5.3665
4.33825
1.6558
-1.65454
-4.32838
-5.34617
-4.32192
-1.64961
1.6484
4.31241
5.32657
4.30619
1.64364
-1.64248
-4.29703
-5.30771
-4.29104
-1.6379
1.63678
4.28224
5.28957
4.27648
1.63239
-1.63131
-4.26803
-5.27214
-4.26251
-1.62709
1.62606
4.25439
5.25544
4.2491
1.62201
-1.62103
-4.24133
-5.23943
-4.23627
-1.61716
1.61621
4.22884
5.22413
4.224
1.61251
-1.61161
-4.21691
-5.20952
-4.21229
-1.60808
1.60722
4.20553
5.19559
4.20113
1.60386
-1.60304
-4.19469
-5.18233
-4.19051
-1.59985
1.59907
4.1844
5.16974
4.18043
1.59604
-1.5953
-4.17464
-5.1578
-4.17088
-1.59243
1.59173
4.1654
5.14651
4.16185
1.58902
-1.58836
-4.15667
-5.13585
-4.15333
-1.5858
1.58518
4.14846
5.12582
4.14531
1.58278
-1.58219
-4.14074
-5.1164
-4.13779
-1.57994
1.5794
4.1335
5.10758
4.13075
1.57729
-1.57678
-4.12675
-5.09935
-4.12418
-1.57482
1.57434
4.12047
5.09169
4.11808
1.57252
-1.57209
-4.11464
-5.08461
-4.11244
-1.5704
1.57
4.10927
5.07807
4.10724
1.56845
-1.56808
-4.10433
-5.07207
-4.10247
-1.56666
1.56632
4.09982
5.0666
4.09813
1.56503
-1.56473
-4.09572
-5.06163
-4.09419
-1.56356
1.56328
4.09202
5.05717
4.09066
1.56224
-1.56199
-4.08872
-5.05318
-4.08751
-1.56107
1.56085
4.0858
5.04966
4.08474
1.56004
-1.55985
-4.08325
-5.04659
-4.08233
-1.55914
1.55898
4.08105
5.04396
4.08027
1.55838
-1.55825
-4.07919
-5.04175
-4.07855
-1.55775
1.55764
4.07767
5.03995
4.07715
1.55724
-1.55715
-4.07646
-5.03853
-4.07606
-1.55685
1.55678
4.07555
5.03748
4.07527
1.55657
-1.55653
-4.07494
-5.03679
-4.07477
-1.5564
1.55638
4.0746
5.03644
4.07454
1.55633
-1.55633
-4.07453
-5.03641
-4.07457
-1.55636
1.55638
4.0747
5.03668
4.07483
1.55648
-1.55651
-4.07511
-5.03724
-4.07533
-1.55669
1.55674
4.07574
5.03807
4.07605
1.55697
-1.55704
-4.07657
-5.03915
-4.07696
-1.55734
1.55742
4.0776
5.04047
4.07806
1.55777
-1.55787
-4.0788
-5.042
-4.07933
-1.55827
1.55838
4.08017
5.04373
4.08076
1.55883
-1.55895
-4.08169
-5.04564
-4.08233
-1.55944
1.55957
4.08334
5.04771
4.08403
1.5601
-1.56023
-4.08511
-5.04993
-4.08585
-1.5608
1.56094
4.08698
5.05227
4.08776
1.56153
-1.56169
-4.08895
-5.05471
-4.08975
-1.5623
1.56246
4.09098
5.05725
4.09181
1.56309
-1.56326
-4.09308
-5.05985
-4.09393
-1.56391
1.56407
4.09522
5.0625
4.09608
1.56473
-1.5649
-4.09739
-5.06519
-4.09826
-1.56556
1.56573
4.09957
5.06789
4.10045
1.5664
-1.56657
-4.10176
-5.07059
-4.10263
-1.56723
1.5674
4.10393
5.07326
4.10479
1.56805
-1.56821
-4.10606
-5.0759
-4.10691
-1.56886
1.56902
4.10816
5.07847
4.10898
1.56964
-1.5698
-4.11019
-5.08096
-4.11098
-1.5704
1.57055
4.11215
5.08336
4.11291
1.57113
-1.57127
-4.11401
-5.08565
-4.11473
-1.57182
1.57196
4.11578
5.0878
4.11645
1.57247
-1.57259
-4.11742
-5.0898
-4.11805
-1.57307
1.57318
4.11894
5.09164
4.1195
1.57361
-1.57372
-4.1203
-5.09329
-4.1208
-1.5741
1.57419
4.1215
5.09473
4.12194
1.57452
-1.57459
-4.12253
-5.09595
-4.12289
-1.57487
1.57493
4.12337
5.09694
4.12365
1.57514
-1.57519
-4.124
-5.09767
-4.1242
-1.57533
1.57536
4.12442
5.09813
4.12452
1.57544
-1.57545
-4.12461
-5.0983
-4.12461
-1.57546
1.57545
4.12455
5.09817
4.12445
1.57538
-1.57535
-4.12423
-5.09772
-4.12403
-1.5752
1.57515
4.12365
5.09692
4.12334
1.57491
-1.57484
-4.12278
-5.09578
-4.12235
-1.57451
1.57442
4.12162
5.09427
4.12107
1.574
-1.57388
-4.12015
-5.09237
-4.11947
-1.57336
1.57322
4.11836
5.09008
4.11755
1.5726
-1.57243
-4.11623
-5.08737
-4.11529
-1.57171
1.57152
4.11376
5.08423
4.11268
1.57069
-1.57047
-4.11094
-5.08065
-4.10971
-1.56953
1.56928
4.10775
5.07662
4.10637
1.56822
-1.56794
-4.10418
-5.07211
-4.10265
-1.56677
1.56646
4.10023
5.06712
4.09854
1.56517
-1.56483
-4.09587
-5.06164
-4.09402
-1.56341
1.56304
4.09111
5.05565
4.08909
1.5615
-1.56109
-4.08593
-5.04914
-4.08373
-1.55942
1.55898
4.08032
5.0421
4.07795
1.55718
-1.55671
-4.07427
-5.03451
-4.07172
-1.55476
1.55426
4.06777
5.02636
4.06504
1.55218
-1.55164
-4.06081
-5.01766
-4.0579
-1.54941
1.54884
4.0534
5.00837
4.0503
1.54647
-1.54586
-4.04551
-4.9985
-4.04221
-1.54335
1.5427
4.03713
4.98803
4.03365
1.54004
-1.53936
-4.02827
-4.97696
-4.02459
-1.53654
1.53582
4.01892
4.96527
4.01503
1.53285
-1.53209
-4.00906
-4.95296
-4.00497
-1.52897
1.52817
3.99869
4.94001
3.9944
1.52489
-1.52405
-3.98781
-4.92643
-3.98331
-1.52062
1.51974
3.9764
4.9122
3.97169
1.51614
-1.51522
-3.96447
-4.89732
-3.95955
-1.51146
1.5105
3.952
4.88178
3.94687
1.50658
-1.50557
-3.939
-4.86558
-3.93365
-1.50149
1.50044
3.92546
4.8487
3.91989
1.49619
-1.4951
-3.91137
-4.83115
-3.90558
-1.49068
1.48955
3.89673
4.81292
3.89072
1.48496
-1.48379
-3.88153
-4.794
-3.8753
-1.47903
1.47782
3.86578
4.77439
3.85932
1.47288
-1.47163
-3.84947
-4.75409
-3.84279
-1.46653
1.46523
3.8326
4.7331
3.82569
1.45995
-1.45861
-3.81516
-4.7114
-3.80803
-1.45316
1.45178
3.79716
4.68901
3.7898
1.44616
-1.44473
-3.77859
-4.66592
-3.771
-1.43893
1.43746
3.75945
4.64212
3.75163
1.43149
-1.42998
-3.73974
-4.61762
-3.7317
-1.42383
1.42227
3.71946
4.59241
3.71119
1.41596
-1.41436
-3.69862
-4.5665
-3.69012
-1.40786
1.40622
3.6772
4.53989
3.66847
1.39955
-1.39786
-3.65521
-4.51258
-3.64626
-1.39103
1.38929
3.63266
4.48456
3.62348
1.38228
-1.38051
-3.60955
-4.45585
-3.60014
-1.37332
1.37151
3.58587
4.42644
3.57624
1.36415
-1.36229
-3.56162
-4.39633
-3.55177
-1.35476
1.35286
3.53682
4.36554
3.52675
1.34516
-1.34321
-3.51146
-4.33406
-3.50117
-1.33535
1.33336
3.48555
4.3019
3.47504
1.32532
-1.32329
-3.4591
-4.26905
-3.44836
-1.31509
1.31302
3.43209
4.23554
3.42114
1.30465
-1.30254
-3.40454
-4.20136
-3.39338
-1.29401
1.29186
3.37646
4.16652
3.36508
1.28316
-1.28097
-3.34785
-4.13102
-3.33626
-1.27211
1.26988
3.31871
4.09487
3.30691
1.26086
-1.25859
-3.28905
-4.05808
-3.27704
-1.24941
1.2471
3.25887
4.02066
3.24666
1.23777
-1.23542
-3.22819
-3.9826
-3.21578
-1.22594
1.22355
3.19701
3.94393
3.18439
1.21391
-1.21148
-3.16533
-3.90466
-3.15252
-1.2017
1.19923
3.13316
3.86478
3.12016
1.1893
-1.1868
-3.10051
-3.8243
-3.08732
-1.17672
1.17418
3.06739
3.78325
3.05402
1.16396
-1.16139
-3.03381
-3.74163
-3.02025
-1.15103
1.14843
2.99977
3.69944
2.98603
1.13793
-1.13529
-2.96529
-3.6567
-2.95137
-1.12465
1.12198
2.93036
3.61343
2.91627
1.11122
-1.10851
-2.89501
-3.56963
-2.88075
-1.09762
1.09488
2.85924
3.52531
2.84481
1.08386
-1.08109
-2.82305
-3.48048
-2.80847
-1.06995
1.06714
2.78647
3.43517
2.77173
1.05588
-1.05305
-2.7495
-3.38938
-2.73461
-1.04167
1.03881
2.71215
3.34312
2.69711
1.02732
-1.02444
-2.67443
-3.29641
-2.65925
-1.01283
1.00992
2.63636
3.24926
2.62103
0.99821
-0.99527
-2.59794
-3.20168
-2.58248
-0.983457
0.980492
2.55918
3.1537
2.54359
0.96858
-0.965589
-2.5201
-3.10531
-2.50439
-0.953581
0.950567
2.48072
3.05655
2.46487
0.938466
-0.93543
-2.44103
-3.00742
-2.42507
-0.92324
0.920182
2.40105
2.95794
2.38498
0.907907
-0.904828
-2.3608
-2.90812
-2.34462
-0.892472
0.889373
2.32029
2.85798
2.30401
0.87694
-0.873822
-2.27952
-2.80753
-2.26315
-0.861315
0.85818
2.23853
2.7568
2.22206
0.845603
-0.842451
-2.1973
-2.70579
-2.18075
-0.829808
0.82664
2.15587
2.65453
2.13924
0.813937
-0.810753
-2.11424
-2.60302
-2.09753
-0.797992
0.794795
2.07242
2.55129
2.05565
0.781981
-0.778771
-2.03044
-2.49936
-2.0136
-0.765907
0.762686
1.9883
2.44723
1.9714
0.749777
-0.746545
-1.94601
-2.39493
-1.92906
-0.733595
0.730353
1.9036
2.34247
1.8866
0.717367
-0.714116
-1.86107
-2.28987
-1.84402
-0.701098
0.69784
1.81843
2.23716
1.80136
0.684793
-0.681528
-1.77571
-2.18433
-1.7586
-0.668458
0.665188
1.73292
2.13142
1.71579
0.652098
-0.648823
-1.69007
-2.07844
-1.67291
-0.635718
0.63244
1.64717
2.0254
1.63
0.619324
-0.616044
-1.60424
-1.97233
-1.58706
-0.602922
0.599641
1.56129
1.91924
1.54411
0.586516
-0.583235
-1.51834
-1.86615
-1.50116
-0.570112
0.566832
1.4754
1.81308
1.45823
0.553716
-0.550438
-1.43248
-1.76004
-1.41533
-0.537332
0.534057
1.38961
1.70706
1.37247
0.520967
-0.517696
-1.34679
-1.65414
-1.32968
-0.504625
0.50136
1.30403
1.60131
1.28695
0.488312
-0.485054
-1.26136
-1.54859
-1.24432
-0.472034
0.468783
1.21878
1.49599
1.20178
0.455795
-0.452553
-1.17631
-1.44352
-1.15936
-0.439602
0.436369
1.13397
1.39121
1.11707
0.423458
-0.420236
-1.09176
-1.33908
-1.07492
-0.40737
0.40416
1.04971
1.28713
1.03293
0.391343
-0.388145
-1.00781
-1.23539
-0.991105
-0.375382
0.372198
0.966098
1.18388
0.949465
0.359491
-0.356322
-0.924575
-1.1326
-0.908022
-0.343677
0.340524
0.883256
1.08158
0.866789
0.327944
-0.324808
-0.842155
-1.03083
-0.825779
-0.312297
0.309179
0.801285
0.980375
0.785005
0.296741
-0.293642
-0.760659
-0.93022
-0.744479
-0.281282
0.278202
0.720288
0.880385
0.704215
0.265923
-0.262863
-0.680187
-0.830885
-0.664225
-0.250669
0.247632
0.640367
0.781736
0.624521
0.235526
-0.232511
-0.600841
-0.732953
-0.585115
-0.220498
0.217506
0.56162
0.684551
0.54602
0.205589
-0.202622
-0.522717
-0.636544
-0.507247
-0.190804
0.187863
0.484143
0.588947
0.468808
0.176148
-0.173232
-0.445909
-0.541774
-0.430714
-0.161624
0.158736
0.408028
0.495039
0.392976
0.147237
-0.144377
-0.37051
-0.448755
-0.355606
-0.132992
0.13016
0.333365
0.402936
0.318614
0.118892
-0.116089
-0.296605
-0.357595
-0.282011
-0.104941
0.102169
0.26024
0.312744
0.245807
0.0911428
-0.0884019
-0.22428
-0.268397
-0.210012
-0.0775019
0.0747929
0.188735
0.224565
0.174635
0.0640217
-0.0613453
-0.153614
-0.18126
-0.139687
-0.0507059
0.0480628
0.118928
0.138493
0.105177
0.037558
-0.0349488
-0.0846844
-0.0962769
-0.0711131
-0.0245813
0.0220068
0.0508929
0.0546214
0.0375048
0.0117793
-0.00924012
-0.017562
-0.0135372
-0.00436049
0.000844897
-0.00334812
-0.0153
-0.0269653
-0.0283117
-0.0132881
0.0157548
0.047685
0.0668764
0.0605038
0.0255474
-0.0279769
-0.0795854
-0.106186
-0.0922082
-0.0376198
0.0400116
0.110994
0.144886
0.123417
0.0495025
-0.0518561
-0.141903
-0.182967
-0.154125
-0.061193
0.0635078
0.172305
0.220421
0.184323
0.0726886
-0.0749641
-0.202195
-0.257239
-0.214006
-0.0839869
0.0862226
0.231566
0.293415
0.243168
0.0950855
-0.0972811
-0.260412
-0.32894
-0.271802
-0.105982
0.108137
0.288728
0.363808
0.299904
0.116675
-0.118789
-0.316507
-0.398012
-0.327468
-0.127162
0.129235
0.343746
0.431546
0.354489
0.137442
-0.139473
-0.370439
-0.464405
-0.380962
-0.147512
0.149501
0.396582
0.496583
0.406884
0.157371
-0.159317
-0.422171
-0.528076
-0.432251
-0.167017
0.168921
0.447203
0.558878
0.457059
0.17645
-0.178311
-0.471673
-0.588986
-0.481304
-0.185668
0.187486
0.49558
0.618397
0.504984
0.19467
-0.196444
-0.51892
-0.647106
-0.528097
-0.203454
0.205185
0.541691
0.675111
0.550639
0.212021
-0.213708
-0.56389
-0.70241
-0.57261
-0.22037
0.222013
0.585517
0.729
0.594007
0.228499
-0.230098
-0.60657
-0.75488
-0.61483
-0.236408
0.237964
0.627047
0.78005
0.635077
0.244098
-0.24561
-0.646949
-0.804507
-0.654748
-0.251568
0.253035
0.666274
0.828252
0.673843
0.258817
-0.260241
-0.685024
-0.851285
-0.692362
-0.265847
0.267227
0.703197
0.873607
0.710305
0.272657
-0.273993
-0.720795
-0.895218
-0.727674
-0.279247
0.280539
0.73782
0.916119
0.744469
0.285619
-0.286867
-0.754271
-0.936313
-0.760692
-0.291772
0.292976
0.770152
0.955801
0.776344
0.297707
-0.298868
-0.785463
-0.974586
-0.791428
-0.303425
0.304543
0.800207
0.992672
0.805947
0.308928
-0.310002
-0.814388
-1.01006
-0.819903
-0.314215
0.315247
0.828007
1.02676
0.833299
0.31929
-0.320279
-0.841069
-1.04277
-0.846138
-0.324152
0.325099
0.853577
1.05809
0.858425
0.328803
-0.329708
-0.865534
-1.07273
-0.870164
-0.333245
0.334108
0.876946
1.08671
0.881359
0.337479
-0.338302
-0.887816
-1.10001
-0.892014
-0.341509
0.34229
0.89815
1.11265
0.902135
0.345334
-0.346075
-0.907954
-1.12464
-0.911727
-0.348958
0.349658
0.917231
1.13598
0.920796
0.352382
-0.353043
-0.925989
-1.14667
-0.929348
-0.355609
0.356231
0.934233
1.15674
0.937388
0.358641
-0.359225
-0.941969
-1.16618
-0.944924
-0.361481
0.362027
0.949206
1.175
0.951961
0.364132
-0.36464
-0.955948
-1.18321
-0.958509
-0.366596
0.367066
0.962204
1.19083
0.964572
0.368875
-0.369309
-0.967982
-1.19785
-0.97016
-0.370974
0.371372
0.973288
1.20429
0.97528
0.372894
-0.373257
-0.978131
-1.21017
-0.97994
-0.374639
0.374967
0.982519
1.21548
0.984149
0.376213
-0.376507
-0.986462
-1.22024
-0.987915
-0.377618
0.377879
0.989966
1.22447
0.991248
0.378858
-0.379086
-0.993043
-1.22817
-0.994155
-0.379937
0.380133
0.9957
1.23135
0.996648
0.380857
-0.381023
-0.997947
-1.23403
-0.998734
-0.381624
0.381759
0.999795
1.23621
1.00042
0.382239
-0.382345
-1.00125
-1.23792
-1.00173
-0.382709
0.382785
1.00233
1.23916
1.00266
0.383035
-0.383084
-1.00304
-1.23995
-1.00322
-0.383223
0.383244
1.00339
1.24029
1.00343
0.383276
-0.383271
-1.00339
-1.24021
-1.00329
-0.383198
0.383167
1.00305
1.23971
1.00282
0.382994
-0.382938
-1.00239
-1.23881
-1.00203
-0.382668
0.382588
1.00141
1.23752
1.00093
0.382224
-0.382121
-1.00013
-1.23586
-0.999531
-0.381666
0.381542
0.998551
1.23385
0.997842
0.381
-0.380854
-0.996696
-1.23148
-0.995877
-0.380229
0.380063
0.994571
1.22879
0.993648
0.379358
-0.379172
-0.992189
-1.22579
-0.991167
-0.378391
0.378187
0.989562
1.22248
0.988446
0.377334
-0.377112
-0.986703
-1.21889
-0.985496
-0.376191
0.375952
0.983622
1.21503
0.982331
0.374966
-0.374711
-0.980334
-1.21092
-0.978962
-0.373664
0.373395
0.976849
1.20656
0.975403
0.37229
-0.372008
-0.973181
-1.20198
-0.971665
-0.37085
0.370554
0.969342
1.1972
0.967761
0.369346
-0.369039
-0.965344
-1.19222
-0.963704
-0.367786
0.367467
0.961201
1.18707
0.959506
0.366172
-0.365843
-0.956925
-1.18175
-0.95518
-0.364511
0.364173
0.952529
1.17629
0.95074
0.362806
-0.362461
-0.948025
-1.1707
-0.946197
-0.361064
0.360711
0.943427
1.16499
0.941564
0.359288
-0.358929
-0.938747
-1.15919
-0.936854
-0.357484
0.35712
0.933997
1.1533
0.932081
0.355656
-0.355288
-0.929191
-1.14735
-0.927256
-0.35381
0.353439
0.924342
1.14135
0.922393
0.35195
-0.351577
-0.919462
-1.13531
-0.917504
-0.350081
0.349707
0.914563
1.12925
0.912602
0.348208
-0.347833
-0.909659
-1.12319
-0.907699
-0.346336
0.345962
0.904762
1.11714
0.902808
0.344469
-0.344097
-0.899885
-1.11112
-0.897942
-0.342613
0.342243
0.895039
1.10514
0.893113
0.340772
-0.340406
-0.890238
-1.09922
-0.888333
-0.33895
0.338589
0.885494
1.09337
0.883614
0.337153
-0.336797
-0.880818
-1.08761
-0.87897
-0.335386
0.335036
0.876224
1.08195
0.874411
0.333651
-0.333309
-0.871722
-1.07641
-0.86995
-0.331955
0.331621
0.867325
1.071
0.865599
0.330302
-0.329977
-0.863045
-1.06574
-0.861368
-0.328696
0.328381
0.858893
1.06064
0.857271
0.327142
-0.326837
-0.854881
-1.05572
-0.853317
-0.325643
0.325351
0.851019
1.05099
0.849519
0.324205
-0.323925
-0.84732
-1.04646
-0.845888
-0.322831
0.322564
0.843793
1.04214
0.842434
0.321526
-0.321273
-0.840451
-1.03806
-0.839168
-0.320293
0.320055
0.837303
1.03421
0.8361
0.319137
-0.318915
-0.834359
-1.03063
-0.833242
-0.318062
0.317856
0.831631
1.02731
0.830602
0.317071
-0.316883
-0.829128
-1.02427
-0.828192
-0.316168
0.315998
0.82686
1.02153
0.826021
0.315357
-0.315206
-0.824837
-1.01909
-0.824098
-0.314642
0.314511
0.823067
1.01697
0.822432
0.314026
-0.313915
-0.821561
-1.01517
-0.821034
-0.313513
0.313422
0.820326
1.01371
0.81991
0.313105
-0.313036
-0.819372
-1.01261
-0.819071
-0.312806
0.31276
0.818707
1.01186
0.818524
0.31262
-0.312597
-0.818339
-1.01148
-0.818277
-0.312549
0.312549
0.818276
1.01148
0.818338
0.312596
-0.31262
-0.818526
-1.01186
-0.818715
-0.312765
0.312813
0.819096
1.01265
0.819415
0.313057
-0.313131
-0.819993
-1.01384
-0.820445
-0.313476
0.313575
0.821224
1.01544
0.821811
0.314024
-0.314149
-0.822794
-1.01747
-0.82352
-0.314703
0.314855
0.824712
1.01993
0.825577
0.315516
-0.315695
-0.826982
-1.02282
-0.82799
-0.316465
0.316671
0.829609
1.02616
0.830762
0.317551
-0.317785
-0.8326
-1.02994
-0.8339
-0.318778
0.31904
0.83596
1.03419
0.837407
0.320146
-0.320437
-0.839692
-1.03889
-0.84129
-0.321658
0.321978
0.843801
1.04407
0.845551
0.323315
-0.323664
-0.848291
-1.04971
-0.850194
-0.325118
0.325496
0.853166
1.05583
0.855224
0.327069
-0.327477
-0.858429
-1.06244
-0.860643
-0.329168
0.329606
0.864083
1.06952
0.866455
0.331418
-0.331886
-0.870131
-1.07709
-0.872661
-0.333819
0.334317
0.876575
1.08516
0.879264
0.336372
-0.3369
-0.883417
-1.09371
-0.886266
-0.339077
0.339636
0.890659
1.10276
0.893668
0.341935
-0.342525
-0.898302
-1.11231
-0.901472
-0.344946
0.345567
0.906347
1.12235
0.909677
0.348111
-0.348763
-0.914794
-1.1329
-0.918286
-0.35143
0.352112
0.923644
1.14393
0.927297
0.354903
-0.355616
-0.932897
-1.15547
-0.93671
-0.358529
0.359273
0.942551
1.1675
0.946526
0.362309
-0.363083
-0.952608
-1.18003
-0.956742
-0.366242
0.367047
0.963064
1.19306
0.967358
0.370327
-0.371162
-0.973919
-1.20657
-0.978372
-0.374564
0.37543
0.98517
1.22058
0.989782
0.378953
-0.379848
-0.996817
-1.23507
-1.00158
-0.383491
0.384417
1.00885
1.25005
1.01378
0.388178
-0.389134
-1.02128
-1.2655
-1.02636
-0.393014
0.393998
1.03409
1.28143
1.03933
0.397995
-0.399009
-1.04729
-1.29784
-1.05267
-0.403122
0.404164
1.06086
1.31471
1.06639
0.408392
-0.409463
-1.07481
-1.33204
-1.08049
-0.413804
0.414903
1.08912
1.34982
1.09495
0.419355
-0.420482
-1.1038
-1.36805
-1.10977
-0.425044
0.426198
1.11884
1.38673
1.12495
0.430869
-0.43205
-1.13423
-1.40584
-1.14048
-0.436827
0.438035
1.14996
1.42537
1.15635
0.442916
-0.444149
-1.16604
-1.44533
-1.17257
-0.449134
0.450392
1.18245
1.46569
1.18911
0.455477
-0.45676
-1.19919
-1.48646
-1.20597
-0.461943
0.463251
1.21624
1.50762
1.22315
0.468529
-0.469861
-1.23361
-1.52916
-1.24064
-0.475233
0.476587
1.25128
1.55108
1.25843
0.48205
-0.483427
-1.26924
-1.57336
-1.27651
-0.488978
0.490377
1.2875
1.59599
1.29487
0.496013
-0.497433
-1.30602
-1.61895
-1.31351
-0.503152
0.504592
1.32482
1.64225
1.33241
0.510392
-0.511851
-1.34388
-1.66587
-1.35157
-0.517727
0.519206
1.36318
1.68979
1.37097
0.525156
-0.526652
-1.38272
-1.714
-1.3906
-0.532673
0.534186
1.40249
1.73849
1.41046
0.540274
-0.541804
-1.42248
-1.76325
-1.43053
-0.547957
0.549502
1.44267
1.78826
1.4508
0.555715
-0.557275
-1.46306
-1.81351
-1.47127
-0.563545
0.56512
1.48363
1.83898
1.49191
0.571443
-0.57303
-1.50437
-1.86466
-1.51272
-0.579404
0.581003
1.52528
1.89054
1.53368
0.587423
-0.589033
-1.54633
-1.91659
-1.55479
-0.595495
0.597116
1.56752
1.94281
1.57603
0.603617
-0.605246
-1.58883
-1.96918
-1.59738
-0.611782
0.61342
1.61025
1.99568
1.61884
0.619986
-0.621631
-1.63176
-2.0223
-1.64039
-0.628224
0.629875
1.65336
2.04902
1.66202
0.636491
-0.638147
-1.67503
-2.07582
-1.68371
-0.644781
0.646441
1.69675
2.10268
1.70546
0.653089
-0.654753
-1.71852
-2.12959
-1.72724
-0.661411
0.663076
1.74032
2.15654
1.74904
0.66974
-0.671406
-1.76213
-2.1835
-1.77085
-0.678071
0.679737
1.78394
2.21046
1.79266
0.686399
-0.688063
-1.80573
-2.23739
-1.81444
-0.694717
0.696379
1.82749
2.26428
1.83619
0.703021
-0.70468
-1.84922
-2.29112
-1.85789
-0.711305
0.712959
1.87088
2.31788
1.87952
0.719563
-0.721211
-1.89247
-2.34454
-1.90108
-0.727789
0.72943
1.91396
2.37109
1.92254
0.735978
-0.737611
-1.93536
-2.39751
-1.94388
-0.744123
0.745747
1.95663
2.42377
1.96511
0.752219
-0.753832
-1.97778
-2.44987
-1.98619
-0.760261
0.761862
1.99877
2.47577
2.00712
0.768241
-0.769829
-2.01959
-2.50147
-2.02787
-0.776154
0.777728
2.04023
2.52694
2.04844
0.783995
-0.785554
-2.06068
-2.55216
-2.0688
-0.791757
0.793299
2.08091
2.57712
2.08894
0.799434
-0.800959
-2.10092
-2.60179
-2.10885
-0.80702
0.808526
2.12068
2.62615
2.12851
0.81451
-0.815996
-2.14018
-2.6502
-2.14791
-0.821898
0.823362
2.15941
2.67389
2.16702
0.829176
-0.830619
-2.17835
-2.69723
-2.18584
-0.836341
0.837759
2.19698
2.72018
2.20435
0.843385
-0.844779
-2.21529
-2.74273
-2.22253
-0.850302
0.85167
2.23327
2.76486
2.24036
0.857088
-0.858428
-2.25089
-2.78656
-2.25784
-0.863735
0.865047
2.26814
2.80779
2.27494
0.870238
-0.871521
-2.28502
-2.82855
-2.29165
-0.876592
0.877844
2.30149
2.84881
2.30796
0.88279
-0.884011
-2.31755
-2.86855
-2.32385
-0.888827
0.890015
2.33318
2.88777
2.33931
0.894697
-0.895851
-2.34837
-2.90643
-2.35432
-0.900394
0.901513
2.3631
2.92452
2.36886
0.905913
-0.906995
-2.37736
-2.94203
-2.38293
-0.911249
0.912293
2.39113
2.95893
2.3965
0.916395
-0.917401
-2.4044
-2.97521
-2.40956
-0.921346
0.922313
2.41715
2.99084
2.42211
0.926097
-0.927023
-2.42938
-3.00582
-2.43412
-0.930643
0.931527
2.44106
3.02013
2.44558
0.934979
-0.93582
-2.45219
-3.03374
-2.45648
-0.939098
0.939896
2.46274
3.04664
2.4668
0.942997
-0.94375
-2.47272
-3.05882
-2.47654
-0.94667
0.947377
2.48209
3.07026
2.48567
0.950112
-0.950772
-2.49086
-3.08094
-2.49419
-0.953318
0.953931
2.499
3.09086
2.50208
0.956284
-0.956848
-2.50651
-3.09998
-2.50934
-0.959005
0.95952
2.51338
3.1083
2.51594
0.961477
-0.961941
-2.51958
-3.11581
-2.52188
-0.963695
0.964107
2.52512
3.12249
2.52714
0.965654
-0.966014
-2.52997
-3.12832
-2.53172
-0.96735
0.967658
2.53414
3.13329
2.53561
0.96878
-0.969034
-2.5376
-3.1374
-2.53878
-0.969939
0.970138
2.54035
3.14061
2.54124
0.970824
-0.970968
-2.54237
-3.14294
-2.54298
-0.97143
0.971517
2.54367
3.14435
2.54397
0.971754
-0.971784
-2.54421
-3.14485
-2.54423
-0.971792
0.971765
2.54401
3.14441
2.54372
0.971541
-0.971456
-2.54305
-3.14303
-2.54245
-0.970998
0.970854
2.54132
3.1407
2.54041
0.970159
-0.969956
-2.53881
-3.13741
-2.53759
-0.969022
0.968758
2.53552
3.13314
2.53398
0.967583
-0.967259
-2.53144
-3.1279
-2.52958
-0.96584
0.965454
2.52655
3.12166
2.52437
0.96379
-0.963343
-2.52086
-3.11443
-2.51836
-0.96143
0.960921
2.51436
3.10619
2.51153
0.958759
-0.958187
-2.50704
-3.09694
-2.50388
-0.955774
0.955139
2.49889
3.08666
2.4954
0.952473
-0.951775
-2.48992
-3.07537
-2.48609
-0.948854
0.948092
2.48011
3.06303
2.47595
0.944916
-0.94409
-2.46946
-3.04967
-2.46497
-0.940657
0.939766
2.45797
3.03526
2.45314
0.936074
-0.935119
-2.44564
-3.0198
-2.44047
-0.931168
0.930148
2.43245
3.00329
2.42694
0.925937
-0.924852
-2.41842
-2.98573
-2.41257
-0.920381
0.91923
2.40353
2.96712
2.39733
0.914497
-0.913281
-2.38778
-2.94744
-2.38124
-0.908286
0.907004
2.37118
2.92671
2.3643
0.901747
-0.900399
-2.35371
-2.90491
-2.34649
-0.894879
0.893466
2.33539
2.88205
2.32782
0.887684
-0.886205
-2.31621
-2.85812
-2.3083
-0.88016
0.878615
2.29617
2.83314
2.28791
0.872307
-0.870698
-2.27527
-2.80709
-2.26667
-0.864127
0.862452
2.25351
2.77998
2.24457
0.85562
-0.853879
-2.23089
-2.75182
-2.22161
-0.846786
0.84498
2.20742
2.7226
2.1978
0.837626
-0.835755
-2.1831
-2.69232
-2.17314
-0.828141
0.826205
2.15793
2.661
2.14763
0.818333
-0.816332
-2.13192
-2.62864
-2.12127
-0.808202
0.806137
2.10506
2.59523
2.09408
0.797751
-0.795622
-2.07736
-2.56079
-2.06605
-0.78698
0.784788
2.04883
2.52532
2.03718
0.775892
-0.773637
-2.01947
-2.48882
-2.0075
-0.764489
0.762171
1.98929
2.45131
1.97699
0.752773
-0.750392
-1.95829
-2.41279
-1.94566
-0.740746
0.738304
1.92648
2.37327
1.91353
0.728411
-0.725907
-1.89386
-2.33276
-1.88059
-0.715771
0.713206
1.86045
2.29127
1.84687
0.702827
-0.700203
-1.82625
-2.2488
-1.81235
-0.689585
0.6869
1.79127
2.20537
1.77706
0.676045
-0.673302
-1.75552
-2.16098
-1.741
-0.662213
0.659411
1.719
2.11566
1.70418
0.648091
-0.645232
-1.68172
-2.0694
-1.66661
-0.633683
0.630767
1.64371
2.02223
1.62829
0.618992
-0.616021
-1.60495
-1.97415
-1.58925
-0.604024
0.600997
1.56548
1.92517
1.54949
0.588781
-0.5857
-1.52529
-1.87532
-1.50902
-0.573269
0.570135
1.4844
1.82461
1.46785
0.557491
-0.554304
-1.44282
-1.77304
-1.42599
-0.541453
0.538214
1.40056
1.72064
1.38347
0.525158
-0.521869
-1.35763
-1.66742
-1.34028
-0.508613
0.505274
1.31406
1.6134
1.29645
0.491821
-0.488433
-1.26984
-1.55859
-1.25198
-0.474788
0.471353
1.225
1.50301
1.20689
0.457519
-0.454038
-1.17955
-1.44668
-1.1612
-0.440021
0.436494
1.1335
1.38961
1.11491
0.422297
-0.418726
-1.08687
-1.33183
-1.06805
-0.404355
0.400741
1.03967
1.27335
1.02063
0.3862
-0.382543
-0.991918
-1.21419
-0.972667
-0.367837
0.36414
0.943632
1.15438
0.924171
0.349273
-0.345537
-0.894826
-1.09393
-0.875162
-0.330515
0.326741
0.845517
1.03285
0.825656
0.311568
-0.307757
-0.795721
-0.971185
-0.77567
-0.29244
0.288593
0.745456
0.90894
0.725222
0.273136
-0.269254
-0.694738
-0.84614
-0.674329
-0.253663
0.249749
0.643586
0.782808
0.623008
0.234028
-0.230082
-0.592017
-0.718965
-0.571277
-0.214239
0.210263
0.54005
0.654635
0.519156
0.194301
-0.190296
-0.487703
-0.589839
-0.466662
-0.174222
0.17019
0.434995
0.524601
0.413814
0.15401
-0.149952
-0.381944
-0.458945
-0.360632
-0.133672
0.129589
0.32857
0.392894
0.307134
0.113214
-0.109109
-0.274892
-0.326473
-0.253341
-0.0926451
0.0885186
0.220931
0.259705
0.199271
0.0719722
-0.0678258
-0.166705
-0.192616
-0.144945
-0.0512029
0.0470382
0.112235
0.12523
0.0903833
0.0303451
-0.0261636
-0.0575414
-0.0575731
-0.0356059
-0.00940642
0.00520969
0.00264447
-0.0103305
-0.0193666
-0.0116052
0.0158156
0.0524352
0.0784548
0.0745136
0.0326818
-0.0369042
-0.107677
-0.146774
-0.129814
-0.0538155
0.0580484
0.163059
0.215262
0.185247
0.0749982
-0.0792399
-0.218562
-0.283894
-0.240792
-0.0962218
0.100471
0.274163
0.352642
0.296426
0.117478
-0.121733
-0.329841
-0.42148
-0.35213
-0.138759
0.143018
0.385576
0.490382
0.40788
0.160057
-0.164317
-0.441344
-0.559321
-0.463656
-0.181362
0.185624
0.497125
0.62827
0.519436
0.202668
-0.206928
-0.552897
-0.697202
-0.575198
-0.223964
0.228222
0.608638
0.76609
0.63092
0.245244
-0.249498
-0.664326
-0.834908
-0.686581
-0.266499
0.270746
0.719939
0.903628
0.742158
0.28772
-0.29196
-0.775455
-0.972223
-0.79763
-0.308899
0.313129
0.830853
1.04067
0.852973
0.330028
-0.334247
-0.886109
-1.10893
-0.908167
-0.351098
0.355304
0.941203
1.17698
0.96319
0.3721
-0.376292
-0.996112
-1.24481
-1.01802
-0.393027
0.397203
1.05081
1.31237
1.07263
0.41387
-0.418028
-1.10529
-1.37964
-1.12701
-0.43462
0.438759
1.15951
1.4466
1.18112
0.45527
-0.459387
-1.21346
-1.51321
-1.23496
-0.47581
0.479904
1.26711
1.57945
1.28849
0.496232
-0.500302
-1.32045
-1.6453
-1.34169
-0.516529
0.520573
1.37345
1.71073
1.39455
0.536692
-0.540707
-1.42609
-1.7757
-1.44704
-0.556712
0.560698
1.47835
1.8402
1.49914
0.576581
-0.580536
-1.5302
-1.90419
-1.55083
-0.596292
0.600215
1.58163
1.96766
1.60208
0.615836
-0.619724
-1.63262
-2.03056
-1.65288
-0.635205
0.639057
1.68314
2.09289
1.70321
0.654391
-0.658206
-1.73317
-2.15461
-1.75304
-0.673386
0.677162
1.7827
2.2157
1.80236
0.692183
-0.695918
-1.83169
-2.27613
-1.85114
-0.710773
0.714465
1.88014
2.33587
1.89936
0.729148
-0.732797
-1.92802
-2.39491
-1.947
-0.747302
0.750905
1.97531
2.45321
1.99405
0.765226
-0.768783
-2.02199
-2.51076
-2.04048
-0.782913
0.786422
2.06804
2.56753
2.08628
0.800356
-0.803815
-2.11344
-2.62349
-2.13142
-0.817547
0.820955
2.15818
2.67862
2.17589
0.83448
-0.837834
-2.20223
-2.7329
-2.21966
-0.851146
0.854446
2.24558
2.7863
2.26272
0.867539
-0.870784
-2.28821
-2.83881
-2.30505
-0.883652
0.88684
2.33009
2.8904
2.34664
0.899478
-0.902608
-2.37122
-2.94105
-2.38746
-0.915011
0.918082
2.41158
2.99073
2.4275
0.930244
-0.933254
-2.45114
-3.03943
-2.46674
-0.94517
0.948118
2.48989
3.08713
2.50516
0.959783
-0.962668
-2.52782
-3.1338
-2.54275
-0.974078
0.976898
2.5649
3.17943
2.57949
0.988047
-0.990801
-2.60113
-3.224
-2.61537
-1.00168
1.00437
2.63648
3.26748
2.65037
1.01499
-1.01761
-2.67095
-3.30986
-2.68448
-1.02794
1.0305
2.70451
3.35112
2.71768
1.04056
-1.04304
-2.73716
-3.39125
-2.74996
-1.05281
1.05522
2.76887
3.43022
2.7813
1.06471
-1.06705
-2.79964
-3.46802
-2.81169
-1.07625
1.07851
2.82946
3.50463
2.84111
1.08741
-1.0896
-2.8583
-3.54004
-2.86956
-1.0982
1.10032
2.88616
3.57423
2.89703
1.10862
-1.11066
-2.91303
-3.60719
-2.92349
-1.11865
1.12061
2.93889
3.63891
2.94895
1.1283
-1.13018
-2.96373
-3.66936
-2.97338
-1.13755
1.13935
2.98754
3.69854
2.99678
1.14641
-1.14813
-3.01032
-3.72643
-3.01914
-1.15487
1.15651
3.03205
3.75303
3.04044
1.16292
-1.16449
-3.05272
-3.77832
-3.06069
-1.17058
1.17206
3.07232
3.80228
3.07986
1.17782
-1.17922
-3.09085
-3.82492
-3.09796
-1.18465
1.18596
3.1083
3.84622
3.11497
1.19106
-1.19229
-3.12465
-3.86616
-3.13089
-1.19706
1.19821
3.13991
3.88475
3.1457
1.20263
-1.2037
-3.15406
-3.90197
-3.15942
-1.20779
1.20877
3.16711
3.91782
3.17201
1.21251
-1.21341
-3.17904
-3.93229
-3.1835
-1.21681
1.21762
3.18985
3.94537
3.19385
1.22068
-1.22141
-3.19953
-3.95706
-3.20308
-1.22412
1.22476
3.20808
3.96735
3.21118
1.22713
-1.22768
-3.2155
-3.97624
-3.21815
-1.2297
1.23017
3.22178
3.98373
3.22398
1.23184
-1.23222
-3.22693
-3.9898
-3.22866
-1.23355
1.23383
3.23093
3.99447
3.23221
1.23481
-1.23501
-3.23379
-3.99772
-3.23461
-1.23564
1.23575
3.2355
3.99955
3.23586
1.23603
-1.23606
-3.23607
-3.99997
-3.23597
-1.23599
1.23593
3.23549
3.99897
3.23494
1.23551
-1.23536
-3.23377
-3.99656
-3.23276
-1.23459
1.23435
3.2309
3.99274
3.22944
1.23323
-1.2329
-3.22689
-3.9875
-3.22497
-1.23143
1.23102
3.22174
3.98085
3.21936
1.22921
-1.22871
-3.21545
-3.97279
-3.21261
-1.22654
1.22596
3.20802
3.96333
3.20473
1.22345
-1.22277
-3.19946
-3.95247
-3.19572
-1.21992
1.21916
3.18977
3.94021
3.18558
1.21596
-1.21511
-3.17895
-3.92656
-3.17431
-1.21157
1.21064
3.16702
3.91153
3.16193
1.20675
-1.20574
-3.15396
-3.89512
-3.14843
-1.20151
1.20041
3.1398
3.87734
3.13383
1.19585
-1.19467
-3.12454
-3.8582
-3.11812
-1.18977
1.1885
3.10817
3.8377
3.10132
1.18327
-1.18192
-3.09072
-3.81586
-3.08343
-1.17635
1.17492
3.07218
3.79268
3.06446
1.16902
-1.16751
-3.05257
-3.76818
-3.04442
-1.16129
1.15969
3.03189
3.74235
3.02332
1.15315
-1.15147
-3.01016
-3.71523
-3.00117
-1.1446
1.14285
2.98737
3.68681
2.97797
1.13566
-1.13383
-2.96355
-3.65711
-2.95373
-1.12633
1.12441
2.9387
3.62614
2.92848
1.1166
-1.11461
-2.91283
-3.59392
-2.9022
-1.10649
1.10442
2.88596
3.56045
2.87493
1.096
-1.09385
-2.85809
-3.52576
-2.84667
-1.08513
1.08291
2.82924
3.48986
2.81743
1.07388
-1.07159
-2.79942
-3.45276
-2.78722
-1.06227
1.05991
2.76864
3.41448
2.75607
1.0503
-1.04786
-2.73692
-3.37504
-2.72397
-1.03797
1.03546
2.70427
3.33445
2.69095
1.02529
-1.02271
-2.6707
-3.29273
-2.65702
-1.01226
1.00961
2.63622
3.2499
2.62219
0.998885
-0.99617
-2.60086
-3.20597
-2.58647
-0.985177
0.982396
2.56463
3.16097
2.5499
0.97114
-0.968294
-2.52754
-3.11492
-2.51247
-0.956779
0.953869
2.48961
3.06782
2.4742
0.9421
-0.939127
-2.45085
-3.01971
-2.43512
-0.92711
0.924075
2.41128
2.97061
2.39523
0.911815
-0.908719
-2.37092
-2.92053
-2.35456
-0.89622
0.893066
2.32979
2.8695
2.31312
0.880334
-0.877122
-2.2879
-2.81753
-2.27093
-0.864162
0.860894
2.24527
2.76465
2.22801
0.847712
-0.844389
-2.20191
-2.71089
-2.18437
-0.83099
0.827614
2.15785
2.65626
2.14004
0.814004
-0.810576
-2.11311
-2.60079
-2.09503
-0.79676
0.793281
2.0677
2.5445
2.04936
0.779266
-0.775738
-2.02165
-2.48741
-2.00305
-0.761529
0.757953
1.97496
2.42955
1.95612
0.743557
-0.739934
-1.92767
-2.37095
-1.90858
-0.725356
0.721689
1.87978
2.31162
1.86047
0.706935
-0.703226
-1.83133
-2.25159
-1.8118
-0.688302
0.684551
1.78233
2.19089
1.76258
0.669464
-0.665672
-1.73281
-2.12955
-1.71285
-0.650428
0.646598
1.68277
2.06757
1.66262
0.631204
-0.627337
-1.63225
-2.00501
-1.61191
-0.611798
0.607896
1.58126
1.94187
1.56074
0.592219
-0.588283
-1.52982
-1.87819
-1.50913
-0.572474
0.568506
1.47796
1.81398
1.45711
0.552573
-0.548574
-1.4257
-1.74929
-1.40469
-0.532523
0.528495
1.37306
1.68413
1.3519
0.512331
-0.508277
-1.32006
-1.61853
-1.29876
-0.492008
0.487928
1.26672
1.55252
1.24529
0.47156
-0.467457
-1.21306
-1.48612
-1.19152
-0.450997
0.446871
1.15911
1.41936
1.13745
0.430326
-0.42618
-1.10489
-1.35227
-1.08313
-0.409556
0.405391
1.05041
1.28488
1.02856
0.388695
-0.384513
-0.995709
-1.21721
-0.973768
-0.367752
0.363554
0.940799
1.14929
0.918782
0.346734
-0.342523
-0.885704
-1.08114
-0.863619
-0.325652
0.321428
0.830446
1.01281
0.808302
0.304512
-0.300278
-0.775048
-0.944298
-0.752854
-0.283323
0.279081
0.719531
0.875649
0.697295
0.262095
-0.257845
-0.663917
-0.806886
-0.641649
-0.240834
0.236579
0.608228
0.738036
0.585937
0.21955
-0.215291
-0.552487
-0.669126
-0.530181
-0.19825
0.193989
0.496715
0.600184
0.474403
0.176944
-0.172683
-0.440934
-0.531236
-0.418624
-0.15564
0.15138
0.385166
0.462309
0.362867
0.134345
-0.130088
-0.329432
-0.39343
-0.307153
-0.113069
0.108816
0.273754
0.324625
0.251503
0.0918182
-0.087572
-0.218154
-0.255921
-0.19594
-0.0706024
0.0663641
0.162652
0.187345
0.140484
0.0494292
-0.0452004
-0.10727
-0.118923
-0.0851561
-0.0283067
0.024089
0.05203
0.0506796
0.029978
0.00724289
-0.00303787
0.00304846
0.0173579
0.0250298
0.0137542
-0.017945
-0.057944
-0.0851643
-0.0798464
-0.0346768
0.0388516
0.112636
0.152714
0.134451
0.0555169
-0.0596743
-0.167104
-0.219982
-0.188824
-0.0762668
0.0804053
0.221328
0.286943
0.242945
0.0969188
-0.101037
-0.275288
-0.353572
-0.296793
-0.117465
0.121561
0.328963
0.419846
0.350349
0.137899
-0.141971
-0.382335
-0.485739
-0.403594
-0.158212
0.162259
0.435383
0.551227
0.456508
0.178397
-0.182418
-0.488089
-0.616288
-0.509071
-0.198447
0.20244
0.540433
0.680897
0.561266
0.218354
-0.222318
-0.592398
-0.745032
-0.613073
-0.238112
0.242045
0.643963
0.808669
0.664474
0.257714
-0.261615
-0.695112
-0.871787
-0.715451
-0.277152
0.28102
0.745827
0.934363
0.765987
0.296421
-0.300253
-0.796089
-0.996376
-0.816063
-0.315512
0.319309
0.845881
1.0578
0.865663
0.33442
-0.338179
-0.895187
-1.11863
-0.914769
-0.353139
0.356859
0.943989
1.17882
0.963365
0.371661
-0.375342
-0.992271
-1.23837
-1.01143
-0.389981
0.39362
1.04002
1.29725
1.05896
0.408093
-0.41169
-1.08721
-1.35545
-1.10593
-0.42599
0.429544
1.13384
1.41294
1.15233
0.443668
-0.447176
-1.17988
-1.46971
-1.19814
-0.461119
0.464582
1.22533
1.52574
1.24334
0.478339
-0.481755
-1.27017
-1.58101
-1.28793
-0.495322
0.49869
1.31438
1.6355
1.33189
0.512064
-0.515382
-1.35795
-1.6892
-1.3752
-0.528558
0.531826
1.40087
1.74208
1.41785
0.5448
-0.548017
-1.44312
-1.79415
-1.45984
-0.560784
0.56395
1.4847
1.84537
1.50114
0.576507
-0.57962
-1.52559
-1.89573
-1.54175
-0.591964
0.595023
1.56577
1.94523
1.58165
0.60715
-0.610155
-1.60524
-1.99384
-1.62083
-0.622061
0.62501
1.64399
2.04155
1.65928
0.636693
-0.639586
-1.682
-2.08835
-1.697
-0.651043
0.653878
1.71927
2.13423
1.73396
0.665105
-0.667883
-1.75578
-2.17918
-1.77017
-0.678877
0.681596
1.79153
2.22318
1.80561
0.692355
-0.695015
-1.82651
-2.26622
-1.84028
-0.705536
0.708136
1.8607
2.30829
1.87416
0.718417
-0.720956
-1.89411
-2.34938
-1.90725
-0.730994
0.733473
1.92671
2.38949
1.93953
0.743265
-0.745683
-1.95852
-2.4286
-1.97101
-0.755228
0.757583
1.98951
2.46671
2.00168
0.766879
-0.769172
-2.01969
-2.50381
-2.03153
-0.778217
0.780447
2.04904
2.53989
2.06055
0.789239
-0.791406
-2.07757
-2.57494
-2.08874
-0.799944
0.802047
2.10526
2.60896
2.1161
0.810329
-0.812368
-2.13211
-2.64195
-2.14261
-0.820393
0.822367
2.15812
2.67389
2.16829
0.830134
-0.832044
-2.18328
-2.70478
-2.19311
-0.839552
0.841396
2.2076
2.73463
2.21709
0.848644
-0.850424
-2.23106
-2.76342
-2.24021
-0.857411
0.859125
2.25367
2.79115
2.26248
0.86585
-0.867499
-2.27542
-2.81783
-2.28388
-0.873963
0.875546
2.29632
2.84344
2.30444
0.881747
-0.883264
-2.31635
-2.868
-2.32413
-0.889203
0.890654
2.33553
2.89149
2.34296
0.89633
-0.897716
-2.35385
-2.91391
-2.36093
-0.903129
0.90445
2.3713
2.93528
2.37805
0.9096
-0.910855
-2.3879
-2.95558
-2.3943
-0.915744
0.916933
2.40364
2.97483
2.4097
0.92156
-0.922684
-2.41853
-2.99301
-2.42424
-0.927049
0.928108
2.43255
3.01015
2.43793
0.932212
-0.933206
-2.44573
-3.02622
-2.45077
-0.937051
0.93798
2.45806
3.04125
2.46276
0.941566
-0.94243
-2.46954
-3.05524
-2.4739
-0.945759
0.946559
2.48018
3.06818
2.48421
0.949631
-0.950367
-2.48999
-3.08009
-2.49367
-0.953184
0.953856
2.49895
3.09097
2.50231
0.956419
-0.957028
-2.50709
-3.10083
-2.51012
-0.959339
0.959885
2.51441
3.10967
2.51711
0.961945
-0.962429
-2.52091
-3.1175
-2.52328
-0.96424
0.964662
2.52659
3.12432
2.52864
0.966226
-0.966587
-2.53147
-3.13015
-2.5332
-0.967906
0.968206
2.53555
3.135
2.53696
0.969282
-0.969521
-2.53883
-3.13887
-2.53993
-0.970358
0.970537
2.54134
3.14177
2.54212
0.971135
-0.971255
-2.54306
-3.14371
-2.54354
-0.971617
0.971679
2.54402
3.1447
2.54419
0.971808
-0.971811
-2.54421
-3.14476
-2.54408
-0.97171
0.971656
2.54366
3.14389
2.54323
0.971327
-0.971217
-2.54236
-3.1421
-2.54164
-0.970663
0.970497
2.54033
3.13941
2.53931
0.969722
-0.9695
-2.53758
-3.13583
-2.53627
-0.968506
0.96823
2.53411
3.13137
2.53253
0.96702
-0.966691
-2.52994
-3.12605
-2.52808
-0.965269
0.964887
2.52508
3.11987
2.52294
0.963256
-0.962822
-2.51954
-3.11285
-2.51713
-0.960985
0.960501
2.51333
3.10501
2.51066
0.958462
-0.957927
-2.50646
-3.09636
-2.50353
-0.955689
0.955105
2.49894
3.08691
2.49576
0.952673
-0.952041
-2.4908
-3.07669
-2.48736
-0.949417
0.948738
2.48202
3.06569
2.47834
0.945927
-0.945201
-2.47264
-3.05395
-2.46872
-0.942207
0.941436
2.46267
3.04147
2.45851
0.938262
-0.937446
-2.45211
-3.02828
-2.44772
-0.934097
0.933238
2.44098
3.01438
2.43637
0.929718
-0.928817
-2.42929
-2.9998
-2.42447
-0.925129
0.924186
2.41706
2.98455
2.41202
0.920336
-0.919353
-2.4043
-2.96865
-2.39906
-0.915344
0.914322
2.39103
2.95212
2.38558
0.910158
-0.909098
-2.37725
-2.93497
-2.37161
-0.904784
0.903687
2.36299
2.91722
2.35716
0.899227
-0.898095
-2.34826
-2.8989
-2.34224
-0.893494
0.892326
2.33307
2.88001
2.32687
0.887589
-0.886388
-2.31743
-2.86057
-2.31106
-0.881518
0.880285
2.30137
2.84062
2.29483
0.875287
-0.874022
-2.28489
-2.82015
-2.27819
-0.868902
0.867607
2.26802
2.7992
2.26116
0.862368
-0.861044
-2.25076
-2.77777
-2.24376
-0.855692
0.85434
2.23314
2.7559
2.22599
0.848879
-0.8475
-2.21516
-2.7336
-2.20788
-0.841934
0.84053
2.19685
2.71088
2.18943
0.834865
-0.833437
-2.17821
-2.68777
-2.17067
-0.827676
0.826225
2.15927
2.66428
2.15161
0.820375
-0.818901
-2.14004
-2.64044
-2.13227
-0.812965
0.811471
2.12054
2.61627
2.11266
0.805455
-0.803941
-2.10077
-2.59178
-2.0928
-0.797849
0.796317
2.08077
2.56699
2.0727
0.790154
-0.788605
-2.06053
-2.54192
-2.05237
-0.782375
0.78081
2.04008
2.51659
2.03185
0.774519
-0.772939
-2.01944
-2.49103
-2.01113
-0.766591
0.764998
1.99861
2.46525
1.99023
0.758598
-0.756992
-1.97762
-2.43926
-1.96918
-0.750545
0.748928
1.95648
2.41309
1.94798
0.742438
-0.740811
-1.9352
-2.38676
-1.92666
-0.734283
0.732647
1.91381
2.36029
1.90522
0.726086
-0.724443
-1.89231
-2.33369
-1.88368
-0.717853
0.716203
1.87072
2.30699
1.86206
0.709589
-0.707934
-1.84906
-2.28019
-1.84037
-0.701301
0.699641
1.82734
2.25333
1.81863
0.692993
-0.69133
-1.80557
-2.22642
-1.79685
-0.684672
0.683007
1.78378
2.19948
1.77505
0.676344
-0.674677
-1.76197
-2.17252
-1.75324
-0.668012
0.666346
1.74016
2.14556
1.73144
0.659685
-0.65802
-1.71836
-2.11863
-1.70965
-0.651365
0.649703
1.69659
2.09173
1.6879
0.64306
-0.641401
-1.67487
-2.06489
-1.66619
-0.634774
0.63312
1.6532
2.03812
1.64455
0.626513
-0.624864
-1.6316
-2.01144
-1.62299
-0.618282
0.61664
1.61009
1.98487
1.60151
0.610085
-0.608451
-1.58867
-1.95842
-1.58013
-0.601929
0.600303
1.56736
1.93211
1.55887
0.593817
-0.592201
-1.54617
-1.90596
-1.53774
-0.585755
0.584149
1.52512
1.87997
1.51674
0.577748
-0.576154
-1.50422
-1.85418
-1.4959
-0.5698
0.568218
1.48348
1.82858
1.47523
0.561916
-0.560347
-1.46291
-1.8032
-1.45473
-0.5541
0.552546
1.44252
1.77804
1.43442
0.546357
-0.544818
-1.42233
-1.75313
-1.41431
-0.538691
0.537168
1.40234
1.72848
1.39441
0.531107
-0.5296
-1.38258
-1.7041
-1.37473
-0.523608
0.522119
1.36304
1.68001
1.35529
0.516199
-0.514728
-1.34373
-1.65621
-1.33608
-0.508883
0.507431
1.32468
1.63272
1.31713
0.501664
-0.500232
-1.30589
-1.60956
-1.29844
-0.494546
0.493135
1.28736
1.58673
1.28003
0.487533
-0.486143
-1.26911
-1.56424
-1.26189
-0.480627
0.47926
1.25115
1.54211
1.24405
0.473833
-0.472488
-1.23348
-1.52034
-1.2265
-0.467154
0.465832
1.21612
1.49896
1.20926
0.460592
-0.459294
-1.19906
-1.47795
-1.19233
-0.454151
0.452878
1.18233
1.45735
1.17573
0.447834
-0.446586
-1.16592
-1.43715
-1.15945
-0.441643
0.44042
1.14985
1.41737
1.14351
0.435581
-0.434384
-1.13411
-1.398
-1.12792
-0.42965
0.42848
1.11873
1.37907
1.11267
0.423853
-0.42271
-1.10369
-1.36057
-1.09778
-0.418193
0.417077
1.08902
1.34252
1.08325
0.41267
-0.411582
-1.0747
-1.32492
-1.06908
-0.407288
0.406228
1.06076
1.30778
1.05529
0.402047
-0.401016
-1.04719
-1.2911
-1.04187
-0.39695
0.395948
1.034
1.27489
1.02883
0.391999
-0.391026
-1.02119
-1.25915
-1.01617
-0.387194
0.386251
1.00876
1.24389
1.0039
0.382538
-0.381624
-0.99673
-1.22911
-0.992025
-0.37803
0.377147
0.985086
1.21481
0.980539
0.373673
-0.37282
-0.973838
-1.20101
-0.969449
-0.369468
0.368645
0.962986
1.18769
0.958756
0.365414
-0.364621
-0.952532
-1.17487
-0.948463
-0.361513
0.360751
0.942479
1.16254
0.93857
0.357765
-0.357033
-0.932827
-1.15071
-0.929079
-0.35417
0.35347
0.923578
1.13938
0.91999
0.350729
-0.350059
-0.91473
-1.12854
-0.911304
-0.347442
0.346803
0.906286
1.1182
0.903021
0.344309
-0.343701
-0.898244
-1.10836
-0.89514
-0.341329
0.340752
0.890604
1.09902
0.887661
0.338503
-0.337956
-0.883366
-1.09017
-0.880582
-0.33583
0.335314
0.876526
1.08181
0.873902
0.333309
-0.332823
-0.870085
-1.07395
-0.86762
-0.330939
0.330484
0.86404
1.06658
0.861732
0.328721
-0.328295
-0.858389
-1.05969
-0.856238
-0.326652
0.326256
0.853129
1.05328
0.851133
0.324732
-0.324366
-0.848256
-1.04736
-0.846415
-0.322959
0.322622
0.843769
1.0419
0.842081
0.321333
-0.321025
-0.839663
-1.03692
-0.838126
-0.319851
0.319572
0.835934
1.0324
0.834546
0.318512
-0.318261
-0.832577
-1.02835
-0.831338
-0.317315
0.317092
0.829589
1.02474
0.828496
0.316257
-0.316062
-0.826964
-1.02159
-0.826014
-0.315336
0.315168
0.824697
1.01887
0.823889
0.314551
-0.31441
-0.822782
-1.01659
-0.822113
-0.313899
0.313785
0.821213
1.01474
0.820682
0.313379
-0.31329
-0.819985
-1.0133
-0.819588
-0.312986
0.312923
0.819091
1.01228
0.818825
0.31272
-0.312682
-0.818523
-1.01166
-0.818386
-0.312577
0.312563
0.818276
1.01143
0.818265
0.312554
-0.312564
-0.818341
-1.01159
-0.818453
-0.312649
0.312682
0.818711
1.01212
0.818942
0.312859
-0.312915
-0.819378
-1.01301
-0.819726
-0.313181
0.313258
0.820334
1.01427
0.820795
0.31361
-0.313709
-0.821571
-1.01586
-0.822142
-0.314146
0.314265
0.823079
1.01779
0.823757
0.314782
-0.314922
-0.824851
-1.02005
-0.825631
-0.315518
0.315676
0.826876
1.02261
0.827755
0.316348
-0.316525
-0.829146
-1.02548
-0.83012
-0.317269
0.317464
0.83165
1.02863
0.832716
0.318278
-0.31849
-0.83438
-1.03206
-0.835533
-0.31937
0.319598
0.837325
1.03575
0.838561
0.320542
-0.320786
-0.840475
-1.03969
-0.841789
-0.32179
0.322049
0.843818
1.04387
0.845208
0.32311
-0.323383
-0.847346
-1.04828
-0.848806
-0.324498
0.324783
0.851047
1.05289
0.852573
0.325949
-0.326247
-0.85491
-1.0577
-0.856497
-0.32746
0.327768
0.858923
1.0627
0.860568
0.329025
-0.329344
-0.863076
-1.06787
-0.864774
-0.330641
0.33097
0.867357
1.07319
0.869103
0.332304
-0.332641
-0.871755
-1.07865
-0.873544
-0.334008
0.334353
0.876257
1.08424
0.878085
0.33575
-0.336102
-0.880852
-1.08994
-0.882714
-0.337524
0.337882
0.885528
1.09574
0.887419
0.339326
-0.33969
-0.890273
-1.10162
-0.892188
-0.341152
0.34152
0.895075
1.10757
0.897008
0.342997
-0.343368
-0.89992
-1.11357
-0.901868
-0.344856
0.345229
0.904798
1.1196
0.906755
0.346724
-0.347098
-0.909695
-1.12566
-0.911657
-0.348597
0.348971
0.914599
1.13172
0.91656
0.350469
-0.350843
-0.919498
-1.13777
-0.921453
-0.352336
0.352709
0.924378
1.1438
0.926322
0.354194
-0.354564
-0.929227
-1.14978
-0.931155
-0.356037
0.356403
0.934032
1.15571
0.935939
0.35786
-0.358222
-0.938781
-1.16156
-0.940662
-0.359659
0.360015
0.943461
1.16733
0.945311
0.361428
-0.361778
-0.948059
-1.17299
-0.949872
-0.363163
0.363505
0.952562
1.17853
0.954333
0.364859
-0.365193
-0.956957
-1.18393
-0.958682
-0.366511
0.366835
0.961232
1.18919
0.962906
0.368114
-0.368428
-0.965374
-1.19427
-0.966991
-0.369663
0.369966
0.96937
1.19917
0.970925
0.371154
-0.371444
-0.973208
-1.20388
-0.974696
-0.372581
0.372858
0.976875
1.20836
0.978291
0.37394
-0.374203
-0.980358
-1.21262
-0.981698
-0.375226
0.375474
0.983646
1.21664
0.984903
0.376435
-0.376667
-0.986725
-1.22039
-0.987895
-0.377561
0.377776
0.989583
1.22386
0.990661
0.378599
-0.378796
-0.992208
-1.22705
-0.99319
-0.379547
0.379725
0.994588
1.22993
0.995468
0.380397
-0.380555
-0.99671
-1.23249
-0.997485
-0.381147
0.381284
0.998564
1.23471
0.999228
0.381791
-0.381907
-1.00014
-1.23658
-1.00068
-0.382325
0.382419
1.00142
1.23809
1.00184
0.382745
-0.382815
-1.00239
-1.23922
-1.0027
-0.383047
0.383092
1.00305
1.23996
1.00323
0.383225
-0.383245
-1.00339
-1.24029
-1.00343
-0.383276
0.38327
1.00339
1.2402
1.00329
0.383195
-0.383163
-1.00303
-1.23968
-1.00279
-0.382979
0.382919
1.00232
1.23871
1.00194
0.382623
-0.382535
-1.00124
-1.23728
-1.00071
-0.382124
0.382006
0.999783
1.23538
0.99909
0.381477
-0.38133
-0.997932
-1.233
-0.997081
-0.380679
0.380501
0.995682
1.23011
0.994667
0.379726
-0.379516
-0.993022
-1.22672
-0.991841
-0.378614
0.378372
0.989942
1.22281
0.988591
0.37734
-0.377066
-0.986434
-1.21837
-0.984909
-0.3759
0.375592
0.982489
1.21338
0.980786
0.374291
-0.373949
-0.978097
-1.20784
-0.976213
-0.37251
0.372133
0.973251
1.20174
0.971183
0.370553
-0.37014
-0.967941
-1.19506
-0.965686
-0.368417
0.367969
0.96216
1.1878
0.959714
0.3661
-0.365614
-0.9559
-1.17994
-0.953261
-0.363598
0.363075
0.949154
1.17148
0.946318
0.360908
-0.360348
-0.941914
-1.16241
-0.938879
-0.358028
0.357429
0.934174
1.15271
0.930936
0.354956
-0.354318
-0.925926
-1.14239
-0.922484
-0.351688
0.351011
0.917165
1.13144
0.913515
0.348223
-0.347506
-0.907883
-1.11983
-0.904024
-0.344557
0.3438
0.898077
1.10758
0.894005
0.34069
-0.339892
-0.887738
-1.09467
-0.883453
-0.336618
0.335779
0.876864
1.0811
0.872363
0.332341
-0.331461
-0.865448
-1.06685
-0.860729
-0.327856
0.326933
0.853487
1.05193
0.848548
0.323161
-0.322197
-0.840975
-1.03633
-0.835815
-0.318255
0.317248
0.827909
1.02004
0.822527
0.313137
-0.312087
-0.814286
-1.00306
-0.808679
-0.307804
0.306712
0.800101
0.985389
0.794269
0.302257
-0.301122
-0.785352
-0.967019
-0.779294
-0.296494
0.295315
0.770037
0.947947
0.763752
0.290514
-0.289291
-0.754152
-0.928172
-0.747639
-0.284315
0.28305
0.737697
0.90769
0.730954
0.277899
-0.276589
-0.720668
-0.8865
-0.713696
-0.271263
0.269909
0.703066
0.8646
0.695864
0.264408
-0.26301
-0.684888
-0.841989
-0.677456
-0.257332
0.255891
0.666134
0.818666
0.658472
0.250037
-0.248552
-0.646805
-0.79463
-0.638911
-0.242522
0.240992
0.626899
0.769883
0.618775
0.234786
-0.233213
-0.606417
-0.744424
-0.598063
-0.226831
0.225214
0.58536
0.718254
0.576777
0.218657
-0.216995
-0.563729
-0.691375
-0.554916
-0.210263
0.208558
0.541525
0.663788
0.532484
0.201651
-0.199902
-0.51875
-0.635496
-0.509481
-0.192821
0.191029
0.495406
0.606501
0.48591
0.183774
-0.181939
-0.471496
-0.576806
-0.461773
-0.174512
0.172634
0.447021
0.546415
0.437074
0.165035
-0.163114
-0.421985
-0.515331
-0.411815
-0.155344
0.15338
0.396392
0.483558
0.385999
0.145441
-0.143435
-0.370245
-0.451102
-0.359632
-0.135328
0.13328
0.343548
0.417967
0.332716
0.125005
-0.122916
-0.316305
-0.384159
-0.305256
-0.114475
0.112344
0.288522
0.349684
0.277258
0.10374
-0.101568
-0.260202
-0.314548
-0.248726
-0.0928008
0.0905888
0.231352
0.278757
0.219665
0.0816605
-0.0794085
-0.201978
-0.242319
-0.190082
-0.0703211
0.0680296
0.172084
0.205241
0.159982
0.0587849
-0.0564543
-0.141677
-0.167531
-0.129373
-0.0470544
0.0446852
0.110765
0.129196
0.0982595
0.0351321
-0.0327249
-0.0793528
-0.0902468
-0.0666499
-0.0230207
0.020576
0.0474489
0.0506908
0.0345512
0.0107231
-0.00824146
-0.0150603
-0.0105376
-0.00197088
0.00175791
-0.00427585
-0.0178052
-0.0302031
-0.0310831
-0.0144192
0.0169729
0.0511395
0.0715212
0.0646026
0.0272577
-0.0298464
-0.0849343
-0.113406
-0.0985793
-0.0402702
0.0428932
0.119181
0.155848
0.133004
0.0534532
-0.05611
-0.153871
-0.198835
-0.167869
-0.0668034
0.0694932
0.188995
0.242356
0.203163
0.0803172
-0.0830393
-0.224543
-0.2864
-0.238879
-0.0939909
0.0967445
0.260506
0.330954
0.275005
0.107821
-0.110605
-0.296874
-0.376006
-0.311532
-0.121803
0.124618
0.333637
0.421543
0.34845
0.135934
-0.138778
-0.370784
-0.467553
-0.385748
-0.150209
0.153081
0.408305
0.514023
0.423416
0.164624
-0.167524
-0.446189
-0.560938
-0.461442
-0.179176
0.182102
0.484425
