2.67777
2.67777
2.67778
2.67781
2.67784
2.67788
2.67793
2.67798
2.67805
2.67813
2.67821
2.67831
2.67841
2.67852
2.67864
2.67877
2.67891
2.67905
2.67921
2.67938
2.67955
2.67973
2.67992
2.68012
2.68033
2.68055
2.68078
2.68102
2.68126
2.68152
2.68178
2.68205
2.68233
2.68262
2.68292
2.68323
2.68354
2.68387
2.6842
2.68455
2.6849
2.68526
2.68563
2.68601
2.6864
2.6868
2.6872
2.68762
2.68804
2.68848
2.68892
2.68937
2.68983
2.6903
2.69078
2.69126
2.69176
2.69227
2.69278
2.6933
2.69383
2.69438
2.69493
2.69548
2.69605
2.69663
2.69722
2.69781
2.69842
2.69903
2.69965
2.70028
2.70092
2.70157
2.70223
2.7029
2.70357
2.70426
2.70495
2.70566
2.70637
2.70709
2.70782
2.70856
2.70931
2.71007
2.71084
2.71161
2.7124
2.7132
2.714
2.71481
2.71563
2.71647
2.71731
2.71815
2.71901
2.71988
2.72076
2.72164
2.72254
2.72344
2.72436
2.72528
2.72621
2.72715
2.7281
2.72906
2.73003
2.73101
2.732
2.73299
2.734
2.73501
2.73604
2.73707
2.73812
2.73917
2.74023
2.7413
2.74238
2.74347
2.74457
2.74567
2.74679
2.74792
2.74905
2.7502
2.75135
2.75252
2.75369
2.75487
2.75606
2.75727
2.75848
2.7597
2.76093
2.76216
2.76341
2.76467
2.76594
2.76721
2.7685
2.7698
2.7711
2.77241
2.77374
2.77507
2.77641
2.77777
2.77913
2.7805
2.78188
2.78327
2.78467
2.78608
2.7875
2.78893
2.79037
2.79181
2.79327
2.79474
2.79622
2.7977
2.7992
2.8007
2.80222
2.80374
2.80528
2.80682
2.80838
2.80994
2.81151
2.8131
2.81469
2.81629
2.8179
2.81952
2.82116
2.8228
2.82445
2.82611
2.82778
2.82946
2.83115
2.83285
2.83456
2.83628
2.83801
2.83975
2.8415
2.84326
2.84503
2.84681
2.8486
2.8504
2.85221
2.85403
2.85586
2.8577
2.85955
2.86141
2.86328
2.86516
2.86705
2.86895
2.87086
2.87278
2.87471
2.87665
2.8786
2.88056
2.88253
2.88451
2.8865
2.8885
2.89051
2.89253
2.89456
2.89661
2.89866
2.90072
2.90279
2.90488
2.90697
2.90907
2.91119
2.91331
2.91545
2.91759
2.91975
2.92192
2.92409
2.92628
2.92848
2.93068
2.9329
2.93513
2.93737
2.93962
2.94188
2.94415
2.94643
2.94873
2.95103
2.95334
2.95567
2.958
2.96035
2.9627
2.96507
2.96745
2.96984
2.97224
2.97465
2.97707
2.9795
2.98194
2.98439
2.98686
2.98933
2.99182
2.99431
2.99682
2.99934
3.00187
3.00441
3.00696
3.00952
3.0121
3.01468
3.01728
3.01988
3.0225
3.02513
3.02777
3.03042
3.03308
3.03576
3.03844
3.04114
3.04384
3.04656
3.04929
3.05203
3.05479
3.05755
3.06033
3.06311
3.06591
3.06872
3.07154
3.07437
3.07722
3.08007
3.08294
3.08582
3.08871
3.09161
3.09452
3.09745
3.10038
3.10333
3.10629
3.10926
3.11224
3.11524
3.11825
3.12126
3.12429
3.12734
3.13039
3.13346
3.13653
3.13962
3.14273
3.14584
3.14897
3.1521
3.15525
3.15841
3.16159
3.16478
3.16797
3.17118
3.17441
3.17764
3.18089
3.18415
3.18742
3.1907
3.194
3.19731
3.20063
3.20396
3.20731
3.21067
3.21404
3.21742
3.22082
3.22423
3.22765
3.23108
3.23453
3.23799
3.24146
3.24495
3.24844
3.25195
3.25548
3.25901
3.26256
3.26612
3.2697
3.27329
3.27689
3.2805
3.28413
3.28777
3.29142
3.29509
3.29876
3.30246
3.30616
3.30988
3.31361
3.31736
3.32112
3.32489
3.32868
3.33247
3.33629
3.34011
3.34395
3.34781
3.35167
3.35555
3.35945
3.36336
3.36728
3.37121
3.37516
3.37912
3.3831
3.38709
3.3911
3.39511
3.39915
3.40319
3.40725
3.41133
3.41542
3.41952
3.42364
3.42777
3.43191
3.43607
3.44025
3.44444
3.44864
3.45286
3.45709
3.46134
3.4656
3.46987
3.47416
3.47847
3.48279
3.48712
3.49147
3.49584
3.50022
3.50461
3.50902
3.51344
3.51788
3.52234
3.52681
3.53129
3.53579
3.5403
3.54483
3.54938
3.55394
3.55852
3.56311
3.56771
3.57234
3.57698
3.58163
3.5863
3.59098
3.59568
3.6004
3.60513
3.60988
3.61465
3.61943
3.62422
3.62903
3.63386
3.63871
3.64357
3.64844
3.65334
3.65825
3.66317
3.66812
3.67308
3.67805
3.68304
3.68805
3.69308
3.69812
3.70318
3.70825
3.71335
3.71846
3.72358
3.72873
3.73389
3.73906
3.74426
3.74947
3.7547
3.75995
3.76521
3.77049
3.77579
3.78111
3.78644
3.79179
3.79716
3.80255
3.80796
3.81338
3.81882
3.82428
3.82976
3.83525
3.84077
3.8463
3.85185
3.85742
3.86301
3.86861
3.87423
3.87988
3.88554
3.89122
3.89692
3.90264
3.90837
3.91413
3.9199
3.9257
3.93151
3.93734
3.94319
3.94906
3.95495
3.96086
3.96679
3.97274
3.97871
3.9847
3.99071
3.99673
4.00278
4.00885
4.01494
4.02105
4.02718
4.03333
4.03949
4.04568
4.0519
4.05813
4.06438
4.07065
4.07694
4.08326
4.08959
4.09595
4.10233
4.10873
4.11515
4.12159
4.12805
4.13454
4.14104
4.14757
4.15412
4.16069
4.16729
4.1739
4.18054
4.1872
4.19388
4.20058
4.20731
4.21406
4.22083
4.22763
4.23445
4.24129
4.24815
4.25504
4.26195
4.26888
4.27584
4.28282
4.28982
4.29685
4.3039
4.31097
4.31807
4.32519
4.33234
4.33951
4.3467
4.35392
4.36117
4.36844
4.37573
4.38305
4.39039
4.39776
4.40515
4.41257
4.42001
4.42748
4.43498
4.4425
4.45004
4.45762
4.46521
4.47284
4.48049
4.48816
4.49587
4.5036
4.51135
4.51914
4.52695
4.53478
4.54265
4.55054
4.55846
4.5664
4.57437
4.58238
4.5904
4.59846
4.60655
4.61466
4.6228
4.63097
4.63917
4.6474
4.65565
4.66394
4.67225
4.6806
4.68897
4.69737
4.70581
4.71427
4.72276
4.73128
4.73984
4.74842
4.75703
4.76568
4.77435
4.78306
4.7918
4.80056
4.80936
4.8182
4.82706
4.83595
4.84488
4.85384
4.86283
4.87186
4.88091
4.89
4.89913
4.90828
4.91747
4.92669
4.93595
4.94524
4.95456
4.96392
4.97332
4.98274
4.9922
5.0017
5.01123
5.0208
5.0304
5.04004
5.04972
5.05943
5.06917
5.07896
5.08878
5.09863
5.10853
5.11846
5.12842
5.13843
5.14847
5.15855
5.16867
5.17883
5.18903
5.19926
5.20954
5.21985
5.2302
5.2406
5.25103
5.2615
5.27201
5.28257
5.29316
5.3038
5.31448
5.32519
5.33596
5.34676
5.3576
5.36849
5.37942
5.39039
5.40141
5.41247
5.42357
5.43472
5.44591
5.45715
5.46843
5.47976
5.49113
5.50255
5.51401
5.52552
5.53708
5.54868
5.56033
5.57203
5.58377
5.59557
5.60741
5.6193
5.63124
5.64323
5.65526
5.66735
5.67949
5.69168
5.70392
5.71621
5.72855
5.74094
5.75339
5.76589
5.77844
5.79104
5.8037
5.81641
5.82918
5.842
5.85487
5.86781
5.88079
5.89384
5.90693
5.92009
5.9333
5.94658
5.95991
5.97329
5.98674
6.00025
6.01381
6.02744
6.04113
6.05487
6.06868
6.08255
6.09649
6.11048
6.12454
6.13867
6.15285
6.16711
6.18142
6.19581
6.21026
6.22477
6.23936
6.25401
6.26873
6.28352
6.29837
6.3133
6.3283
6.34337
6.35851
6.37372
6.389
6.40436
6.41979
6.4353
6.45088
6.46653
6.48226
6.49807
6.51396
6.52992
6.54597
6.56209
6.57829
6.59457
6.61094
6.62738
6.64391
6.66052
6.67722
6.694
6.71087
6.72782
6.74486
6.76199
6.7792
6.79651
6.81391
6.83139
6.84897
6.86664
6.88441
6.90227
6.92022
6.93827
6.95642
6.97466
6.99301
7.01145
7.02999
7.04864
7.06739
7.08624
7.1052
7.12426
7.14343
7.1627
7.18209
7.20158
7.22118
7.2409
7.26073
7.28067
7.30073
7.32091
7.3412
7.36161
7.38215
7.4028
7.42358
7.44448
7.4655
7.48665
7.50793
7.52934
7.55088
7.57255
7.59436
7.6163
7.63837
7.66059
7.68294
7.70544
7.72807
7.75086
7.77378
7.79686
7.82008
7.84346
7.86699
7.89067
7.91451
7.93851
7.96267
7.98699
8.01148
8.03613
8.06095
8.08594
8.1111
8.13644
8.16195
8.18765
8.21352
8.23958
8.26582
8.29226
8.31888
8.3457
8.37271
8.39993
8.42734
8.45496
8.48278
8.51082
8.53907
8.56753
8.59622
8.62512
8.65425
8.68361
8.7132
8.74302
8.77309
8.80339
8.83395
8.86475
8.8958
8.92711
8.95869
8.99052
9.02263
9.05501
9.08767
9.12061
9.15384
9.18736
9.22118
9.2553
9.28972
9.32446
9.35951
9.39489
9.4306
9.46663
9.50301
9.53974
9.57681
9.61425
9.65205
9.69022
9.72877
9.76771
9.80704
9.84677
9.88692
9.92747
9.96846
10.0099
10.0517
10.094
10.1368
10.1801
10.2238
10.268
10.3127
10.3579
10.4037
10.45
10.4968
10.5442
10.5922
10.6407
10.6899
10.7396
10.79
10.8411
10.8928
10.9451
10.9982
11.052
11.1065
11.1618
11.2178
11.2747
11.3323
11.3908
11.4501
11.5104
11.5715
11.6336
11.6966
11.7607
11.8258
11.8919
11.9591
12.0275
12.097
12.1677
12.2397
12.313
12.3876
12.4636
12.5411
12.62
12.7005
12.7826
12.8664
12.952
13.0393
13.1286
13.2198
13.3131
13.4086
13.5063
13.6065
13.7091
13.8143
13.9223
14.0332
14.1471
14.2643
14.3849
14.5091
14.6371
14.7693
14.9059
15.0471
15.1933
15.3433
15.5
15.6633
15.8311
16.012
16.1868
16.3742
16.5533
16.7985
17.0315
17.2075
17.6142
17.6654
18.2663
18.6034
19.5558
19.6537
19.9145
22.6226
21.5713
25.1293
22.2885
23.9324
24.813
26.6199
29.738
29.8909
26.6945
36.5167
23.2396
29.8953
29.2152
21.8366
26.4464
21.6424
18.5191
25.2993
21.5984
18.8375
21.2071
20.028
19.073
19.0081
17.8928
18.3247
18.0027
17.4187
17.3198
17.1064
16.7931
16.596
16.3673
16.1699
15.9856
15.7925
15.6164
15.4497
15.2839
15.1264
14.9746
14.8275
14.6856
14.548
14.4146
14.2853
14.1596
14.0374
13.9186
13.8028
13.6901
13.5801
13.4728
13.368
13.2657
13.1657
13.0678
12.9721
12.8784
12.7866
12.6966
12.6084
12.522
12.4371
12.3539
12.2721
12.1918
12.1129
12.0354
11.9591
11.8842
11.8104
11.7379
11.6664
11.5961
11.5269
11.4587
11.3915
11.3252
11.2599
11.1956
11.1321
11.0695
11.0078
10.9468
10.8867
10.8273
10.7687
10.7109
10.6537
10.5973
10.5415
10.4864
10.432
10.3782
10.325
10.2724
10.2204
10.169
10.1181
10.0678
10.018
9.96879
9.92006
9.87184
9.82411
9.77686
9.73008
9.68377
9.63792
9.59251
9.54753
9.50298
9.45885
9.41513
9.37182
9.3289
9.28637
9.24421
9.20244
9.16103
9.11997
9.07928
9.03893
8.99892
8.95925
8.91991
8.88089
8.84219
8.8038
8.76572
8.72794
8.69046
8.65328
8.61638
8.57976
8.54343
8.50737
8.47158
8.43605
8.40079
8.36579
8.33104
8.29654
8.26228
8.22827
8.1945
8.16097
8.12766
8.09459
8.06174
8.02912
7.99671
7.96452
7.93254
7.90078
7.86922
7.83787
7.80671
7.77576
7.74501
7.71444
7.68407
7.65389
7.6239
7.59409
7.56446
7.53501
7.50573
7.47664
7.44771
7.41896
7.39037
7.36195
7.3337
7.30561
7.27767
7.2499
7.22228
7.19482
7.16751
7.14036
7.11335
7.08649
7.05977
7.0332
7.00678
6.98049
6.95434
6.92834
6.90246
6.87673
6.85112
6.82565
6.80031
6.7751
6.75002
6.72506
6.70023
6.67552
6.65094
6.62647
6.60213
6.5779
6.5538
6.52981
6.50593
6.48217
6.45852
6.43498
6.41156
6.38824
6.36503
6.34193
6.31893
6.29604
6.27326
6.25058
6.228
6.20552
6.18314
6.16086
6.13868
6.1166
6.09462
6.07273
6.05093
6.02923
6.00763
5.98611
5.96469
5.94336
5.92211
5.90096
5.87989
5.85892
5.83803
5.81722
5.7965
5.77587
5.75532
5.73485
5.71446
5.69416
5.67394
5.65379
5.63373
5.61375
5.59384
5.57401
5.55426
5.53459
5.51499
5.49546
5.47602
5.45664
5.43734
5.41811
5.39895
5.37987
5.36085
5.34191
5.32304
5.30423
5.2855
5.26683
5.24823
5.2297
5.21123
5.19283
5.1745
5.15623
5.13803
5.11989
5.10181
5.0838
5.06585
5.04797
5.03014
5.01238
4.99468
4.97704
4.95945
4.94193
4.92447
4.90707
4.88972
4.87243
4.8552
4.83803
4.82092
4.80386
4.78685
4.76991
4.75301
4.73618
4.71939
4.70267
4.68599
4.66937
4.6528
4.63628
4.61982
4.60341
4.58705
4.57074
4.55448
4.53827
4.52212
4.50601
4.48995
4.47394
4.45798
4.44207
4.42621
4.4104
4.39463
4.37891
4.36324
4.34761
4.33203
4.3165
4.30101
4.28557
4.27018
4.25482
4.23952
4.22426
4.20904
4.19387
4.17874
4.16365
4.14861
4.13361
4.11865
4.10373
4.08886
4.07403
4.05924
4.04449
4.02978
4.01512
4.00049
3.98591
3.97136
3.95686
3.94239
3.92796
3.91358
3.89923
3.88492
3.87065
3.85642
3.84222
3.82807
3.81395
3.79987
3.78582
3.77182
3.75785
3.74392
3.73002
3.71616
3.70233
3.68855
3.67479
3.66108
3.64739
3.63375
3.62014
3.60656
3.59302
3.57951
3.56603
3.55259
3.53919
3.52581
3.51247
3.49917
3.48589
3.47265
3.45945
3.44627
3.43313
3.42002
3.40694
3.39389
3.38088
3.36789
3.35494
3.34202
3.32913
3.31627
3.30344
3.29065
3.27788
3.26514
3.25244
3.23976
3.22711
3.2145
3.20191
3.18935
3.17682
3.16432
3.15185
3.13941
3.12699
3.11461
3.10225
3.08993
3.07763
3.06535
3.05311
3.04089
3.0287
3.01654
3.00441
2.9923
2.98022
2.96817
2.95614
2.94414
2.93217
2.92022
2.9083
2.89641
2.88454
2.8727
2.86088
2.84909
2.83733
2.82559
2.81388
2.80219
2.79052
2.77889
2.76727
2.75568
2.74412
2.73258
2.72107
2.70957
2.69811
2.68667
2.67525
2.66385
2.65248
2.64114
2.62981
2.61851
2.60724
2.59598
2.58475
2.57355
2.56236
2.5512
2.54006
2.52895
2.51786
2.50679
2.49574
2.48471
2.47371
2.46273
2.45177
2.44083
2.42992
2.41902
2.40815
2.3973
2.38647
2.37567
2.36488
2.35411
2.34337
2.33265
2.32195
2.31126
2.3006
2.28997
2.27935
2.26875
2.25817
2.24761
2.23708
2.22656
2.21606
2.20559
2.19513
2.18469
2.17427
2.16388
2.1535
2.14314
2.1328
2.12248
2.11218
2.1019
2.09164
2.0814
2.07117
2.06097
2.05078
2.04062
2.03047
2.02034
2.01023
2.00014
1.99006
1.98001
1.96997
1.95995
1.94995
1.93997
1.93001
1.92006
1.91013
1.90022
1.89033
1.88045
1.87059
1.86075
1.85093
1.84113
1.83134
1.82157
1.81181
1.80208
1.79236
1.78266
1.77297
1.76331
1.75365
1.74402
1.7344
1.7248
1.71522
1.70565
1.6961
1.68656
1.67705
1.66754
1.65806
1.64859
1.63914
1.6297
1.62028
1.61087
1.60148
1.59211
1.58275
1.57341
1.56409
1.55478
1.54548
1.5362
1.52694
1.51769
1.50846
1.49924
1.49004
1.48085
1.47168
1.46252
1.45338
1.44425
1.43514
1.42605
1.41696
1.4079
1.39884
1.38981
1.38078
1.37178
1.36278
1.3538
1.34484
1.33589
1.32695
1.31803
1.30912
1.30023
1.29135
1.28249
1.27364
1.2648
1.25598
1.24717
1.23837
1.22959
1.22083
1.21207
1.20333
1.19461
1.1859
1.1772
1.16851
1.15984
1.15118
1.14254
1.13391
1.12529
1.11668
1.10809
1.09952
1.09095
1.0824
1.07386
1.06533
1.05682
1.04832
1.03984
1.03136
1.0229
1.01445
1.00602
0.997595
0.989185
0.980787
0.972403
0.964031
0.955671
0.947324
0.938989
0.930667
0.922357
0.91406
0.905774
0.897501
0.889241
0.880992
0.872756
0.864532
0.85632
0.848119
0.839931
0.831755
0.823591
0.815439
0.807298
0.79917
0.791053
0.782948
0.774855
0.766773
0.758703
0.750645
0.742598
0.734563
0.72654
0.718527
0.710527
0.702538
0.69456
0.686593
0.678638
0.670694
0.662762
0.65484
0.64693
0.639031
0.631143
0.623267
0.615401
0.607546
0.599702
0.59187
0.584048
0.576237
0.568437
0.560648
0.55287
0.545102
0.537346
0.5296
0.521864
0.51414
0.506426
0.498722
0.49103
0.483347
0.475676
0.468014
0.460364
0.452723
0.445093
0.437474
0.429865
0.422266
0.414677
0.407099
0.399531
0.391973
0.384425
0.376888
0.369361
0.361843
0.354336
0.346839
0.339352
0.331875
0.324407
0.31695
0.309503
0.302065
0.294638
0.28722
0.279812
0.272414
0.265025
0.257647
0.250278
0.242919
0.235569
0.228229
0.220898
0.213578
0.206266
0.198965
0.191672
0.18439
0.177116
0.169852
0.162598
0.155353
0.148117
0.140891
0.133673
0.126466
0.119267
0.112078
0.104898
0.0977268
0.090565
0.0834124
0.0762689
0.0691345
0.0620092
0.0548929
0.0477857
0.0406875
0.0335982
0.0265179
0.0194466
0.0123842
0.00533062
-0.00171405
-0.00874986
-0.0157769
-0.022795
-0.0298044
-0.0368051
-0.043797
-0.0507802
-0.0577546
-0.0647205
-0.0716776
-0.0786261
-0.085566
-0.0924973
-0.0994201
-0.106334
-0.11324
-0.120137
-0.127026
-0.133906
-0.140778
-0.147641
-0.154496
-0.161343
-0.168181
-0.175011
-0.181832
-0.188645
-0.19545
-0.202247
-0.209035
-0.215815
-0.222587
-0.229351
-0.236107
-0.242854
-0.249594
-0.256325
-0.263048
-0.269763
-0.27647
-0.283169
-0.28986
-0.296543
-0.303218
-0.309885
-0.316544
-0.323195
-0.329839
-0.336474
-0.343102
-0.349721
-0.356333
-0.362937
-0.369533
-0.376122
-0.382702
-0.389275
-0.395841
-0.402398
-0.408948
-0.41549
-0.422025
-0.428552
-0.435071
-0.441583
-0.448087
-0.454583
-0.461072
-0.467553
-0.474027
-0.480494
-0.486953
-0.493404
-0.499848
-0.506285
-0.512714
-0.519136
-0.52555
-0.531957
-0.538357
-0.544749
-0.551134
-0.557512
-0.563882
-0.570245
-0.576601
-0.58295
-0.589291
-0.595626
-0.601953
-0.608273
-0.614585
-0.620891
-0.627189
-0.633481
-0.639765
-0.646042
-0.652312
-0.658575
-0.664831
-0.67108
-0.677322
-0.683557
-0.689785
-0.696006
-0.70222
-0.708427
-0.714628
-0.720821
-0.727007
-0.733187
-0.73936
-0.745526
-0.751685
-0.757837
-0.763982
-0.770121
-0.776253
-0.782378
-0.788497
-0.794608
-0.800713
-0.806812
-0.812903
-0.818988
-0.825066
-0.831138
-0.837203
-0.843261
-0.849313
-0.855358
-0.861397
-0.867429
-0.873454
-0.879473
-0.885485
-0.891491
-0.897491
-0.903484
-0.90947
-0.91545
-0.921424
-0.927391
-0.933352
-0.939306
-0.945254
-0.951195
-0.95713
-0.963059
-0.968982
-0.974898
-0.980808
-0.986711
-0.992609
-0.9985
-1.00438
-1.01026
-1.01614
-1.022
-1.02786
-1.03371
-1.03956
-1.0454
-1.05124
-1.05707
-1.06289
-1.06871
-1.07452
-1.08032
-1.08612
-1.09191
-1.0977
-1.10348
-1.10925
-1.11502
-1.12078
-1.12654
-1.13229
-1.13803
-1.14377
-1.1495
-1.15523
-1.16095
-1.16666
-1.17237
-1.17807
-1.18377
-1.18946
-1.19515
-1.20083
-1.2065
-1.21217
-1.21783
-1.22348
-1.22913
-1.23478
-1.24041
-1.24605
-1.25167
-1.25729
-1.26291
-1.26852
-1.27412
-1.27972
-1.28531
-1.2909
-1.29648
-1.30206
-1.30763
-1.31319
-1.31875
-1.3243
-1.32985
-1.33539
-1.34093
-1.34646
-1.35198
-1.3575
-1.36301
-1.36852
-1.37403
-1.37952
-1.38501
-1.3905
-1.39598
-1.40146
-1.40693
-1.41239
-1.41785
-1.4233
-1.42875
-1.43419
-1.43963
-1.44506
-1.45049
-1.45591
-1.46132
-1.46674
-1.47214
-1.47754
-1.48293
-1.48832
-1.49371
-1.49908
-1.50446
-1.50983
-1.51519
-1.52054
-1.5259
-1.53124
-1.53658
-1.54192
-1.54725
-1.55258
-1.5579
-1.56321
-1.56852
-1.57383
-1.57913
-1.58442
-1.58971
-1.595
-1.60028
-1.60555
-1.61082
-1.61608
-1.62134
-1.6266
-1.63184
-1.63709
-1.64233
-1.64756
-1.65279
-1.65801
-1.66323
-1.66844
-1.67365
-1.67886
-1.68405
-1.68925
-1.69444
-1.69962
-1.7048
-1.70997
-1.71514
-1.7203
-1.72546
-1.73062
-1.73577
-1.74091
-1.74605
-1.75118
-1.75631
-1.76144
-1.76656
-1.77167
-1.77678
-1.78189
-1.78699
-1.79208
-1.79718
-1.80226
-1.80734
-1.81242
-1.81749
-1.82256
-1.82762
-1.83268
-1.83773
-1.84278
-1.84782
-1.85286
-1.85789
-1.86292
-1.86795
-1.87297
-1.87798
-1.88299
-1.888
-1.893
-1.89799
-1.90299
-1.90797
-1.91296
-1.91793
-1.92291
-1.92788
-1.93284
-1.9378
-1.94275
-1.9477
-1.95265
-1.95759
-1.96253
-1.96746
-1.97239
-1.97731
-1.98223
-1.98714
-1.99205
-1.99696
-2.00186
-2.00675
-2.01165
-2.01653
-2.02142
-2.02629
-2.03117
-2.03604
-2.0409
-2.04576
-2.05062
-2.05547
-2.06032
-2.06516
-2.07
-2.07483
-2.07966
-2.08449
-2.08931
-2.09412
-2.09893
-2.10374
-2.10855
-2.11334
-2.11814
-2.12293
-2.12772
-2.1325
-2.13728
-2.14205
-2.14682
-2.15158
-2.15634
-2.1611
-2.16585
-2.1706
-2.17534
-2.18008
-2.18481
-2.18955
-2.19427
-2.19899
-2.20371
-2.20843
-2.21314
-2.21784
-2.22254
-2.22724
-2.23193
-2.23662
-2.2413
-2.24598
-2.25066
-2.25533
-2.26
-2.26466
-2.26932
-2.27398
-2.27863
-2.28328
-2.28792
-2.29256
-2.2972
-2.30183
-2.30645
-2.31108
-2.3157
-2.32031
-2.32492
-2.32953
-2.33413
-2.33873
-2.34332
-2.34791
-2.3525
-2.35708
-2.36166
-2.36624
-2.37081
-2.37537
-2.37994
-2.38449
-2.38905
-2.3936
-2.39815
-2.40269
-2.40723
-2.41176
-2.41629
-2.42082
-2.42534
-2.42986
-2.43438
-2.43889
-2.4434
-2.4479
-2.4524
-2.4569
-2.46139
-2.46588
-2.47036
-2.47484
-2.47932
-2.48379
-2.48826
-2.49272
-2.49718
-2.50164
-2.5061
-2.51054
-2.51499
-2.51943
-2.52387
-2.52831
-2.53274
-2.53716
-2.54159
-2.54601
-2.55042
-2.55483
-2.55924
-2.56364
-2.56805
-2.57244
-2.57684
-2.58122
-2.58561
-2.58999
-2.59437
-2.59874
-2.60312
-2.60748
-2.61185
-2.61621
-2.62056
-2.62491
-2.62926
-2.63361
-2.63795
-2.64229
-2.64662
-2.65095
-2.65528
-2.6596
-2.66392
-2.66824
-2.67255
-2.67686
-2.68116
-2.68546
-2.68976
-2.69405
-2.69834
-2.70263
-2.70691
-2.71119
-2.71547
-2.71974
-2.72401
-2.72828
-2.73254
-2.7368
-2.74105
-2.7453
-2.74955
-2.7538
-2.75804
-2.76227
-2.76651
-2.77074
-2.77496
-2.77919
-2.78341
-2.78762
-2.79183
-2.79604
-2.80025
-2.80445
-2.80865
-2.81284
-2.81704
-2.82122
-2.82541
-2.82959
-2.83377
-2.83794
-2.84211
-2.84628
-2.85045
-2.85461
-2.85876
-2.86292
-2.86707
-2.87122
-2.87536
-2.8795
-2.88364
-2.88777
-2.8919
-2.89603
-2.90015
-2.90427
-2.90839
-2.9125
-2.91661
-2.92072
-2.92482
-2.92892
-2.93302
-2.93711
-2.9412
-2.94529
-2.94937
-2.95345
-2.95752
-2.9616
-2.96567
-2.96973
-2.9738
-2.97786
-2.98191
-2.98597
-2.99002
-2.99407
-2.99811
-3.00215
-3.00619
-3.01022
-3.01425
-3.01828
-3.0223
-3.02632
-3.03034
-3.03435
-3.03837
-3.04237
-3.04638
-3.05038
-3.05438
-3.05837
-3.06236
-3.06635
-3.07034
-3.07432
-3.0783
-3.08228
-3.08625
-3.09022
-3.09418
-3.09815
-3.10211
-3.10606
-3.11002
-3.11397
-3.11791
-3.12186
-3.1258
-3.12974
-3.13367
-3.1376
-3.14153
-3.14546
-3.14938
-3.1533
-3.15721
-3.16113
-3.16504
-3.16894
-3.17285
-3.17675
-3.18064
-3.18454
-3.18843
-3.19232
-3.1962
-3.20008
-3.20396
-3.20784
-3.21171
-3.21558
-3.21945
-3.22331
-3.22717
-3.23103
-3.23488
-3.23873
-3.24258
-3.24643
-3.25027
-3.25411
-3.25794
-3.26178
-3.26561
-3.26943
-3.27326
-3.27708
-3.2809
-3.28471
-3.28852
-3.29233
-3.29614
-3.29994
-3.30374
-3.30754
-3.31133
-3.31513
-3.31891
-3.3227
-3.32648
-3.33026
-3.33404
-3.33781
-3.34158
-3.34535
-3.34911
-3.35287
-3.35663
-3.36039
-3.36414
-3.36789
-3.37164
-3.37538
-3.37912
-3.38286
-3.3866
-3.39033
-3.39406
-3.39779
-3.40151
-3.40523
-3.40895
-3.41266
-3.41638
-3.42009
-3.42379
-3.4275
-3.4312
-3.43489
-3.43859
-3.44228
-3.44597
-3.44966
-3.45334
-3.45702
-3.4607
-3.46438
-3.46805
-3.47172
-3.47538
-3.47905
-3.48271
-3.48637
-3.49002
-3.49367
-3.49732
-3.50097
-3.50461
-3.50826
-3.51189
-3.51553
-3.51916
-3.52279
-3.52642
-3.53004
-3.53367
-3.53729
-3.5409
-3.54452
-3.54813
-3.55173
-3.55534
-3.55894
-3.56254
-3.56614
-3.56973
-3.57332
-3.57691
-3.5805
-3.58408
-3.58766
-3.59124
-3.59481
-3.59839
-3.60196
-3.60552
-3.60909
-3.61265
-3.61621
-3.61976
-3.62332
-3.62687
-3.63041
-3.63396
-3.6375
-3.64104
-3.64458
-3.64811
-3.65164
-3.65517
-3.6587
-3.66222
-3.66574
-3.66926
-3.67278
-3.67629
-3.6798
-3.68331
-3.68681
-3.69032
-3.69382
-3.69731
-3.70081
-3.7043
-3.70779
-3.71127
-3.71476
-3.71824
-3.72172
-3.72519
-3.72867
-3.73214
-3.73561
-3.73907
-3.74253
-3.74599
-3.74945
-3.75291
-3.75636
-3.75981
-3.76326
-3.7667
-3.77014
-3.77358
-3.77702
-3.78045
-3.78389
-3.78732
-3.79074
-3.79417
-3.79759
-3.80101
-3.80442
-3.80784
-3.81125
-3.81466
-3.81806
-3.82147
-3.82487
-3.82826
-3.83166
-3.83505
-3.83844
-3.84183
-3.84522
-3.8486
-3.85198
-3.85536
-3.85874
-3.86211
-3.86548
-3.86885
-3.87221
-3.87558
-3.87894
-3.8823
-3.88565
-3.889
-3.89235
-3.8957
-3.89905
-3.90239
-3.90573
-3.90907
-3.91241
-3.91574
-3.91907
-3.9224
-3.92572
-3.92905
-3.93237
-3.93569
-3.939
-3.94231
-3.94563
-3.94893
-3.95224
-3.95554
-3.95884
-3.96214
-3.96544
-3.96873
-3.97202
-3.97531
-3.9786
-3.98188
-3.98517
-3.98845
-3.99172
-3.995
-3.99827
-4.00154
-4.0048
-4.00807
-4.01133
-4.01459
-4.01785
-4.0211
-4.02436
-4.02761
-4.03085
-4.0341
-4.03734
-4.04058
-4.04382
-4.04706
-4.05029
-4.05352
-4.05675
-4.05998
-4.0632
-4.06642
-4.06964
-4.07286
-4.07607
-4.07928
-4.08249
-4.0857
-4.08891
-4.09211
-4.09531
-4.09851
-4.1017
-4.1049
-4.10809
-4.11128
-4.11446
-4.11765
-4.12083
-4.12401
-4.12718
-4.13036
-4.13353
-4.1367
-4.13987
-4.14303
-4.1462
-4.14936
-4.15252
-4.15567
-4.15883
-4.16198
-4.16513
-4.16827
-4.17142
-4.17456
-4.1777
-4.18084
-4.18397
-4.1871
-4.19024
-4.19336
-4.19649
-4.19961
-4.20274
-4.20585
-4.20897
-4.21209
-4.2152
-4.21831
-4.22142
-4.22452
-4.22763
-4.23073
-4.23383
-4.23692
-4.24002
-4.24311
-4.2462
-4.24929
-4.25237
-4.25545
-4.25854
-4.26161
-4.26469
-4.26776
-4.27084
-4.27391
-4.27697
-4.28004
-4.2831
-4.28616
-4.28922
-4.29228
-4.29533
-4.29838
-4.30143
-4.30448
-4.30753
-4.31057
-4.31361
-4.31665
-4.31968
-4.32272
-4.32575
-4.32878
-4.33181
-4.33483
-4.33786
-4.34088
-4.3439
-4.34691
-4.34993
-4.35294
-4.35595
-4.35896
-4.36196
-4.36497
-4.36797
-4.37097
-4.37396
-4.37696
-4.37995
-4.38294
-4.38593
-4.38892
-4.3919
-4.39488
-4.39786
-4.40084
-4.40382
-4.40679
-4.40976
-4.41273
-4.4157
-4.41866
-4.42162
-4.42458
-4.42754
-4.4305
-4.43345
-4.4364
-4.43935
-4.4423
-4.44525
-4.44819
-4.45113
-4.45407
-4.45701
-4.45994
-4.46287
-4.4658
-4.46873
-4.47166
-4.47458
-4.47751
-4.48043
-4.48334
-4.48626
-4.48917
-4.49209
-4.49499
-4.4979
-4.50081
-4.50371
-4.50661
-4.50951
-4.51241
-4.5153
-4.5182
-4.52109
-4.52398
-4.52686
-4.52975
-4.53263
-4.53551
-4.53839
-4.54126
-4.54414
-4.54701
-4.54988
-4.55275
-4.55561
-4.55848
-4.56134
-4.5642
-4.56706
-4.56991
-4.57277
-4.57562
-4.57847
-4.58131
-4.58416
-4.587
-4.58984
-4.59268
-4.59552
-4.59836
-4.60119
-4.60402
-4.60685
-4.60968
-4.6125
-4.61532
-4.61815
-4.62096
-4.62378
-4.6266
-4.62941
-4.63222
-4.63503
-4.63784
-4.64064
-4.64344
-4.64624
-4.64904
-4.65184
-4.65463
-4.65743
-4.66022
-4.66301
-4.66579
-4.66858
-4.67136
-4.67414
-4.67692
-4.6797
-4.68247
-4.68524
-4.68802
-4.69078
-4.69355
-4.69632
-4.69908
-4.70184
-4.7046
-4.70736
-4.71011
-4.71286
-4.71562
-4.71836
-4.72111
-4.72386
-4.7266
-4.72934
-4.73208
-4.73482
-4.73755
-4.74029
-4.74302
-4.74575
-4.74847
-4.7512
-4.75392
-4.75665
-4.75937
-4.76208
-4.7648
-4.76751
-4.77023
-4.77294
-4.77564
-4.77835
-4.78105
-4.78376
-4.78646
-4.78915
-4.79185
-4.79455
-4.79724
-4.79993
-4.80262
-4.8053
-4.80799
-4.81067
-4.81335
-4.81603
-4.81871
-4.82139
-4.82406
-4.82673
-4.8294
-4.83207
-4.83473
-4.8374
-4.84006
-4.84272
-4.84538
-4.84803
-4.85069
-4.85334
-4.85599
-4.85864
-4.86129
-4.86393
-4.86658
-4.86922
-4.87186
-4.87449
-4.87713
-4.87976
-4.88239
-4.88502
-4.88765
-4.89028
-4.8929
-4.89553
-4.89815
-4.90076
-4.90338
-4.906
-4.90861
-4.91122
-4.91383
-4.91644
-4.91904
-4.92165
-4.92425
-4.92685
-4.92945
-4.93204
-4.93464
-4.93723
-4.93982
-4.94241
-4.945
-4.94758
-4.95016
-4.95275
-4.95533
-4.9579
-4.96048
-4.96305
-4.96563
-4.9682
-4.97076
-4.97333
-4.9759
-4.97846
-4.98102
-4.98358
-4.98614
-4.98869
-4.99125
-4.9938
-4.99635
-4.9989
-5.00145
-5.00399
-5.00653
-5.00907
-5.01161
-5.01415
-5.01669
-5.01922
-5.02175
-5.02428
-5.02681
-5.02934
-5.03186
-5.03439
-5.03691
-5.03943
-5.04195
-5.04446
-5.04698
-5.04949
-5.052
-5.05451
-5.05701
-5.05952
-5.06202
-5.06452
-5.06702
-5.06952
-5.07202
-5.07451
-5.07701
-5.0795
-5.08199
-5.08447
-5.08696
-5.08944
-5.09192
-5.0944
-5.09688
-5.09936
-5.10183
-5.10431
-5.10678
-5.10925
-5.11172
-5.11418
-5.11665
-5.11911
-5.12157
-5.12403
-5.12649
-5.12894
-5.13139
-5.13385
-5.1363
-5.13875
-5.14119
-5.14364
-5.14608
-5.14852
-5.15096
-5.1534
-5.15584
-5.15827
-5.1607
-5.16313
-5.16556
-5.16799
-5.17042
-5.17284
-5.17526
-5.17768
-5.1801
-5.18252
-5.18493
-5.18735
-5.18976
-5.19217
-5.19458
-5.19699
-5.19939
-5.20179
-5.2042
-5.2066
-5.20899
-5.21139
-5.21378
-5.21618
-5.21857
-5.22096
-5.22335
-5.22573
-5.22812
-5.2305
-5.23288
-5.23526
-5.23764
-5.24001
-5.24239
-5.24476
-5.24713
-5.2495
-5.25187
-5.25423
-5.2566
-5.25896
-5.26132
-5.26368
-5.26604
-5.26839
-5.27074
-5.2731
-5.27545
-5.2778
-5.28014
-5.28249
-5.28483
-5.28717
-5.28951
-5.29185
-5.29419
-5.29652
-5.29886
-5.30119
-5.30352
-5.30585
-5.30818
-5.3105
-5.31282
-5.31515
-5.31747
-5.31979
-5.3221
-5.32442
-5.32673
-5.32904
-5.33135
-5.33366
-5.33597
-5.33827
-5.34058
-5.34288
-5.34518
-5.34748
-5.34977
-5.35207
-5.35436
-5.35666
-5.35895
-5.36123
-5.36352
-5.36581
-5.36809
-5.37037
-5.37265
-5.37493
-5.37721
-5.37948
-5.38176
-5.38403
-5.3863
-5.38857
-5.39084
-5.3931
-5.39537
-5.39763
-5.39989
-5.40215
-5.40441
-5.40666
-5.40892
-5.41117
-5.41342
-5.41567
-5.41792
-5.42016
-5.42241
-5.42465
-5.42689
-5.42913
-5.43137
-5.4336
-5.43584
-5.43807
-5.4403
-5.44253
-5.44476
-5.44699
-5.44921
-5.45144
-5.45366
-5.45588
-5.4581
-5.46031
-5.46253
-5.46474
-5.46696
-5.46917
-5.47138
-5.47358
-5.47579
-5.47799
-5.4802
-5.4824
-5.4846
-5.48679
-5.48899
-5.49118
-5.49338
-5.49557
-5.49776
-5.49995
-5.50213
-5.50432
-5.5065
-5.50868
-5.51086
-5.51304
-5.51522
-5.51739
-5.51957
-5.52174
-5.52391
-5.52608
-5.52825
-5.53041
-5.53258
-5.53474
-5.5369
-5.53906
-5.54122
-5.54338
-5.54553
-5.54769
-5.54984
-5.55199
-5.55414
-5.55628
-5.55843
-5.56057
-5.56272
-5.56486
-5.567
-5.56913
-5.57127
-5.5734
-5.57554
-5.57767
-5.5798
-5.58193
-5.58405
-5.58618
-5.5883
-5.59043
-5.59255
-5.59467
-5.59678
-5.5989
-5.60101
-5.60313
-5.60524
-5.60735
-5.60946
-5.61156
-5.61367
-5.61577
-5.61787
-5.61997
-5.62207
-5.62417
-5.62627
-5.62836
-5.63045
-5.63254
-5.63463
-5.63672
-5.63881
-5.64089
-5.64298
-5.64506
-5.64714
-5.64922
-5.6513
-5.65337
-5.65545
-5.65752
-5.65959
-5.66166
-5.66373
-5.6658
-5.66786
-5.66993
-5.67199
-5.67405
-5.67611
-5.67816
-5.68022
-5.68228
-5.68433
-5.68638
-5.68843
-5.69048
-5.69253
-5.69457
-5.69662
-5.69866
-5.7007
-5.70274
-5.70478
-5.70681
-5.70885
-5.71088
-5.71291
-5.71494
-5.71697
-5.719
-5.72103
-5.72305
-5.72507
-5.7271
-5.72912
-5.73113
-5.73315
-5.73517
-5.73718
-5.73919
-5.7412
-5.74321
-5.74522
-5.74723
-5.74923
-5.75124
-5.75324
-5.75524
-5.75724
-5.75924
-5.76123
-5.76323
-5.76522
-5.76721
-5.7692
-5.77119
-5.77318
-5.77516
-5.77715
-5.77913
-5.78111
-5.78309
-5.78507
-5.78705
-5.78902
-5.791
-5.79297
-5.79494
-5.79691
-5.79888
-5.80084
-5.80281
-5.80477
-5.80673
-5.8087
-5.81065
-5.81261
-5.81457
-5.81652
-5.81848
-5.82043
-5.82238
-5.82433
-5.82628
-5.82822
-5.83017
-5.83211
-5.83405
-5.83599
-5.83793
-5.83987
-5.8418
-5.84374
-5.84567
-5.8476
-5.84953
-5.85146
-5.85339
-5.85531
-5.85724
-5.85916
-5.86108
-5.863
-5.86492
-5.86684
-5.86875
-5.87067
-5.87258
-5.87449
-5.8764
-5.87831
-5.88021
-5.88212
-5.88402
-5.88593
-5.88783
-5.88973
-5.89163
-5.89352
-5.89542
-5.89731
-5.8992
-5.9011
-5.90298
-5.90487
-5.90676
-5.90865
-5.91053
-5.91241
-5.91429
-5.91617
-5.91805
-5.91993
-5.9218
-5.92368
-5.92555
-5.92742
-5.92929
-5.93116
-5.93302
-5.93489
-5.93675
-5.93862
-5.94048
-5.94234
-5.9442
-5.94605
-5.94791
-5.94976
-5.95161
-5.95347
-5.95532
-5.95716
-5.95901
-5.96086
-5.9627
-5.96454
-5.96638
-5.96822
-5.97006
-5.9719
-5.97374
-5.97557
-5.9774
-5.97923
-5.98106
-5.98289
-5.98472
-5.98655
-5.98837
-5.99019
-5.99202
-5.99384
-5.99565
-5.99747
-5.99929
-6.0011
-6.00292
-6.00473
-6.00654
-6.00835
-6.01015
-6.01196
-6.01377
-6.01557
-6.01737
-6.01917
-6.02097
-6.02277
-6.02457
-6.02636
-6.02815
-6.02995
-6.03174
-6.03353
-6.03532
-6.0371
-6.03889
-6.04067
-6.04245
-6.04424
-6.04602
-6.04779
-6.04957
-6.05135
-6.05312
-6.05489
-6.05667
-6.05844
-6.06021
-6.06197
-6.06374
-6.0655
-6.06727
-6.06903
-6.07079
-6.07255
-6.07431
-6.07606
-6.07782
-6.07957
-6.08132
-6.08308
-6.08483
-6.08657
-6.08832
-6.09007
-6.09181
-6.09355
-6.09529
-6.09703
-6.09877
-6.10051
-6.10225
-6.10398
-6.10571
-6.10745
-6.10918
-6.11091
-6.11263
-6.11436
-6.11609
-6.11781
-6.11953
-6.12125
-6.12297
-6.12469
-6.12641
-6.12812
-6.12984
-6.13155
-6.13326
-6.13497
-6.13668
-6.13839
-6.1401
-6.1418
-6.1435
-6.14521
-6.14691
-6.14861
-6.1503
-6.152
-6.1537
-6.15539
-6.15708
-6.15877
-6.16046
-6.16215
-6.16384
-6.16553
-6.16721
-6.16889
-6.17058
-6.17226
-6.17394
-6.17561
-6.17729
-6.17897
-6.18064
-6.18231
-6.18398
-6.18565
-6.18732
-6.18899
-6.19066
-6.19232
-6.19398
-6.19565
-6.19731
-6.19897
-6.20062
-6.20228
-6.20394
-6.20559
-6.20724
-6.20889
-6.21054
-6.21219
-6.21384
-6.21549
-6.21713
-6.21877
-6.22042
-6.22206
-6.2237
-6.22533
-6.22697
-6.22861
-6.23024
-6.23187
-6.2335
-6.23513
-6.23676
-6.23839
-6.24002
-6.24164
-6.24327
-6.24489
-6.24651
-6.24813
-6.24975
-6.25136
-6.25298
-6.25459
-6.25621
-6.25782
-6.25943
-6.26104
-6.26265
-6.26425
-6.26586
-6.26746
-6.26906
-6.27067
-6.27227
-6.27386
-6.27546
-6.27706
-6.27865
-6.28025
-6.28184
-6.28343
-6.28502
-6.28661
-6.28819
-6.28978
-6.29136
-6.29295
-6.29453
-6.29611
-6.29769
-6.29927
-6.30084
-6.30242
-6.30399
-6.30556
-6.30714
-6.30871
-6.31027
-6.31184
-6.31341
-6.31497
-6.31654
-6.3181
-6.31966
-6.32122
-6.32278
-6.32434
-6.32589
-6.32745
-6.329
-6.33055
-6.3321
-6.33365
-6.3352
-6.33675
-6.33829
-6.33984
-6.34138
-6.34292
-6.34446
-6.346
-6.34754
-6.34907
-6.35061
-6.35214
-6.35368
-6.35521
-6.35674
-6.35827
-6.35979
-6.36132
-6.36285
-6.36437
-6.36589
-6.36741
-6.36893
-6.37045
-6.37197
-6.37349
-6.375
-6.37651
-6.37803
-6.37954
-6.38105
-6.38256
-6.38406
-6.38557
-6.38707
-6.38858
-6.39008
-6.39158
-6.39308
-6.39458
-6.39608
-6.39757
-6.39907
-6.40056
-6.40205
-6.40354
-6.40503
-6.40652
-6.40801
-6.40949
-6.41098
-6.41246
-6.41394
-6.41542
-6.4169
-6.41838
-6.41986
-6.42133
-6.42281
-6.42428
-6.42575
-6.42722
-6.42869
-6.43016
-6.43163
-6.43309
-6.43456
-6.43602
-6.43748
-6.43894
-6.4404
-6.44186
-6.44332
-6.44477
-6.44623
-6.44768
-6.44913
-6.45058
-6.45203
-6.45348
-6.45492
-6.45637
-6.45781
-6.45926
-6.4607
-6.46214
-6.46358
-6.46502
-6.46645
-6.46789
-6.46932
-6.47076
-6.47219
-6.47362
-6.47505
-6.47648
-6.4779
-6.47933
-6.48075
-6.48218
-6.4836
-6.48502
-6.48644
-6.48786
-6.48927
-6.49069
-6.4921
-6.49352
-6.49493
-6.49634
-6.49775
-6.49916
-6.50056
-6.50197
-6.50337
-6.50478
-6.50618
-6.50758
-6.50898
-6.51038
-6.51177
-6.51317
-6.51456
-6.51596
-6.51735
-6.51874
-6.52013
-6.52152
-6.52291
-6.52429
-6.52568
-6.52706
-6.52844
-6.52982
-6.5312
-6.53258
-6.53396
-6.53534
-6.53671
-6.53809
-6.53946
-6.54083
-6.5422
-6.54357
-6.54494
-6.5463
-6.54767
-6.54903
-6.55039
-6.55176
-6.55312
-6.55448
-6.55583
-6.55719
-6.55855
-6.5599
-6.56125
-6.5626
-6.56396
-6.5653
-6.56665
-6.568
-6.56935
-6.57069
-6.57203
-6.57337
-6.57472
-6.57606
-6.57739
-6.57873
-6.58007
-6.5814
-6.58274
-6.58407
-6.5854
-6.58673
-6.58806
-6.58939
-6.59071
-6.59204
-6.59336
-6.59468
-6.596
-6.59732
-6.59864
-6.59996
-6.60128
-6.60259
-6.60391
-6.60522
-6.60653
-6.60784
-6.60915
-6.61046
-6.61177
-6.61307
-6.61438
-6.61568
-6.61698
-6.61828
-6.61958
-6.62088
-6.62218
-6.62348
-6.62477
-6.62607
-6.62736
-6.62865
-6.62994
-6.63123
-6.63252
-6.6338
-6.63509
-6.63637
-6.63766
-6.63894
-6.64022
-6.6415
-6.64278
-6.64405
-6.64533
-6.6466
-6.64788
-6.64915
-6.65042
-6.65169
-6.65296
-6.65423
-6.65549
-6.65676
-6.65802
-6.65928
-6.66055
-6.66181
-6.66306
-6.66432
-6.66558
-6.66684
-6.66809
-6.66934
-6.67059
-6.67185
-6.6731
-6.67434
-6.67559
-6.67684
-6.67808
-6.67933
-6.68057
-6.68181
-6.68305
-6.68429
-6.68553
-6.68676
-6.688
-6.68923
-6.69047
-6.6917
-6.69293
-6.69416
-6.69539
-6.69661
-6.69784
-6.69906
-6.70029
-6.70151
-6.70273
-6.70395
-6.70517
-6.70639
-6.7076
-6.70882
-6.71003
-6.71125
-6.71246
-6.71367
-6.71488
-6.71609
-6.71729
-6.7185
-6.71971
-6.72091
-6.72211
-6.72331
-6.72451
-6.72571
-6.72691
-6.72811
-6.7293
-6.7305
-6.73169
-6.73288
-6.73407
-6.73526
-6.73645
-6.73764
-6.73882
-6.74001
-6.74119
-6.74237
-6.74356
-6.74474
-6.74592
-6.74709
-6.74827
-6.74945
-6.75062
-6.75179
-6.75297
-6.75414
-6.75531
-6.75647
-6.75764
-6.75881
-6.75997
-6.76114
-6.7623
-6.76346
-6.76462
-6.76578
-6.76694
-6.7681
-6.76925
-6.77041
-6.77156
-6.77271
-6.77386
-6.77501
-6.77616
-6.77731
-6.77846
-6.7796
-6.78075
-6.78189
-6.78303
-6.78417
-6.78531
-6.78645
-6.78759
-6.78872
-6.78986
-6.79099
-6.79212
-6.79326
-6.79439
-6.79552
-6.79664
-6.79777
-6.7989
-6.80002
-6.80114
-6.80227
-6.80339
-6.80451
-6.80563
-6.80674
-6.80786
-6.80898
-6.81009
-6.8112
-6.81232
-6.81343
-6.81454
-6.81564
-6.81675
-6.81786
-6.81896
-6.82007
-6.82117
-6.82227
-6.82337
-6.82447
-6.82557
-6.82667
-6.82776
-6.82886
-6.82995
-6.83104
-6.83213
-6.83322
-6.83431
-6.8354
-6.83649
-6.83757
-6.83866
-6.83974
-6.84082
-6.84191
-6.84299
-6.84406
-6.84514
-6.84622
-6.84729
-6.84837
-6.84944
-6.85051
-6.85158
-6.85265
-6.85372
-6.85479
-6.85585
-6.85692
-6.85798
-6.85905
-6.86011
-6.86117
-6.86223
-6.86329
-6.86434
-6.8654
-6.86645
-6.86751
-6.86856
-6.86961
-6.87066
-6.87171
-6.87276
-6.87381
-6.87485
-6.8759
-6.87694
-6.87798
-6.87902
-6.88006
-6.8811
-6.88214
-6.88318
-6.88421
-6.88525
-6.88628
-6.88731
-6.88835
-6.88938
-6.8904
-6.89143
-6.89246
-6.89348
-6.89451
-6.89553
-6.89655
-6.89757
-6.89859
-6.89961
-6.90063
-6.90165
-6.90266
-6.90368
-6.90469
-6.9057
-6.90671
-6.90772
-6.90873
-6.90974
-6.91074
-6.91175
-6.91275
-6.91376
-6.91476
-6.91576
-6.91676
-6.91776
-6.91875
-6.91975
-6.92075
-6.92174
-6.92273
-6.92372
-6.92472
-6.9257
-6.92669
-6.92768
-6.92867
-6.92965
-6.93064
-6.93162
-6.9326
-6.93358
-6.93456
-6.93554
-6.93652
-6.93749
-6.93847
-6.93944
-6.94041
-6.94138
-6.94236
-6.94332
-6.94429
-6.94526
-6.94623
-6.94719
-6.94816
-6.94912
-6.95008
-6.95104
-6.952
-6.95296
-6.95391
-6.95487
-6.95583
-6.95678
-6.95773
-6.95868
-6.95963
-6.96058
-6.96153
-6.96248
-6.96343
-6.96437
-6.96531
-6.96626
-6.9672
-6.96814
-6.96908
-6.97002
-6.97095
-6.97189
-6.97282
-6.97376
-6.97469
-6.97562
-6.97655
-6.97748
-6.97841
-6.97934
-6.98026
-6.98119
-6.98211
-6.98304
-6.98396
-6.98488
-6.9858
-6.98672
-6.98763
-6.98855
-6.98946
-6.99038
-6.99129
-6.9922
-6.99311
-6.99402
-6.99493
-6.99584
-6.99675
-6.99765
-6.99855
-6.99946
-7.00036
-7.00126
-7.00216
-7.00306
-7.00396
-7.00485
-7.00575
-7.00664
-7.00753
-7.00843
-7.00932
-7.01021
-7.0111
-7.01198
-7.01287
-7.01376
-7.01464
-7.01552
-7.0164
-7.01729
-7.01817
-7.01904
-7.01992
-7.0208
-7.02167
-7.02255
-7.02342
-7.02429
-7.02517
-7.02604
-7.0269
-7.02777
-7.02864
-7.0295
-7.03037
-7.03123
-7.03209
-7.03296
-7.03382
-7.03468
-7.03553
-7.03639
-7.03725
-7.0381
-7.03895
-7.03981
-7.04066
-7.04151
-7.04236
-7.04321
-7.04405
-7.0449
-7.04574
-7.04659
-7.04743
-7.04827
-7.04911
-7.04995
-7.05079
-7.05163
-7.05246
-7.0533
-7.05413
-7.05497
-7.0558
-7.05663
-7.05746
-7.05829
-7.05911
-7.05994
-7.06077
-7.06159
-7.06241
-7.06324
-7.06406
-7.06488
-7.0657
-7.06651
-7.06733
-7.06814
-7.06896
-7.06977
-7.07059
-7.0714
-7.07221
-7.07302
-7.07382
-7.07463
-7.07544
-7.07624
-7.07704
-7.07785
-7.07865
-7.07945
-7.08025
-7.08105
-7.08184
-7.08264
-7.08343
-7.08423
-7.08502
-7.08581
-7.0866
-7.08739
-7.08818
-7.08897
-7.08976
-7.09054
-7.09133
-7.09211
-7.09289
-7.09367
-7.09445
-7.09523
-7.09601
-7.09678
-7.09756
-7.09833
-7.09911
-7.09988
-7.10065
-7.10142
-7.10219
-7.10296
-7.10373
-7.10449
-7.10526
-7.10602
-7.10678
-7.10754
-7.1083
-7.10906
-7.10982
-7.11058
-7.11134
-7.11209
-7.11285
-7.1136
-7.11435
-7.1151
-7.11585
-7.1166
-7.11735
-7.11809
-7.11884
-7.11958
-7.12033
-7.12107
-7.12181
-7.12255
-7.12329
-7.12403
-7.12476
-7.1255
-7.12624
-7.12697
-7.1277
-7.12843
-7.12916
-7.12989
-7.13062
-7.13135
-7.13207
-7.1328
-7.13352
-7.13425
-7.13497
-7.13569
-7.13641
-7.13713
-7.13785
-7.13856
-7.13928
-7.13999
-7.14071
-7.14142
-7.14213
-7.14284
-7.14355
-7.14426
-7.14496
-7.14567
-7.14637
-7.14708
-7.14778
-7.14848
-7.14918
-7.14988
-7.15058
-7.15128
-7.15198
-7.15267
-7.15336
-7.15406
-7.15475
-7.15544
-7.15613
-7.15682
-7.15751
-7.15819
-7.15888
-7.15956
-7.16025
-7.16093
-7.16161
-7.16229
-7.16297
-7.16365
-7.16433
-7.165
-7.16568
-7.16635
-7.16703
-7.1677
-7.16837
-7.16904
-7.16971
-7.17037
-7.17104
-7.17171
-7.17237
-7.17303
-7.1737
-7.17436
-7.17502
-7.17568
-7.17634
-7.17699
-7.17765
-7.1783
-7.17896
-7.17961
-7.18026
-7.18091
-7.18156
-7.18221
-7.18286
-7.18351
-7.18415
-7.1848
-7.18544
-7.18608
-7.18672
-7.18736
-7.188
-7.18864
-7.18928
-7.18991
-7.19055
-7.19118
-7.19181
-7.19245
-7.19308
-7.19371
-7.19433
-7.19496
-7.19559
-7.19621
-7.19684
-7.19746
-7.19808
-7.1987
-7.19933
-7.19994
-7.20056
-7.20118
-7.20179
-7.20241
-7.20302
-7.20364
-7.20425
-7.20486
-7.20547
-7.20608
-7.20668
-7.20729
-7.2079
-7.2085
-7.2091
-7.20971
-7.21031
-7.21091
-7.21151
-7.2121
-7.2127
-7.2133
-7.21389
-7.21449
-7.21508
-7.21567
-7.21626
-7.21685
-7.21744
-7.21803
-7.21861
-7.2192
-7.21978
-7.22037
-7.22095
-7.22153
-7.22211
-7.22269
-7.22327
-7.22384
-7.22442
-7.225
-7.22557
-7.22614
-7.22671
-7.22728
-7.22785
-7.22842
-7.22899
-7.22956
-7.23012
-7.23069
-7.23125
-7.23181
-7.23237
-7.23293
-7.23349
-7.23405
-7.23461
-7.23517
-7.23572
-7.23627
-7.23683
-7.23738
-7.23793
-7.23848
-7.23903
-7.23958
-7.24012
-7.24067
-7.24121
-7.24176
-7.2423
-7.24284
-7.24338
-7.24392
-7.24446
-7.245
-7.24553
-7.24607
-7.2466
-7.24714
-7.24767
-7.2482
-7.24873
-7.24926
-7.24979
-7.25031
-7.25084
-7.25136
-7.25189
-7.25241
-7.25293
-7.25345
-7.25397
-7.25449
-7.25501
-7.25552
-7.25604
-7.25655
-7.25707
-7.25758
-7.25809
-7.2586
-7.25911
-7.25962
-7.26013
-7.26063
-7.26114
-7.26164
-7.26214
-7.26265
-7.26315
-7.26365
-7.26415
-7.26464
-7.26514
-7.26564
-7.26613
-7.26662
-7.26712
-7.26761
-7.2681
-7.26859
-7.26908
-7.26956
-7.27005
-7.27053
-7.27102
-7.2715
-7.27198
-7.27247
-7.27295
-7.27342
-7.2739
-7.27438
-7.27486
-7.27533
-7.2758
-7.27628
-7.27675
-7.27722
-7.27769
-7.27816
-7.27863
-7.27909
-7.27956
-7.28002
-7.28049
-7.28095
-7.28141
-7.28187
-7.28233
-7.28279
-7.28325
-7.2837
-7.28416
-7.28461
-7.28507
-7.28552
-7.28597
-7.28642
-7.28687
-7.28732
-7.28776
-7.28821
-7.28865
-7.2891
-7.28954
-7.28998
-7.29042
-7.29086
-7.2913
-7.29174
-7.29218
-7.29261
-7.29305
-7.29348
-7.29391
-7.29434
-7.29477
-7.2952
-7.29563
-7.29606
-7.29649
-7.29691
-7.29734
-7.29776
-7.29818
-7.2986
-7.29902
-7.29944
-7.29986
-7.30028
-7.30069
-7.30111
-7.30152
-7.30193
-7.30235
-7.30276
-7.30317
-7.30358
-7.30398
-7.30439
-7.3048
-7.3052
-7.3056
-7.30601
-7.30641
-7.30681
-7.30721
-7.30761
-7.308
-7.3084
-7.3088
-7.30919
-7.30958
-7.30998
-7.31037
-7.31076
-7.31115
-7.31154
-7.31192
-7.31231
-7.31269
-7.31308
-7.31346
-7.31384
-7.31422
-7.3146
-7.31498
-7.31536
-7.31574
-7.31611
-7.31649
-7.31686
-7.31724
-7.31761
-7.31798
-7.31835
-7.31872
-7.31908
-7.31945
-7.31982
-7.32018
-7.32055
-7.32091
-7.32127
-7.32163
-7.32199
-7.32235
-7.32271
-7.32306
-7.32342
-7.32377
-7.32412
-7.32448
-7.32483
-7.32518
-7.32553
-7.32588
-7.32622
-7.32657
-7.32691
-7.32726
-7.3276
-7.32794
-7.32828
-7.32862
-7.32896
-7.3293
-7.32964
-7.32997
-7.33031
-7.33064
-7.33098
-7.33131
-7.33164
-7.33197
-7.3323
-7.33262
-7.33295
-7.33328
-7.3336
-7.33393
-7.33425
-7.33457
-7.33489
-7.33521
-7.33553
-7.33585
-7.33616
-7.33648
-7.33679
-7.33711
-7.33742
-7.33773
-7.33804
-7.33835
-7.33866
-7.33896
-7.33927
-7.33958
-7.33988
-7.34018
-7.34048
-7.34079
-7.34109
-7.34139
-7.34168
-7.34198
-7.34228
-7.34257
-7.34287
-7.34316
-7.34345
-7.34374
-7.34403
-7.34432
-7.34461
-7.34489
-7.34518
-7.34546
-7.34575
-7.34603
-7.34631
-7.34659
-7.34687
-7.34715
-7.34743
-7.34771
-7.34798
-7.34826
-7.34853
-7.3488
-7.34907
-7.34934
-7.34961
-7.34988
-7.35015
-7.35042
-7.35068
-7.35095
-7.35121
-7.35147
-7.35173
-7.35199
-7.35225
-7.35251
-7.35277
-7.35302
-7.35328
-7.35353
-7.35379
-7.35404
-7.35429
-7.35454
-7.35479
-7.35504
-7.35528
-7.35553
-7.35578
-7.35602
-7.35626
-7.3565
-7.35674
-7.35698
-7.35722
-7.35746
-7.3577
-7.35793
-7.35817
-7.3584
-7.35864
-7.35887
-7.3591
-7.35933
-7.35956
-7.35978
-7.36001
-7.36024
-7.36046
-7.36068
-7.36091
-7.36113
-7.36135
-7.36157
-7.36179
-7.36201
-7.36222
-7.36244
-7.36265
-7.36286
-7.36308
-7.36329
-7.3635
-7.36371
-7.36392
-7.36412
-7.36433
-7.36454
-7.36474
-7.36494
-7.36515
-7.36535
-7.36555
-7.36575
-7.36594
-7.36614
-7.36634
-7.36653
-7.36673
-7.36692
-7.36711
-7.3673
-7.36749
-7.36768
-7.36787
-7.36806
-7.36824
-7.36843
-7.36861
-7.3688
-7.36898
-7.36916
-7.36934
-7.36952
-7.36969
-7.36987
-7.37005
-7.37022
-7.3704
-7.37057
-7.37074
-7.37091
-7.37108
-7.37125
-7.37142
-7.37158
-7.37175
-7.37191
-7.37208
-7.37224
-7.3724
-7.37256
-7.37272
-7.37288
-7.37304
-7.3732
-7.37335
-7.37351
-7.37366
-7.37381
-7.37396
-7.37411
-7.37426
-7.37441
-7.37456
-7.37471
-7.37485
-7.37499
-7.37514
-7.37528
-7.37542
-7.37556
-7.3757
-7.37584
-7.37598
-7.37611
-7.37625
-7.37638
-7.37652
-7.37665
-7.37678
-7.37691
-7.37704
-7.37717
-7.37729
-7.37742
-7.37755
-7.37767
-7.37779
-7.37791
-7.37804
-7.37816
-7.37827
-7.37839
-7.37851
-7.37863
-7.37874
-7.37885
-7.37897
-7.37908
-7.37919
-7.3793
-7.37941
-7.37952
-7.37962
-7.37973
-7.37983
-7.37994
-7.38004
-7.38014
-7.38024
-7.38034
-7.38044
-7.38054
-7.38064
-7.38073
-7.38083
-7.38092
-7.38101
-7.3811
-7.3812
-7.38128
-7.38137
-7.38146
-7.38155
-7.38163
-7.38172
-7.3818
-7.38188
-7.38197
-7.38205
-7.38213
-7.3822
-7.38228
-7.38236
-7.38243
-7.38251
-7.38258
-7.38265
-7.38272
-7.3828
-7.38286
-7.38293
-7.383
-7.38307
-7.38313
-7.3832
-7.38326
-7.38332
-7.38338
-7.38344
-7.3835
-7.38356
-7.38362
-7.38367
-7.38373
-7.38378
-7.38384
-7.38389
-7.38394
-7.38399
-7.38404
-7.38409
-7.38413
-7.38418
-7.38423
-7.38427
-7.38431
-7.38435
-7.3844
-7.38444
-7.38447
-7.38451
-7.38455
-7.38459
-7.38462
-7.38465
-7.38469
-7.38472
-7.38475
-7.38478
-7.38481
-7.38484
-7.38486
-7.38489
-7.38491
-7.38494
-7.38496
-7.38498
-7.385
-7.38502
-7.38504
-7.38506
-7.38508
-7.38509
-7.38511
-7.38512
-7.38513
-7.38514
-7.38515
-7.38516
-7.38517
-7.38518
-7.38519
-7.38519
-7.3852
-7.3852
-7.3852
-7.3852
-7.38521
-7.3852
-7.3852
-7.3852
-7.3852
-7.38519
-7.38519
-7.38518
-7.38517
-7.38516
-7.38515
-7.38514
-7.38513
-7.38512
-7.38511
-7.38509
-7.38508
-7.38506
-7.38504
-7.38502
-7.385
-7.38498
-7.38496
-7.38494
-7.38491
-7.38489
-7.38486
-7.38484
-7.38481
-7.38478
-7.38475
-7.38472
-7.38469
-7.38465
-7.38462
-7.38459
-7.38455
-7.38451
-7.38447
-7.38444
-7.3844
-7.38435
-7.38431
-7.38427
-7.38423
-7.38418
-7.38413
-7.38409
-7.38404
-7.38399
-7.38394
-7.38389
-7.38384
-7.38378
-7.38373
-7.38367
-7.38362
-7.38356
-7.3835
-7.38344
-7.38338
-7.38332
-7.38326
-7.3832
-7.38313
-7.38307
-7.383
-7.38293
-7.38286
-7.3828
-7.38272
-7.38265
-7.38258
-7.38251
-7.38243
-7.38236
-7.38228
-7.3822
-7.38213
-7.38205
-7.38197
-7.38188
-7.3818
-7.38172
-7.38163
-7.38155
-7.38146
-7.38137
-7.38128
-7.3812
-7.3811
-7.38101
-7.38092
-7.38083
-7.38073
-7.38064
-7.38054
-7.38044
-7.38034
-7.38024
-7.38014
-7.38004
-7.37994
-7.37983
-7.37973
-7.37962
-7.37952
-7.37941
-7.3793
-7.37919
-7.37908
-7.37897
-7.37885
-7.37874
-7.37863
-7.37851
-7.37839
-7.37827
-7.37816
-7.37804
-7.37791
-7.37779
-7.37767
-7.37755
-7.37742
-7.37729
-7.37717
-7.37704
-7.37691
-7.37678
-7.37665
-7.37652
-7.37638
-7.37625
-7.37611
-7.37598
-7.37584
-7.3757
-7.37556
-7.37542
-7.37528
-7.37514
-7.37499
-7.37485
-7.37471
-7.37456
-7.37441
-7.37426
-7.37411
-7.37396
-7.37381
-7.37366
-7.37351
-7.37335
-7.3732
-7.37304
-7.37288
-7.37272
-7.37256
-7.3724
-7.37224
-7.37208
-7.37191
-7.37175
-7.37158
-7.37142
-7.37125
-7.37108
-7.37091
-7.37074
-7.37057
-7.3704
-7.37022
-7.37005
-7.36987
-7.36969
-7.36952
-7.36934
-7.36916
-7.36898
-7.3688
-7.36861
-7.36843
-7.36824
-7.36806
-7.36787
-7.36768
-7.36749
-7.3673
-7.36711
-7.36692
-7.36673
-7.36653
-7.36634
-7.36614
-7.36594
-7.36575
-7.36555
-7.36535
-7.36515
-7.36494
-7.36474
-7.36454
-7.36433
-7.36412
-7.36392
-7.36371
-7.3635
-7.36329
-7.36308
-7.36286
-7.36265
-7.36244
-7.36222
-7.36201
-7.36179
-7.36157
-7.36135
-7.36113
-7.36091
-7.36068
-7.36046
-7.36024
-7.36001
-7.35978
-7.35956
-7.35933
-7.3591
-7.35887
-7.35864
-7.3584
-7.35817
-7.35793
-7.3577
-7.35746
-7.35722
-7.35698
-7.35674
-7.3565
-7.35626
-7.35602
-7.35578
-7.35553
-7.35528
-7.35504
-7.35479
-7.35454
-7.35429
-7.35404
-7.35379
-7.35353
-7.35328
-7.35302
-7.35277
-7.35251
-7.35225
-7.35199
-7.35173
-7.35147
-7.35121
-7.35095
-7.35068
-7.35042
-7.35015
-7.34988
-7.34961
-7.34934
-7.34907
-7.3488
-7.34853
-7.34826
-7.34798
-7.34771
-7.34743
-7.34715
-7.34687
-7.34659
-7.34631
-7.34603
-7.34575
-7.34546
-7.34518
-7.34489
-7.34461
-7.34432
-7.34403
-7.34374
-7.34345
-7.34316
-7.34287
-7.34257
-7.34228
-7.34198
-7.34168
-7.34139
-7.34109
-7.34079
-7.34048
-7.34018
-7.33988
-7.33958
-7.33927
-7.33896
-7.33866
-7.33835
-7.33804
-7.33773
-7.33742
-7.33711
-7.33679
-7.33648
-7.33616
-7.33585
-7.33553
-7.33521
-7.33489
-7.33457
-7.33425
-7.33393
-7.3336
-7.33328
-7.33295
-7.33262
-7.3323
-7.33197
-7.33164
-7.33131
-7.33098
-7.33064
-7.33031
-7.32997
-7.32964
-7.3293
-7.32896
-7.32862
-7.32828
-7.32794
-7.3276
-7.32726
-7.32691
-7.32657
-7.32622
-7.32588
-7.32553
-7.32518
-7.32483
-7.32448
-7.32412
-7.32377
-7.32342
-7.32306
-7.32271
-7.32235
-7.32199
-7.32163
-7.32127
-7.32091
-7.32055
-7.32018
-7.31982
-7.31945
-7.31908
-7.31872
-7.31835
-7.31798
-7.31761
-7.31724
-7.31686
-7.31649
-7.31611
-7.31574
-7.31536
-7.31498
-7.3146
-7.31422
-7.31384
-7.31346
-7.31308
-7.31269
-7.31231
-7.31192
-7.31154
-7.31115
-7.31076
-7.31037
-7.30998
-7.30958
-7.30919
-7.3088
-7.3084
-7.308
-7.30761
-7.30721
-7.30681
-7.30641
-7.30601
-7.3056
-7.3052
-7.3048
-7.30439
-7.30398
-7.30358
-7.30317
-7.30276
-7.30235
-7.30193
-7.30152
-7.30111
-7.30069
-7.30028
-7.29986
-7.29944
-7.29902
-7.2986
-7.29818
-7.29776
-7.29734
-7.29691
-7.29649
-7.29606
-7.29563
-7.2952
-7.29477
-7.29434
-7.29391
-7.29348
-7.29305
-7.29261
-7.29218
-7.29174
-7.2913
-7.29086
-7.29042
-7.28998
-7.28954
-7.2891
-7.28865
-7.28821
-7.28776
-7.28732
-7.28687
-7.28642
-7.28597
-7.28552
-7.28507
-7.28461
-7.28416
-7.2837
-7.28325
-7.28279
-7.28233
-7.28187
-7.28141
-7.28095
-7.28049
-7.28002
-7.27956
-7.27909
-7.27863
-7.27816
-7.27769
-7.27722
-7.27675
-7.27628
-7.2758
-7.27533
-7.27486
-7.27438
-7.2739
-7.27342
-7.27295
-7.27247
-7.27198
-7.2715
-7.27102
-7.27053
-7.27005
-7.26956
-7.26908
-7.26859
-7.2681
-7.26761
-7.26712
-7.26662
-7.26613
-7.26564
-7.26514
-7.26464
-7.26415
-7.26365
-7.26315
-7.26265
-7.26214
-7.26164
-7.26114
-7.26063
-7.26013
-7.25962
-7.25911
-7.2586
-7.25809
-7.25758
-7.25707
-7.25655
-7.25604
-7.25552
-7.25501
-7.25449
-7.25397
-7.25345
-7.25293
-7.25241
-7.25189
-7.25136
-7.25084
-7.25031
-7.24979
-7.24926
-7.24873
-7.2482
-7.24767
-7.24714
-7.2466
-7.24607
-7.24553
-7.245
-7.24446
-7.24392
-7.24338
-7.24284
-7.2423
-7.24176
-7.24121
-7.24067
-7.24012
-7.23958
-7.23903
-7.23848
-7.23793
-7.23738
-7.23683
-7.23627
-7.23572
-7.23517
-7.23461
-7.23405
-7.23349
-7.23293
-7.23237
-7.23181
-7.23125
-7.23069
-7.23012
-7.22956
-7.22899
-7.22842
-7.22785
-7.22728
-7.22671
-7.22614
-7.22557
-7.225
-7.22442
-7.22384
-7.22327
-7.22269
-7.22211
-7.22153
-7.22095
-7.22037
-7.21978
-7.2192
-7.21861
-7.21803
-7.21744
-7.21685
-7.21626
-7.21567
-7.21508
-7.21449
-7.21389
-7.2133
-7.2127
-7.2121
-7.21151
-7.21091
-7.21031
-7.20971
-7.2091
-7.2085
-7.2079
-7.20729
-7.20668
-7.20608
-7.20547
-7.20486
-7.20425
-7.20364
-7.20302
-7.20241
-7.20179
-7.20118
-7.20056
-7.19994
-7.19933
-7.1987
-7.19808
-7.19746
-7.19684
-7.19621
-7.19559
-7.19496
-7.19433
-7.19371
-7.19308
-7.19245
-7.19181
-7.19118
-7.19055
-7.18991
-7.18928
-7.18864
-7.188
-7.18736
-7.18672
-7.18608
-7.18544
-7.1848
-7.18415
-7.18351
-7.18286
-7.18221
-7.18156
-7.18091
-7.18026
-7.17961
-7.17896
-7.1783
-7.17765
-7.17699
-7.17634
-7.17568
-7.17502
-7.17436
-7.1737
-7.17303
-7.17237
-7.17171
-7.17104
-7.17037
-7.16971
-7.16904
-7.16837
-7.1677
-7.16703
-7.16635
-7.16568
-7.165
-7.16433
-7.16365
-7.16297
-7.16229
-7.16161
-7.16093
-7.16025
-7.15956
-7.15888
-7.15819
-7.15751
-7.15682
-7.15613
-7.15544
-7.15475
-7.15406
-7.15336
-7.15267
-7.15198
-7.15128
-7.15058
-7.14988
-7.14918
-7.14848
-7.14778
-7.14708
-7.14637
-7.14567
-7.14496
-7.14426
-7.14355
-7.14284
-7.14213
-7.14142
-7.14071
-7.13999
-7.13928
-7.13856
-7.13785
-7.13713
-7.13641
-7.13569
-7.13497
-7.13425
-7.13352
-7.1328
-7.13207
-7.13135
-7.13062
-7.12989
-7.12916
-7.12843
-7.1277
-7.12697
-7.12624
-7.1255
-7.12476
-7.12403
-7.12329
-7.12255
-7.12181
-7.12107
-7.12033
-7.11958
-7.11884
-7.11809
-7.11735
-7.1166
-7.11585
-7.1151
-7.11435
-7.1136
-7.11285
-7.11209
-7.11134
-7.11058
-7.10982
-7.10906
-7.1083
-7.10754
-7.10678
-7.10602
-7.10526
-7.10449
-7.10373
-7.10296
-7.10219
-7.10142
-7.10065
-7.09988
-7.09911
-7.09833
-7.09756
-7.09678
-7.09601
-7.09523
-7.09445
-7.09367
-7.09289
-7.09211
-7.09133
-7.09054
-7.08976
-7.08897
-7.08818
-7.08739
-7.0866
-7.08581
-7.08502
-7.08423
-7.08343
-7.08264
-7.08184
-7.08105
-7.08025
-7.07945
-7.07865
-7.07785
-7.07704
-7.07624
-7.07544
-7.07463
-7.07382
-7.07302
-7.07221
-7.0714
-7.07059
-7.06977
-7.06896
-7.06814
-7.06733
-7.06651
-7.0657
-7.06488
-7.06406
-7.06324
-7.06241
-7.06159
-7.06077
-7.05994
-7.05911
-7.05829
-7.05746
-7.05663
-7.0558
-7.05497
-7.05413
-7.0533
-7.05246
-7.05163
-7.05079
-7.04995
-7.04911
-7.04827
-7.04743
-7.04659
-7.04574
-7.0449
-7.04405
-7.04321
-7.04236
-7.04151
-7.04066
-7.03981
-7.03895
-7.0381
-7.03725
-7.03639
-7.03553
-7.03468
-7.03382
-7.03296
-7.03209
-7.03123
-7.03037
-7.0295
-7.02864
-7.02777
-7.0269
-7.02604
-7.02517
-7.02429
-7.02342
-7.02255
-7.02167
-7.0208
-7.01992
-7.01904
-7.01817
-7.01729
-7.0164
-7.01552
-7.01464
-7.01376
-7.01287
-7.01198
-7.0111
-7.01021
-7.00932
-7.00843
-7.00753
-7.00664
-7.00575
-7.00485
-7.00396
-7.00306
-7.00216
-7.00126
-7.00036
-6.99946
-6.99855
-6.99765
-6.99675
-6.99584
-6.99493
-6.99402
-6.99311
-6.9922
-6.99129
-6.99038
-6.98946
-6.98855
-6.98763
-6.98672
-6.9858
-6.98488
-6.98396
-6.98304
-6.98211
-6.98119
-6.98026
-6.97934
-6.97841
-6.97748
-6.97655
-6.97562
-6.97469
-6.97376
-6.97282
-6.97189
-6.97095
-6.97002
-6.96908
-6.96814
-6.9672
-6.96626
-6.96531
-6.96437
-6.96343
-6.96248
-6.96153
-6.96058
-6.95963
-6.95868
-6.95773
-6.95678
-6.95583
-6.95487
-6.95391
-6.95296
-6.952
-6.95104
-6.95008
-6.94912
-6.94816
-6.94719
-6.94623
-6.94526
-6.94429
-6.94332
-6.94236
-6.94138
-6.94041
-6.93944
-6.93847
-6.93749
-6.93652
-6.93554
-6.93456
-6.93358
-6.9326
-6.93162
-6.93064
-6.92965
-6.92867
-6.92768
-6.92669
-6.9257
-6.92472
-6.92372
-6.92273
-6.92174
-6.92075
-6.91975
-6.91875
-6.91776
-6.91676
-6.91576
-6.91476
-6.91376
-6.91275
-6.91175
-6.91074
-6.90974
-6.90873
-6.90772
-6.90671
-6.9057
-6.90469
-6.90368
-6.90266
-6.90165
-6.90063
-6.89961
-6.89859
-6.89757
-6.89655
-6.89553
-6.89451
-6.89348
-6.89246
-6.89143
-6.8904
-6.88938
-6.88835
-6.88731
-6.88628
-6.88525
-6.88421
-6.88318
-6.88214
-6.8811
-6.88006
-6.87902
-6.87798
-6.87694
-6.8759
-6.87485
-6.87381
-6.87276
-6.87171
-6.87066
-6.86961
-6.86856
-6.86751
-6.86645
-6.8654
-6.86434
-6.86329
-6.86223
-6.86117
-6.86011
-6.85905
-6.85798
-6.85692
-6.85585
-6.85479
-6.85372
-6.85265
-6.85158
-6.85051
-6.84944
-6.84837
-6.84729
-6.84622
-6.84514
-6.84406
-6.84299
-6.84191
-6.84082
-6.83974
-6.83866
-6.83757
-6.83649
-6.8354
-6.83431
-6.83322
-6.83213
-6.83104
-6.82995
-6.82886
-6.82776
-6.82667
-6.82557
-6.82447
-6.82337
-6.82227
-6.82117
-6.82007
-6.81896
-6.81786
-6.81675
-6.81564
-6.81454
-6.81343
-6.81232
-6.8112
-6.81009
-6.80898
-6.80786
-6.80674
-6.80563
-6.80451
-6.80339
-6.80227
-6.80114
-6.80002
-6.7989
-6.79777
-6.79664
-6.79552
-6.79439
-6.79326
-6.79212
-6.79099
-6.78986
-6.78872
-6.78759
-6.78645
-6.78531
-6.78417
-6.78303
-6.78189
-6.78075
-6.7796
-6.77846
-6.77731
-6.77616
-6.77501
-6.77386
-6.77271
-6.77156
-6.77041
-6.76925
-6.7681
-6.76694
-6.76578
-6.76462
-6.76346
-6.7623
-6.76114
-6.75997
-6.75881
-6.75764
-6.75647
-6.75531
-6.75414
-6.75297
-6.75179
-6.75062
-6.74945
-6.74827
-6.74709
-6.74592
-6.74474
-6.74356
-6.74237
-6.74119
-6.74001
-6.73882
-6.73764
-6.73645
-6.73526
-6.73407
-6.73288
-6.73169
-6.7305
-6.7293
-6.72811
-6.72691
-6.72571
-6.72451
-6.72331
-6.72211
-6.72091
-6.71971
-6.7185
-6.71729
-6.71609
-6.71488
-6.71367
-6.71246
-6.71125
-6.71003
-6.70882
-6.7076
-6.70639
-6.70517
-6.70395
-6.70273
-6.70151
-6.70029
-6.69906
-6.69784
-6.69661
-6.69539
-6.69416
-6.69293
-6.6917
-6.69047
-6.68923
-6.688
-6.68676
-6.68553
-6.68429
-6.68305
-6.68181
-6.68057
-6.67933
-6.67808
-6.67684
-6.67559
-6.67434
-6.6731
-6.67185
-6.67059
-6.66934
-6.66809
-6.66684
-6.66558
-6.66432
-6.66306
-6.66181
-6.66055
-6.65928
-6.65802
-6.65676
-6.65549
-6.65423
-6.65296
-6.65169
-6.65042
-6.64915
-6.64788
-6.6466
-6.64533
-6.64405
-6.64278
-6.6415
-6.64022
-6.63894
-6.63766
-6.63637
-6.63509
-6.6338
-6.63252
-6.63123
-6.62994
-6.62865
-6.62736
-6.62607
-6.62477
-6.62348
-6.62218
-6.62088
-6.61958
-6.61828
-6.61698
-6.61568
-6.61438
-6.61307
-6.61177
-6.61046
-6.60915
-6.60784
-6.60653
-6.60522
-6.60391
-6.60259
-6.60128
-6.59996
-6.59864
-6.59732
-6.596
-6.59468
-6.59336
-6.59204
-6.59071
-6.58939
-6.58806
-6.58673
-6.5854
-6.58407
-6.58274
-6.5814
-6.58007
-6.57873
-6.57739
-6.57606
-6.57472
-6.57337
-6.57203
-6.57069
-6.56935
-6.568
-6.56665
-6.5653
-6.56396
-6.5626
-6.56125
-6.5599
-6.55855
-6.55719
-6.55583
-6.55448
-6.55312
-6.55176
-6.55039
-6.54903
-6.54767
-6.5463
-6.54494
-6.54357
-6.5422
-6.54083
-6.53946
-6.53809
-6.53671
-6.53534
-6.53396
-6.53258
-6.5312
-6.52982
-6.52844
-6.52706
-6.52568
-6.52429
-6.52291
-6.52152
-6.52013
-6.51874
-6.51735
-6.51596
-6.51456
-6.51317
-6.51177
-6.51038
-6.50898
-6.50758
-6.50618
-6.50478
-6.50337
-6.50197
-6.50056
-6.49916
-6.49775
-6.49634
-6.49493
-6.49352
-6.4921
-6.49069
-6.48927
-6.48786
-6.48644
-6.48502
-6.4836
-6.48218
-6.48075
-6.47933
-6.4779
-6.47648
-6.47505
-6.47362
-6.47219
-6.47076
-6.46932
-6.46789
-6.46645
-6.46502
-6.46358
-6.46214
-6.4607
-6.45926
-6.45781
-6.45637
-6.45492
-6.45348
-6.45203
-6.45058
-6.44913
-6.44768
-6.44623
-6.44477
-6.44332
-6.44186
-6.4404
-6.43894
-6.43748
-6.43602
-6.43456
-6.43309
-6.43163
-6.43016
-6.42869
-6.42722
-6.42575
-6.42428
-6.42281
-6.42133
-6.41986
-6.41838
-6.4169
-6.41542
-6.41394
-6.41246
-6.41098
-6.40949
-6.40801
-6.40652
-6.40503
-6.40354
-6.40205
-6.40056
-6.39907
-6.39757
-6.39608
-6.39458
-6.39308
-6.39158
-6.39008
-6.38858
-6.38707
-6.38557
-6.38406
-6.38256
-6.38105
-6.37954
-6.37803
-6.37651
-6.375
-6.37349
-6.37197
-6.37045
-6.36893
-6.36741
-6.36589
-6.36437
-6.36285
-6.36132
-6.35979
-6.35827
-6.35674
-6.35521
-6.35368
-6.35214
-6.35061
-6.34907
-6.34754
-6.346
-6.34446
-6.34292
-6.34138
-6.33984
-6.33829
-6.33675
-6.3352
-6.33365
-6.3321
-6.33055
-6.329
-6.32745
-6.32589
-6.32434
-6.32278
-6.32122
-6.31966
-6.3181
-6.31654
-6.31497
-6.31341
-6.31184
-6.31027
-6.30871
-6.30714
-6.30556
-6.30399
-6.30242
-6.30084
-6.29927
-6.29769
-6.29611
-6.29453
-6.29295
-6.29136
-6.28978
-6.28819
-6.28661
-6.28502
-6.28343
-6.28184
-6.28025
-6.27865
-6.27706
-6.27546
-6.27386
-6.27227
-6.27067
-6.26906
-6.26746
-6.26586
-6.26425
-6.26265
-6.26104
-6.25943
-6.25782
-6.25621
-6.25459
-6.25298
-6.25136
-6.24975
-6.24813
-6.24651
-6.24489
-6.24327
-6.24164
-6.24002
-6.23839
-6.23676
-6.23513
-6.2335
-6.23187
-6.23024
-6.22861
-6.22697
-6.22533
-6.2237
-6.22206
-6.22042
-6.21877
-6.21713
-6.21549
-6.21384
-6.21219
-6.21054
-6.20889
-6.20724
-6.20559
-6.20394
-6.20228
-6.20062
-6.19897
-6.19731
-6.19565
-6.19398
-6.19232
-6.19066
-6.18899
-6.18732
-6.18565
-6.18398
-6.18231
-6.18064
-6.17897
-6.17729
-6.17561
-6.17394
-6.17226
-6.17058
-6.16889
-6.16721
-6.16553
-6.16384
-6.16215
-6.16046
-6.15877
-6.15708
-6.15539
-6.1537
-6.152
-6.1503
-6.14861
-6.14691
-6.14521
-6.1435
-6.1418
-6.1401
-6.13839
-6.13668
-6.13497
-6.13326
-6.13155
-6.12984
-6.12812
-6.12641
-6.12469
-6.12297
-6.12125
-6.11953
-6.11781
-6.11609
-6.11436
-6.11263
-6.11091
-6.10918
-6.10745
-6.10571
-6.10398
-6.10225
-6.10051
-6.09877
-6.09703
-6.09529
-6.09355
-6.09181
-6.09007
-6.08832
-6.08657
-6.08483
-6.08308
-6.08132
-6.07957
-6.07782
-6.07606
-6.07431
-6.07255
-6.07079
-6.06903
-6.06727
-6.0655
-6.06374
-6.06197
-6.06021
-6.05844
-6.05667
-6.05489
-6.05312
-6.05135
-6.04957
-6.04779
-6.04602
-6.04424
-6.04245
-6.04067
-6.03889
-6.0371
-6.03532
-6.03353
-6.03174
-6.02995
-6.02815
-6.02636
-6.02457
-6.02277
-6.02097
-6.01917
-6.01737
-6.01557
-6.01377
-6.01196
-6.01015
-6.00835
-6.00654
-6.00473
-6.00292
-6.0011
-5.99929
-5.99747
-5.99565
-5.99384
-5.99202
-5.99019
-5.98837
-5.98655
-5.98472
-5.98289
-5.98106
-5.97923
-5.9774
-5.97557
-5.97374
-5.9719
-5.97006
-5.96822
-5.96638
-5.96454
-5.9627
-5.96086
-5.95901
-5.95716
-5.95532
-5.95347
-5.95161
-5.94976
-5.94791
-5.94605
-5.9442
-5.94234
-5.94048
-5.93862
-5.93675
-5.93489
-5.93302
-5.93116
-5.92929
-5.92742
-5.92555
-5.92368
-5.9218
-5.91993
-5.91805
-5.91617
-5.91429
-5.91241
-5.91053
-5.90865
-5.90676
-5.90487
-5.90298
-5.9011
-5.8992
-5.89731
-5.89542
-5.89352
-5.89163
-5.88973
-5.88783
-5.88593
-5.88402
-5.88212
-5.88021
-5.87831
-5.8764
-5.87449
-5.87258
-5.87067
-5.86875
-5.86684
-5.86492
-5.863
-5.86108
-5.85916
-5.85724
-5.85531
-5.85339
-5.85146
-5.84953
-5.8476
-5.84567
-5.84374
-5.8418
-5.83987
-5.83793
-5.83599
-5.83405
-5.83211
-5.83017
-5.82822
-5.82628
-5.82433
-5.82238
-5.82043
-5.81848
-5.81652
-5.81457
-5.81261
-5.81065
-5.8087
-5.80673
-5.80477
-5.80281
-5.80084
-5.79888
-5.79691
-5.79494
-5.79297
-5.791
-5.78902
-5.78705
-5.78507
-5.78309
-5.78111
-5.77913
-5.77715
-5.77516
-5.77318
-5.77119
-5.7692
-5.76721
-5.76522
-5.76323
-5.76123
-5.75924
-5.75724
-5.75524
-5.75324
-5.75124
-5.74923
-5.74723
-5.74522
-5.74321
-5.7412
-5.73919
-5.73718
-5.73517
-5.73315
-5.73113
-5.72912
-5.7271
-5.72507
-5.72305
-5.72103
-5.719
-5.71697
-5.71494
-5.71291
-5.71088
-5.70885
-5.70681
-5.70478
-5.70274
-5.7007
-5.69866
-5.69662
-5.69457
-5.69253
-5.69048
-5.68843
-5.68638
-5.68433
-5.68228
-5.68022
-5.67816
-5.67611
-5.67405
-5.67199
-5.66993
-5.66786
-5.6658
-5.66373
-5.66166
-5.65959
-5.65752
-5.65545
-5.65337
-5.6513
-5.64922
-5.64714
-5.64506
-5.64298
-5.64089
-5.63881
-5.63672
-5.63463
-5.63254
-5.63045
-5.62836
-5.62627
-5.62417
-5.62207
-5.61997
-5.61787
-5.61577
-5.61367
-5.61156
-5.60946
-5.60735
-5.60524
-5.60313
-5.60101
-5.5989
-5.59678
-5.59467
-5.59255
-5.59043
-5.5883
-5.58618
-5.58405
-5.58193
-5.5798
-5.57767
-5.57554
-5.5734
-5.57127
-5.56913
-5.567
-5.56486
-5.56272
-5.56057
-5.55843
-5.55628
-5.55414
-5.55199
-5.54984
-5.54769
-5.54553
-5.54338
-5.54122
-5.53906
-5.5369
-5.53474
-5.53258
-5.53041
-5.52825
-5.52608
-5.52391
-5.52174
-5.51957
-5.51739
-5.51522
-5.51304
-5.51086
-5.50868
-5.5065
-5.50432
-5.50213
-5.49995
-5.49776
-5.49557
-5.49338
-5.49118
-5.48899
-5.48679
-5.4846
-5.4824
-5.4802
-5.47799
-5.47579
-5.47358
-5.47138
-5.46917
-5.46696
-5.46474
-5.46253
-5.46031
-5.4581
-5.45588
-5.45366
-5.45144
-5.44921
-5.44699
-5.44476
-5.44253
-5.4403
-5.43807
-5.43584
-5.4336
-5.43137
-5.42913
-5.42689
-5.42465
-5.42241
-5.42016
-5.41792
-5.41567
-5.41342
-5.41117
-5.40892
-5.40666
-5.40441
-5.40215
-5.39989
-5.39763
-5.39537
-5.3931
-5.39084
-5.38857
-5.3863
-5.38403
-5.38176
-5.37948
-5.37721
-5.37493
-5.37265
-5.37037
-5.36809
-5.36581
-5.36352
-5.36123
-5.35895
-5.35666
-5.35436
-5.35207
-5.34977
-5.34748
-5.34518
-5.34288
-5.34058
-5.33827
-5.33597
-5.33366
-5.33135
-5.32904
-5.32673
-5.32442
-5.3221
-5.31979
-5.31747
-5.31515
-5.31282
-5.3105
-5.30818
-5.30585
-5.30352
-5.30119
-5.29886
-5.29652
-5.29419
-5.29185
-5.28951
-5.28717
-5.28483
-5.28249
-5.28014
-5.2778
-5.27545
-5.2731
-5.27074
-5.26839
-5.26604
-5.26368
-5.26132
-5.25896
-5.2566
-5.25423
-5.25187
-5.2495
-5.24713
-5.24476
-5.24239
-5.24001
-5.23764
-5.23526
-5.23288
-5.2305
-5.22812
-5.22573
-5.22335
-5.22096
-5.21857
-5.21618
-5.21378
-5.21139
-5.20899
-5.2066
-5.2042
-5.20179
-5.19939
-5.19699
-5.19458
-5.19217
-5.18976
-5.18735
-5.18493
-5.18252
-5.1801
-5.17768
-5.17526
-5.17284
-5.17042
-5.16799
-5.16556
-5.16313
-5.1607
-5.15827
-5.15584
-5.1534
-5.15096
-5.14852
-5.14608
-5.14364
-5.14119
-5.13875
-5.1363
-5.13385
-5.13139
-5.12894
-5.12649
-5.12403
-5.12157
-5.11911
-5.11665
-5.11418
-5.11172
-5.10925
-5.10678
-5.10431
-5.10183
-5.09936
-5.09688
-5.0944
-5.09192
-5.08944
-5.08696
-5.08447
-5.08199
-5.0795
-5.07701
-5.07451
-5.07202
-5.06952
-5.06702
-5.06452
-5.06202
-5.05952
-5.05701
-5.05451
-5.052
-5.04949
-5.04698
-5.04446
-5.04195
-5.03943
-5.03691
-5.03439
-5.03186
-5.02934
-5.02681
-5.02428
-5.02175
-5.01922
-5.01669
-5.01415
-5.01161
-5.00907
-5.00653
-5.00399
-5.00145
-4.9989
-4.99635
-4.9938
-4.99125
-4.98869
-4.98614
-4.98358
-4.98102
-4.97846
-4.9759
-4.97333
-4.97076
-4.9682
-4.96563
-4.96305
-4.96048
-4.9579
-4.95533
-4.95275
-4.95016
-4.94758
-4.945
-4.94241
-4.93982
-4.93723
-4.93464
-4.93204
-4.92945
-4.92685
-4.92425
-4.92165
-4.91904
-4.91644
-4.91383
-4.91122
-4.90861
-4.906
-4.90338
-4.90076
-4.89815
-4.89553
-4.8929
-4.89028
-4.88765
-4.88502
-4.88239
-4.87976
-4.87713
-4.87449
-4.87186
-4.86922
-4.86658
-4.86393
-4.86129
-4.85864
-4.85599
-4.85334
-4.85069
-4.84803
-4.84538
-4.84272
-4.84006
-4.8374
-4.83473
-4.83207
-4.8294
-4.82673
-4.82406
-4.82139
-4.81871
-4.81603
-4.81335
-4.81067
-4.80799
-4.8053
-4.80262
-4.79993
-4.79724
-4.79455
-4.79185
-4.78915
-4.78646
-4.78376
-4.78105
-4.77835
-4.77564
-4.77294
-4.77023
-4.76751
-4.7648
-4.76208
-4.75937
-4.75665
-4.75392
-4.7512
-4.74847
-4.74575
-4.74302
-4.74029
-4.73755
-4.73482
-4.73208
-4.72934
-4.7266
-4.72386
-4.72111
-4.71836
-4.71562
-4.71286
-4.71011
-4.70736
-4.7046
-4.70184
-4.69908
-4.69632
-4.69355
-4.69078
-4.68802
-4.68524
-4.68247
-4.6797
-4.67692
-4.67414
-4.67136
-4.66858
-4.66579
-4.66301
-4.66022
-4.65743
-4.65463
-4.65184
-4.64904
-4.64624
-4.64344
-4.64064
-4.63784
-4.63503
-4.63222
-4.62941
-4.6266
-4.62378
-4.62096
-4.61815
-4.61532
-4.6125
-4.60968
-4.60685
-4.60402
-4.60119
-4.59836
-4.59552
-4.59268
-4.58984
-4.587
-4.58416
-4.58131
-4.57847
-4.57562
-4.57277
-4.56991
-4.56706
-4.5642
-4.56134
-4.55848
-4.55561
-4.55275
-4.54988
-4.54701
-4.54414
-4.54126
-4.53839
-4.53551
-4.53263
-4.52975
-4.52686
-4.52398
-4.52109
-4.5182
-4.5153
-4.51241
-4.50951
-4.50661
-4.50371
-4.50081
-4.4979
-4.49499
-4.49209
-4.48917
-4.48626
-4.48334
-4.48043
-4.47751
-4.47458
-4.47166
-4.46873
-4.4658
-4.46287
-4.45994
-4.45701
-4.45407
-4.45113
-4.44819
-4.44525
-4.4423
-4.43935
-4.4364
-4.43345
-4.4305
-4.42754
-4.42458
-4.42162
-4.41866
-4.4157
-4.41273
-4.40976
-4.40679
-4.40382
-4.40084
-4.39786
-4.39488
-4.3919
-4.38892
-4.38593
-4.38294
-4.37995
-4.37696
-4.37396
-4.37097
-4.36797
-4.36497
-4.36196
-4.35896
-4.35595
-4.35294
-4.34993
-4.34691
-4.3439
-4.34088
-4.33786
-4.33483
-4.33181
-4.32878
-4.32575
-4.32272
-4.31968
-4.31665
-4.31361
-4.31057
-4.30753
-4.30448
-4.30143
-4.29838
-4.29533
-4.29228
-4.28922
-4.28616
-4.2831
-4.28004
-4.27697
-4.27391
-4.27084
-4.26776
-4.26469
-4.26161
-4.25854
-4.25545
-4.25237
-4.24929
-4.2462
-4.24311
-4.24002
-4.23692
-4.23383
-4.23073
-4.22763
-4.22452
-4.22142
-4.21831
-4.2152
-4.21209
-4.20897
-4.20585
-4.20274
-4.19961
-4.19649
-4.19336
-4.19024
-4.1871
-4.18397
-4.18084
-4.1777
-4.17456
-4.17142
-4.16827
-4.16513
-4.16198
-4.15883
-4.15567
-4.15252
-4.14936
-4.1462
-4.14303
-4.13987
-4.1367
-4.13353
-4.13036
-4.12718
-4.12401
-4.12083
-4.11765
-4.11446
-4.11128
-4.10809
-4.1049
-4.1017
-4.09851
-4.09531
-4.09211
-4.08891
-4.0857
-4.08249
-4.07928
-4.07607
-4.07286
-4.06964
-4.06642
-4.0632
-4.05998
-4.05675
-4.05352
-4.05029
-4.04706
-4.04382
-4.04058
-4.03734
-4.0341
-4.03085
-4.02761
-4.02436
-4.0211
-4.01785
-4.01459
-4.01133
-4.00807
-4.0048
-4.00154
-3.99827
-3.995
-3.99172
-3.98845
-3.98517
-3.98188
-3.9786
-3.97531
-3.97202
-3.96873
-3.96544
-3.96214
-3.95884
-3.95554
-3.95224
-3.94893
-3.94563
-3.94231
-3.939
-3.93569
-3.93237
-3.92905
-3.92572
-3.9224
-3.91907
-3.91574
-3.91241
-3.90907
-3.90573
-3.90239
-3.89905
-3.8957
-3.89235
-3.889
-3.88565
-3.8823
-3.87894
-3.87558
-3.87221
-3.86885
-3.86548
-3.86211
-3.85874
-3.85536
-3.85198
-3.8486
-3.84522
-3.84183
-3.83844
-3.83505
-3.83166
-3.82826
-3.82487
-3.82147
-3.81806
-3.81466
-3.81125
-3.80784
-3.80442
-3.80101
-3.79759
-3.79417
-3.79074
-3.78732
-3.78389
-3.78045
-3.77702
-3.77358
-3.77014
-3.7667
-3.76326
-3.75981
-3.75636
-3.75291
-3.74945
-3.74599
-3.74253
-3.73907
-3.73561
-3.73214
-3.72867
-3.72519
-3.72172
-3.71824
-3.71476
-3.71127
-3.70779
-3.7043
-3.70081
-3.69731
-3.69382
-3.69032
-3.68681
-3.68331
-3.6798
-3.67629
-3.67278
-3.66926
-3.66574
-3.66222
-3.6587
-3.65517
-3.65164
-3.64811
-3.64458
-3.64104
-3.6375
-3.63396
-3.63041
-3.62687
-3.62332
-3.61976
-3.61621
-3.61265
-3.60909
-3.60552
-3.60196
-3.59839
-3.59481
-3.59124
-3.58766
-3.58408
-3.5805
-3.57691
-3.57332
-3.56973
-3.56614
-3.56254
-3.55894
-3.55534
-3.55173
-3.54813
-3.54452
-3.5409
-3.53729
-3.53367
-3.53004
-3.52642
-3.52279
-3.51916
-3.51553
-3.51189
-3.50826
-3.50461
-3.50097
-3.49732
-3.49367
-3.49002
-3.48637
-3.48271
-3.47905
-3.47538
-3.47172
-3.46805
-3.46438
-3.4607
-3.45702
-3.45334
-3.44966
-3.44597
-3.44228
-3.43859
-3.43489
-3.4312
-3.4275
-3.42379
-3.42009
-3.41638
-3.41266
-3.40895
-3.40523
-3.40151
-3.39779
-3.39406
-3.39033
-3.3866
-3.38286
-3.37912
-3.37538
-3.37164
-3.36789
-3.36414
-3.36039
-3.35663
-3.35287
-3.34911
-3.34535
-3.34158
-3.33781
-3.33404
-3.33026
-3.32648
-3.3227
-3.31891
-3.31513
-3.31133
-3.30754
-3.30374
-3.29994
-3.29614
-3.29233
-3.28852
-3.28471
-3.2809
-3.27708
-3.27326
-3.26943
-3.26561
-3.26178
-3.25794
-3.25411
-3.25027
-3.24643
-3.24258
-3.23873
-3.23488
-3.23103
-3.22717
-3.22331
-3.21945
-3.21558
-3.21171
-3.20784
-3.20396
-3.20008
-3.1962
-3.19232
-3.18843
-3.18454
-3.18064
-3.17675
-3.17285
-3.16894
-3.16504
-3.16113
-3.15721
-3.1533
-3.14938
-3.14546
-3.14153
-3.1376
-3.13367
-3.12974
-3.1258
-3.12186
-3.11791
-3.11397
-3.11002
-3.10606
-3.10211
-3.09815
-3.09418
-3.09022
-3.08625
-3.08228
-3.0783
-3.07432
-3.07034
-3.06635
-3.06236
-3.05837
-3.05438
-3.05038
-3.04638
-3.04237
-3.03837
-3.03435
-3.03034
-3.02632
-3.0223
-3.01828
-3.01425
-3.01022
-3.00619
-3.00215
-2.99811
-2.99407
-2.99002
-2.98597
-2.98191
-2.97786
-2.9738
-2.96973
-2.96567
-2.9616
-2.95752
-2.95345
-2.94937
-2.94529
-2.9412
-2.93711
-2.93302
-2.92892
-2.92482
-2.92072
-2.91661
-2.9125
-2.90839
-2.90427
-2.90015
-2.89603
-2.8919
-2.88777
-2.88364
-2.8795
-2.87536
-2.87122
-2.86707
-2.86292
-2.85876
-2.85461
-2.85045
-2.84628
-2.84211
-2.83794
-2.83377
-2.82959
-2.82541
-2.82122
-2.81704
-2.81284
-2.80865
-2.80445
-2.80025
-2.79604
-2.79183
-2.78762
-2.78341
-2.77919
-2.77496
-2.77074
-2.76651
-2.76227
-2.75804
-2.7538
-2.74955
-2.7453
-2.74105
-2.7368
-2.73254
-2.72828
-2.72401
-2.71974
-2.71547
-2.71119
-2.70691
-2.70263
-2.69834
-2.69405
-2.68976
-2.68546
-2.68116
-2.67686
-2.67255
-2.66824
-2.66392
-2.6596
-2.65528
-2.65095
-2.64662
-2.64229
-2.63795
-2.63361
-2.62926
-2.62491
-2.62056
-2.61621
-2.61185
-2.60748
-2.60312
-2.59874
-2.59437
-2.58999
-2.58561
-2.58122
-2.57684
-2.57244
-2.56805
-2.56364
-2.55924
-2.55483
-2.55042
-2.54601
-2.54159
-2.53716
-2.53274
-2.52831
-2.52387
-2.51943
-2.51499
-2.51054
-2.5061
-2.50164
-2.49718
-2.49272
-2.48826
-2.48379
-2.47932
-2.47484
-2.47036
-2.46588
-2.46139
-2.4569
-2.4524
-2.4479
-2.4434
-2.43889
-2.43438
-2.42986
-2.42534
-2.42082
-2.41629
-2.41176
-2.40723
-2.40269
-2.39815
-2.3936
-2.38905
-2.38449
-2.37994
-2.37537
-2.37081
-2.36624
-2.36166
-2.35708
-2.3525
-2.34791
-2.34332
-2.33873
-2.33413
-2.32953
-2.32492
-2.32031
-2.3157
-2.31108
-2.30645
-2.30183
-2.2972
-2.29256
-2.28792
-2.28328
-2.27863
-2.27398
-2.26932
-2.26466
-2.26
-2.25533
-2.25066
-2.24598
-2.2413
-2.23662
-2.23193
-2.22724
-2.22254
-2.21784
-2.21314
-2.20843
-2.20371
-2.19899
-2.19427
-2.18955
-2.18481
-2.18008
-2.17534
-2.1706
-2.16585
-2.1611
-2.15634
-2.15158
-2.14682
-2.14205
-2.13728
-2.1325
-2.12772
-2.12293
-2.11814
-2.11334
-2.10855
-2.10374
-2.09893
-2.09412
-2.08931
-2.08449
-2.07966
-2.07483
-2.07
-2.06516
-2.06032
-2.05547
-2.05062
-2.04576
-2.0409
-2.03604
-2.03117
-2.02629
-2.02142
-2.01653
-2.01165
-2.00675
-2.00186
-1.99696
-1.99205
-1.98714
-1.98223
-1.97731
-1.97239
-1.96746
-1.96253
-1.95759
-1.95265
-1.9477
-1.94275
-1.9378
-1.93284
-1.92788
-1.92291
-1.91793
-1.91296
-1.90797
-1.90299
-1.89799
-1.893
-1.888
-1.88299
-1.87798
-1.87297
-1.86795
-1.86292
-1.85789
-1.85286
-1.84782
-1.84278
-1.83773
-1.83268
-1.82762
-1.82256
-1.81749
-1.81242
-1.80734
-1.80226
-1.79718
-1.79208
-1.78699
-1.78189
-1.77678
-1.77167
-1.76656
-1.76144
-1.75631
-1.75118
-1.74605
-1.74091
-1.73577
-1.73062
-1.72546
-1.7203
-1.71514
-1.70997
-1.7048
-1.69962
-1.69444
-1.68925
-1.68405
-1.67886
-1.67365
-1.66844
-1.66323
-1.65801
-1.65279
-1.64756
-1.64233
-1.63709
-1.63184
-1.6266
-1.62134
-1.61608
-1.61082
-1.60555
-1.60028
-1.595
-1.58971
-1.58442
-1.57913
-1.57383
-1.56852
-1.56321
-1.5579
-1.55258
-1.54725
-1.54192
-1.53658
-1.53124
-1.5259
-1.52054
-1.51519
-1.50983
-1.50446
-1.49908
-1.49371
-1.48832
-1.48293
-1.47754
-1.47214
-1.46674
-1.46132
-1.45591
-1.45049
-1.44506
-1.43963
-1.43419
-1.42875
-1.4233
-1.41785
-1.41239
-1.40693
-1.40146
-1.39598
-1.3905
-1.38501
-1.37952
-1.37403
-1.36852
-1.36301
-1.3575
-1.35198
-1.34646
-1.34093
-1.33539
-1.32985
-1.3243
-1.31875
-1.31319
-1.30763
-1.30206
-1.29648
-1.2909
-1.28531
-1.27972
-1.27412
-1.26852
-1.26291
-1.25729
-1.25167
-1.24605
-1.24041
-1.23478
-1.22913
-1.22348
-1.21783
-1.21217
-1.2065
-1.20083
-1.19515
-1.18946
-1.18377
-1.17807
-1.17237
-1.16666
-1.16095
-1.15523
-1.1495
-1.14377
-1.13803
-1.13229
-1.12654
-1.12078
-1.11502
-1.10925
-1.10348
-1.0977
-1.09191
-1.08612
-1.08032
-1.07452
-1.06871
-1.06289
-1.05707
-1.05124
-1.0454
-1.03956
-1.03371
-1.02786
-1.022
-1.01614
-1.01026
-1.00438
-0.9985
-0.992609
-0.986711
-0.980808
-0.974898
-0.968982
-0.963059
-0.95713
-0.951195
-0.945254
-0.939306
-0.933352
-0.927391
-0.921424
-0.91545
-0.90947
-0.903484
-0.897491
-0.891491
-0.885485
-0.879473
-0.873454
-0.867429
-0.861397
-0.855358
-0.849313
-0.843261
-0.837203
-0.831138
-0.825066
-0.818988
-0.812903
-0.806812
-0.800713
-0.794608
-0.788497
-0.782378
-0.776253
-0.770121
-0.763982
-0.757837
-0.751685
-0.745526
-0.73936
-0.733187
-0.727007
-0.720821
-0.714628
-0.708427
-0.70222
-0.696006
-0.689785
-0.683557
-0.677322
-0.67108
-0.664831
-0.658575
-0.652312
-0.646042
-0.639765
-0.633481
-0.627189
-0.620891
-0.614585
-0.608273
-0.601953
-0.595626
-0.589291
-0.58295
-0.576601
-0.570245
-0.563882
-0.557512
-0.551134
-0.544749
-0.538357
-0.531957
-0.52555
-0.519136
-0.512714
-0.506285
-0.499848
-0.493404
-0.486953
-0.480494
-0.474027
-0.467553
-0.461072
-0.454583
-0.448087
-0.441582
-0.435071
-0.428552
-0.422025
-0.41549
-0.408948
-0.402398
-0.395841
-0.389275
-0.382702
-0.376122
-0.369533
-0.362937
-0.356333
-0.349721
-0.343102
-0.336474
-0.329839
-0.323195
-0.316544
-0.309885
-0.303218
-0.296543
-0.28986
-0.283169
-0.27647
-0.269763
-0.263048
-0.256325
-0.249594
-0.242854
-0.236107
-0.229351
-0.222587
-0.215815
-0.209035
-0.202247
-0.19545
-0.188645
-0.181832
-0.175011
-0.168181
-0.161343
-0.154496
-0.147641
-0.140778
-0.133906
-0.127026
-0.120137
-0.11324
-0.106334
-0.0994201
-0.0924973
-0.085566
-0.0786261
-0.0716776
-0.0647205
-0.0577546
-0.0507802
-0.043797
-0.0368051
-0.0298044
-0.022795
-0.0157769
-0.00874986
-0.00171405
0.00533062
0.0123842
0.0194466
0.0265179
0.0335982
0.0406875
0.0477857
0.0548929
0.0620092
0.0691345
0.0762689
0.0834124
0.090565
0.0977268
0.104898
0.112078
0.119267
0.126466
0.133673
0.140891
0.148117
0.155353
0.162598
0.169852
0.177116
0.18439
0.191672
0.198965
0.206266
0.213578
0.220898
0.228229
0.235569
0.242919
0.250278
0.257647
0.265025
0.272414
0.279812
0.28722
0.294638
0.302065
0.309503
0.31695
0.324407
0.331875
0.339352
0.346839
0.354336
0.361843
0.369361
0.376888
0.384425
0.391973
0.399531
0.407099
0.414677
0.422266
0.429865
0.437474
0.445093
0.452723
0.460364
0.468014
0.475676
0.483347
0.49103
0.498722
0.506426
0.51414
0.521864
0.5296
0.537346
0.545102
0.55287
0.560648
0.568437
0.576237
0.584048
0.59187
0.599702
0.607546
0.615401
0.623266
0.631143
0.639031
0.64693
0.65484
0.662762
0.670694
0.678638
0.686593
0.69456
0.702538
0.710527
0.718527
0.72654
0.734563
0.742598
0.750645
0.758703
0.766773
0.774855
0.782948
0.791053
0.79917
0.807298
0.815439
0.823591
0.831755
0.839931
0.848119
0.85632
0.864532
0.872756
0.880992
0.889241
0.897501
0.905774
0.91406
0.922357
0.930667
0.938989
0.947324
0.955671
0.964031
0.972403
0.980787
0.989185
0.997595
1.00602
1.01445
1.0229
1.03136
1.03984
1.04832
1.05682
1.06533
1.07386
1.0824
1.09095
1.09952
1.10809
1.11668
1.12529
1.13391
1.14254
1.15118
1.15984
1.16851
1.1772
1.1859
1.19461
1.20333
1.21207
1.22083
1.22959
1.23837
1.24717
1.25598
1.2648
1.27364
1.28249
1.29135
1.30023
1.30912
1.31803
1.32695
1.33589
1.34484
1.3538
1.36278
1.37178
1.38078
1.38981
1.39884
1.4079
1.41696
1.42605
1.43514
1.44425
1.45338
1.46252
1.47168
1.48085
1.49004
1.49924
1.50846
1.51769
1.52694
1.5362
1.54548
1.55478
1.56409
1.57341
1.58275
1.59211
1.60148
1.61087
1.62028
1.6297
1.63914
1.64859
1.65806
1.66754
1.67705
1.68656
1.6961
1.70565
1.71522
1.7248
1.7344
1.74402
1.75365
1.76331
1.77297
1.78266
1.79236
1.80208
1.81181
1.82157
1.83134
1.84113
1.85093
1.86075
1.87059
1.88045
1.89033
1.90022
1.91013
1.92006
1.93001
1.93997
1.94995
1.95995
1.96997
1.98001
1.99006
2.00014
2.01023
2.02034
2.03047
2.04062
2.05078
2.06097
2.07117
2.0814
2.09164
2.1019
2.11218
2.12248
2.1328
2.14314
2.1535
2.16388
2.17427
2.18469
2.19513
2.20559
2.21606
2.22656
2.23708
2.24761
2.25817
2.26875
2.27935
2.28997
2.3006
2.31126
2.32195
2.33265
2.34337
2.35411
2.36488
2.37567
2.38647
2.3973
2.40815
2.41902
2.42992
2.44083
2.45177
2.46273
2.47371
2.48471
2.49574
2.50679
2.51786
2.52895
2.54006
2.5512
2.56236
2.57355
2.58475
2.59598
2.60724
2.61851
2.62981
2.64114
2.65248
2.66385
2.67525
2.68667
2.69811
2.70957
2.72107
2.73258
2.74412
2.75568
2.76727
2.77889
2.79052
2.80219
2.81388
2.82559
2.83733
2.84909
2.86088
2.8727
2.88454
2.89641
2.9083
2.92022
2.93217
2.94414
2.95614
2.96817
2.98022
2.9923
3.00441
3.01654
3.0287
3.04089
3.05311
3.06535
3.07763
3.08993
3.10225
3.11461
3.12699
3.13941
3.15185
3.16432
3.17682
3.18935
3.20191
3.2145
3.22711
3.23976
3.25244
3.26514
3.27788
3.29065
3.30344
3.31627
3.32913
3.34202
3.35494
3.36789
3.38088
3.39389
3.40694
3.42002
3.43313
3.44627
3.45945
3.47265
3.48589
3.49917
3.51247
3.52581
3.53919
3.55259
3.56603
3.57951
3.59302
3.60656
3.62014
3.63375
3.64739
3.66108
3.67479
3.68855
3.70233
3.71616
3.73002
3.74392
3.75785
3.77182
3.78582
3.79987
3.81395
3.82807
3.84222
3.85642
3.87065
3.88492
3.89923
3.91358
3.92796
3.94239
3.95686
3.97136
3.98591
4.00049
4.01512
4.02978
4.04449
4.05924
4.07403
4.08886
4.10373
4.11865
4.13361
4.14861
4.16365
4.17874
4.19387
4.20904
4.22426
4.23952
4.25482
4.27018
4.28557
4.30101
4.3165
4.33203
4.34761
4.36324
4.37891
4.39463
4.4104
4.42621
4.44207
4.45798
4.47394
4.48995
4.50601
4.52212
4.53827
4.55448
4.57074
4.58705
4.60341
4.61982
4.63628
4.6528
4.66937
4.68599
4.70267
4.71939
4.73618
4.75301
4.76991
4.78685
4.80386
4.82092
4.83803
4.8552
4.87243
4.88972
4.90707
4.92447
4.94193
4.95945
4.97704
4.99468
5.01238
5.03014
5.04797
5.06585
5.0838
5.10181
5.11989
5.13803
5.15623
5.1745
5.19283
5.21123
5.2297
5.24823
5.26683
5.2855
5.30423
5.32304
5.34191
5.36085
5.37987
5.39895
5.41811
5.43734
5.45664
5.47602
5.49546
5.51499
5.53459
5.55426
5.57401
5.59384
5.61375
5.63373
5.65379
5.67394
5.69416
5.71446
5.73485
5.75532
5.77587
5.7965
5.81722
5.83803
5.85892
5.87989
5.90096
5.92211
5.94336
5.96469
5.98611
6.00763
6.02923
6.05093
6.07273
6.09462
6.1166
6.13868
6.16086
6.18314
6.20552
6.228
6.25058
6.27326
6.29604
6.31893
6.34193
6.36503
6.38824
6.41156
6.43498
6.45852
6.48217
6.50593
6.52981
6.5538
6.5779
6.60213
6.62647
6.65094
6.67552
6.70023
6.72506
6.75002
6.7751
6.80031
6.82565
6.85112
6.87673
6.90246
6.92834
6.95434
6.98049
7.00678
7.0332
7.05977
7.08649
7.11335
7.14036
7.16751
7.19482
7.22228
7.2499
7.27767
7.30561
7.3337
7.36195
7.39037
7.41896
7.44771
7.47664
7.50573
7.53501
7.56446
7.59409
7.6239
7.65389
7.68407
7.71444
7.74501
7.77576
7.80671
7.83787
7.86922
7.90078
7.93254
7.96452
7.99671
8.02912
8.06174
8.09459
8.12766
8.16097
8.1945
8.22827
8.26228
8.29654
8.33104
8.36579
8.40079
8.43605
8.47158
8.50737
8.54343
8.57976
8.61638
8.65328
8.69046
8.72794
8.76572
8.8038
8.84219
8.88089
8.91991
8.95925
8.99892
9.03893
9.07928
9.11997
9.16103
9.20244
9.24421
9.28637
9.3289
9.37182
9.41513
9.45885
9.50298
9.54753
9.59251
9.63792
9.68377
9.73008
9.77686
9.82411
9.87184
9.92006
9.96879
10.018
10.0678
10.1181
10.169
10.2204
10.2724
10.325
10.3782
10.432
10.4864
10.5415
10.5973
10.6537
10.7109
10.7687
10.8273
10.8867
10.9468
11.0078
11.0695
11.1321
11.1956
11.2599
11.3252
11.3915
11.4587
11.5269
11.5961
11.6664
11.7379
11.8104
11.8842
11.9591
12.0354
12.1129
12.1918
12.2721
12.3539
12.4371
12.522
12.6084
12.6966
12.7866
12.8784
12.9721
13.0678
13.1657
13.2657
13.368
13.4728
13.5801
13.6901
13.8028
13.9186
14.0374
14.1596
14.2853
14.4146
14.548
14.6856
14.8275
14.9746
15.1264
15.2839
15.4497
15.6164
15.7925
15.9856
16.1699
16.3673
16.596
16.7931
17.1064
17.3198
17.4187
18.0027
18.3247
17.8928
19.0081
19.073
20.028
21.2071
18.8375
21.5984
25.2993
18.5191
21.6424
26.4464
21.8366
29.2152
29.8953
23.2396
36.5167
26.6945
29.8909
29.738
26.6199
24.813
23.9324
22.2885
25.1293
21.5713
22.6226
19.9145
19.6537
19.5558
18.6034
18.2663
17.6654
17.6142
17.2075
17.0315
16.7985
16.5533
16.3742
16.1868
16.012
15.8311
15.6633
15.5
15.3433
15.1933
15.0471
14.9059
14.7693
14.6371
14.5091
14.3849
14.2643
14.1471
14.0332
13.9223
13.8143
13.7091
13.6065
13.5063
13.4086
13.3131
13.2198
13.1286
13.0393
12.952
12.8664
12.7826
12.7005
12.62
12.5411
12.4636
12.3876
12.313
12.2397
12.1677
12.097
12.0275
11.9591
11.8919
11.8258
11.7607
11.6966
11.6336
11.5715
11.5104
11.4501
11.3908
11.3323
11.2747
11.2178
11.1618
11.1065
11.052
10.9982
10.9451
10.8928
10.8411
10.79
10.7396
10.6899
10.6407
10.5922
10.5442
10.4968
10.45
10.4037
10.3579
10.3127
10.268
10.2238
10.1801
10.1368
10.094
10.0517
10.0099
9.96846
9.92747
9.88692
9.84677
9.80704
9.76771
9.72877
9.69022
9.65205
9.61425
9.57681
9.53974
9.50301
9.46663
9.4306
9.39489
9.35951
9.32446
9.28972
9.2553
9.22118
9.18736
9.15384
9.12061
9.08767
9.05501
9.02263
8.99052
8.95869
8.92711
8.8958
8.86475
8.83395
8.80339
8.77309
8.74302
8.7132
8.68361
8.65425
8.62512
8.59622
8.56753
8.53907
8.51082
8.48278
8.45496
8.42734
8.39993
8.37271
8.3457
8.31888
8.29226
8.26582
8.23958
8.21352
8.18765
8.16195
8.13644
8.1111
8.08594
8.06095
8.03613
8.01148
7.98699
7.96267
7.93851
7.91451
7.89067
7.86699
7.84346
7.82008
7.79686
7.77378
7.75086
7.72807
7.70544
7.68294
7.66059
7.63837
7.6163
7.59436
7.57255
7.55088
7.52934
7.50793
7.48665
7.4655
7.44448
7.42358
7.4028
7.38215
7.36161
7.3412
7.32091
7.30073
7.28067
7.26073
7.2409
7.22118
7.20158
7.18209
7.1627
7.14343
7.12426
7.1052
7.08624
7.06739
7.04864
7.02999
7.01145
6.99301
6.97466
6.95642
6.93827
6.92022
6.90227
6.88441
6.86664
6.84897
6.83139
6.81391
6.79651
6.7792
6.76199
6.74486
6.72782
6.71087
6.694
6.67722
6.66052
6.64391
6.62738
6.61094
6.59457
6.57829
6.56209
6.54597
6.52992
6.51396
6.49807
6.48226
6.46653
6.45088
6.4353
6.41979
6.40436
6.389
6.37372
6.35851
6.34337
6.3283
6.3133
6.29837
6.28352
6.26873
6.25401
6.23936
6.22477
6.21026
6.19581
6.18142
6.16711
6.15285
6.13867
6.12454
6.11048
6.09649
6.08255
6.06868
6.05487
6.04113
6.02744
6.01381
6.00025
5.98674
5.97329
5.95991
5.94658
5.9333
5.92009
5.90693
5.89384
5.88079
5.86781
5.85487
5.842
5.82918
5.81641
5.8037
5.79104
5.77844
5.76589
5.75339
5.74094
5.72855
5.71621
5.70392
5.69168
5.67949
5.66735
5.65526
5.64323
5.63124
5.6193
5.60741
5.59557
5.58377
5.57203
5.56033
5.54868
5.53708
5.52552
5.51401
5.50255
5.49113
5.47976
5.46843
5.45715
5.44591
5.43472
5.42357
5.41247
5.40141
5.39039
5.37942
5.36849
5.3576
5.34676
5.33596
5.32519
5.31448
5.3038
5.29316
5.28257
5.27201
5.2615
5.25103
5.2406
5.2302
5.21985
5.20954
5.19926
5.18903
5.17883
5.16867
5.15855
5.14847
5.13843
5.12842
5.11846
5.10853
5.09863
5.08878
5.07896
5.06917
5.05943
5.04972
5.04004
5.0304
5.0208
5.01123
5.0017
4.9922
4.98274
4.97332
4.96392
4.95456
4.94524
4.93595
4.92669
4.91747
4.90828
4.89913
4.89
4.88091
4.87186
4.86283
4.85384
4.84488
4.83595
4.82706
4.8182
4.80936
4.80056
4.7918
4.78306
4.77435
4.76568
4.75703
4.74842
4.73984
4.73128
4.72276
4.71427
4.70581
4.69737
4.68897
4.6806
4.67225
4.66394
4.65565
4.6474
4.63917
4.63097
4.6228
4.61466
4.60655
4.59846
4.5904
4.58238
4.57437
4.5664
4.55846
4.55054
4.54265
4.53478
4.52695
4.51914
4.51135
4.5036
4.49587
4.48816
4.48049
4.47284
4.46521
4.45762
4.45004
4.4425
4.43498
4.42748
4.42001
4.41257
4.40515
4.39776
4.39039
4.38305
4.37573
4.36844
4.36117
4.35392
4.3467
4.33951
4.33234
4.32519
4.31807
4.31097
4.3039
4.29685
4.28982
4.28282
4.27584
4.26888
4.26195
4.25504
4.24815
4.24129
4.23445
4.22763
4.22083
4.21406
4.20731
4.20058
4.19388
4.1872
4.18054
4.1739
4.16729
4.16069
4.15412
4.14757
4.14104
4.13454
4.12805
4.12159
4.11515
4.10873
4.10233
4.09595
4.08959
4.08326
4.07694
4.07065
4.06438
4.05813
4.0519
4.04568
4.03949
4.03333
4.02718
4.02105
4.01494
4.00885
4.00278
3.99673
3.99071
3.9847
3.97871
3.97274
3.96679
3.96086
3.95495
3.94906
3.94319
3.93734
3.93151
3.9257
3.9199
3.91413
3.90837
3.90264
3.89692
3.89122
3.88554
3.87988
3.87423
3.86861
3.86301
3.85742
3.85185
3.8463
3.84077
3.83525
3.82976
3.82428
3.81882
3.81338
3.80796
3.80255
3.79716
3.79179
3.78644
3.78111
3.77579
3.77049
3.76521
3.75995
3.7547
3.74947
3.74426
3.73906
3.73389
3.72873
3.72358
3.71846
3.71335
3.70825
3.70318
3.69812
3.69308
3.68805
3.68304
3.67805
3.67308
3.66812
3.66317
3.65825
3.65334
3.64844
3.64357
3.63871
3.63386
3.62903
3.62422
3.61943
3.61465
3.60988
3.60513
3.6004
3.59568
3.59098
3.5863
3.58163
3.57698
3.57234
3.56771
3.56311
3.55852
3.55394
3.54938
3.54483
3.5403
3.53579
3.53129
3.52681
3.52234
3.51788
3.51344
3.50902
3.50461
3.50022
3.49584
3.49147
3.48712
3.48279
3.47847
3.47416
3.46987
3.4656
3.46134
3.45709
3.45286
3.44864
3.44444
3.44025
3.43607
3.43191
3.42777
3.42364
3.41952
3.41542
3.41133
3.40725
3.40319
3.39915
3.39511
3.3911
3.38709
3.3831
3.37912
3.37516
3.37121
3.36728
3.36336
3.35945
3.35555
3.35167
3.34781
3.34395
3.34011
3.33629
3.33247
3.32868
3.32489
3.32112
3.31736
3.31361
3.30988
3.30616
3.30246
3.29876
3.29509
3.29142
3.28777
3.28413
3.2805
3.27689
3.27329
3.2697
3.26612
3.26256
3.25901
3.25548
3.25195
3.24844
3.24495
3.24146
3.23799
3.23453
3.23108
3.22765
3.22423
3.22082
3.21742
3.21404
3.21067
3.20731
3.20396
3.20063
3.19731
3.194
3.1907
3.18742
3.18415
3.18089
3.17764
3.17441
3.17118
3.16797
3.16478
3.16159
3.15841
3.15525
3.1521
3.14897
3.14584
3.14273
3.13962
3.13653
3.13346
3.13039
3.12734
3.12429
3.12126
3.11825
3.11524
3.11224
3.10926
3.10629
3.10333
3.10038
3.09745
3.09452
3.09161
3.08871
3.08582
3.08294
3.08007
3.07722
3.07437
3.07154
3.06872
3.06591
3.06311
3.06033
3.05755
3.05479
3.05203
3.04929
3.04656
3.04384
3.04114
3.03844
3.03576
3.03308
3.03042
3.02777
3.02513
3.0225
3.01988
3.01728
3.01468
3.0121
3.00952
3.00696
3.00441
3.00187
2.99934
2.99682
2.99431
2.99182
2.98933
2.98686
2.98439
2.98194
2.9795
2.97707
2.97465
2.97224
2.96984
2.96745
2.96507
2.9627
2.96035
2.958
2.95567
2.95334
2.95103
2.94873
2.94643
2.94415
2.94188
2.93962
2.93737
2.93513
2.9329
2.93068
2.92848
2.92628
2.92409
2.92192
2.91975
2.91759
2.91545
2.91331
2.91119
2.90907
2.90697
2.90488
2.90279
2.90072
2.89866
2.89661
2.89456
2.89253
2.89051
2.8885
2.8865
2.88451
2.88253
2.88056
2.8786
2.87665
2.87471
2.87278
2.87086
2.86895
2.86705
2.86516
2.86328
2.86141
2.85955
2.8577
2.85586
2.85403
2.85221
2.8504
2.8486
2.84681
2.84503
2.84326
2.8415
2.83975
2.83801
2.83628
2.83456
2.83285
2.83115
2.82946
2.82778
2.82611
2.82445
2.8228
2.82116
2.81952
2.8179
2.81629
2.81469
2.8131
2.81151
2.80994
2.80838
2.80682
2.80528
2.80374
2.80222
2.8007
2.7992
2.7977
2.79622
2.79474
2.79327
2.79181
2.79037
2.78893
2.7875
2.78608
2.78467
2.78327
2.78188
2.7805
2.77913
2.77777
2.77641
2.77507
2.77374
2.77241
2.7711
2.7698
2.7685
2.76721
2.76594
2.76467
2.76341
2.76216
2.76093
2.7597
2.75848
2.75727
2.75606
2.75487
2.75369
2.75252
2.75135
2.7502
2.74905
2.74792
2.74679
2.74567
2.74457
2.74347
2.74238
2.7413
2.74023
2.73917
2.73812
2.73707
2.73604
2.73501
2.734
2.73299
2.732
2.73101
2.73003
2.72906
2.7281
2.72715
2.72621
2.72528
2.72436
2.72344
2.72254
2.72164
2.72076
2.71988
2.71901
2.71815
2.71731
2.71647
2.71563
2.71481
2.714
2.7132
2.7124
2.71161
2.71084
2.71007
2.70931
2.70856
2.70782
2.70709
2.70637
2.70566
2.70495
2.70426
2.70357
2.7029
2.70223
2.70157
2.70092
2.70028
2.69965
2.69903
2.69842
2.69781
2.69722
2.69663
2.69605
2.69548
2.69493
2.69438
2.69383
2.6933
2.69278
2.69227
2.69176
2.69126
2.69078
2.6903
2.68983
2.68937
2.68892
2.68848
2.68804
2.68762
2.6872
2.6868
2.6864
2.68601
2.68563
2.68526
2.6849
2.68455
2.6842
2.68387
2.68354
2.68323
2.68292
2.68262
2.68233
2.68205
2.68178
2.68152
2.68126
2.68102
2.68078
2.68055
2.68033
2.68012
2.67992
2.67973
2.67955
2.67938
2.67921
2.67905
2.67891
2.67877
2.67864
2.67852
2.67841
2.67831
2.67821
2.67813
2.67805
2.67798
2.67793
2.67788
2.67784
2.67781
2.67778
2.67777
