-3.61752
-3.61748
-3.61736
-3.61716
-3.61689
-3.61653
-3.6161
-3.61559
-3.61501
-3.61434
-3.61359
-3.61277
-3.61187
-3.61089
-3.60984
-3.6087
-3.60749
-3.6062
-3.60483
-3.60339
-3.60186
-3.60026
-3.59859
-3.59683
-3.595
-3.5931
-3.59112
-3.58906
-3.58692
-3.58471
-3.58242
-3.58006
-3.57762
-3.57511
-3.57252
-3.56986
-3.56712
-3.56431
-3.56143
-3.55847
-3.55543
-3.55233
-3.54915
-3.5459
-3.54257
-3.53918
-3.53571
-3.53217
-3.52855
-3.52487
-3.52112
-3.51729
-3.5134
-3.50943
-3.5054
-3.50129
-3.49712
-3.49288
-3.48857
-3.48419
-3.47974
-3.47523
-3.47065
-3.466
-3.46128
-3.4565
-3.45166
-3.44675
-3.44177
-3.43673
-3.43162
-3.42645
-3.42122
-3.41592
-3.41056
-3.40514
-3.39966
-3.39411
-3.38851
-3.38284
-3.37711
-3.37132
-3.36547
-3.35956
-3.3536
-3.34757
-3.34149
-3.33535
-3.32915
-3.32289
-3.31658
-3.31021
-3.30378
-3.2973
-3.29076
-3.28417
-3.27753
-3.27083
-3.26408
-3.25727
-3.25042
-3.24351
-3.23654
-3.22953
-3.22247
-3.21535
-3.20818
-3.20097
-3.19371
-3.18639
-3.17903
-3.17162
-3.16416
-3.15665
-3.1491
-3.1415
-3.13386
-3.12617
-3.11843
-3.11065
-3.10282
-3.09495
-3.08704
-3.07908
-3.07108
-3.06303
-3.05495
-3.04682
-3.03865
-3.03044
-3.02219
-3.0139
-3.00557
-2.9972
-2.98879
-2.98034
-2.97185
-2.96332
-2.95476
-2.94616
-2.93752
-2.92885
-2.92014
-2.91139
-2.90261
-2.8938
-2.88494
-2.87606
-2.86714
-2.85818
-2.8492
-2.84018
-2.83112
-2.82204
-2.81292
-2.80377
-2.79459
-2.78538
-2.77614
-2.76687
-2.75756
-2.74823
-2.73887
-2.72948
-2.72006
-2.71061
-2.70114
-2.69163
-2.6821
-2.67254
-2.66296
-2.65335
-2.64371
-2.63404
-2.62435
-2.61464
-2.6049
-2.59513
-2.58534
-2.57553
-2.56569
-2.55583
-2.54594
-2.53604
-2.52611
-2.51615
-2.50618
-2.49618
-2.48616
-2.47612
-2.46605
-2.45597
-2.44586
-2.43574
-2.42559
-2.41543
-2.40524
-2.39503
-2.38481
-2.37457
-2.3643
-2.35402
-2.34372
-2.3334
-2.32307
-2.31271
-2.30234
-2.29195
-2.28155
-2.27113
-2.26069
-2.25023
-2.23976
-2.22927
-2.21876
-2.20824
-2.19771
-2.18716
-2.17659
-2.16601
-2.15541
-2.1448
-2.13418
-2.12354
-2.11289
-2.10222
-2.09154
-2.08085
-2.07014
-2.05942
-2.04868
-2.03794
-2.02718
-2.01641
-2.00562
-1.99483
-1.98402
-1.9732
-1.96237
-1.95152
-1.94067
-1.9298
-1.91892
-1.90803
-1.89713
-1.88622
-1.8753
-1.86437
-1.85343
-1.84248
-1.83151
-1.82054
-1.80956
-1.79857
-1.78757
-1.77656
-1.76554
-1.75451
-1.74347
-1.73242
-1.72136
-1.7103
-1.69922
-1.68814
-1.67705
-1.66595
-1.65484
-1.64372
-1.6326
-1.62146
-1.61032
-1.59917
-1.58802
-1.57685
-1.56568
-1.5545
-1.54331
-1.53212
-1.52092
-1.50971
-1.49849
-1.48727
-1.47604
-1.46481
-1.45356
-1.44231
-1.43106
-1.41979
-1.40852
-1.39725
-1.38596
-1.37468
-1.36338
-1.35208
-1.34077
-1.32946
-1.31814
-1.30681
-1.29548
-1.28414
-1.2728
-1.26145
-1.2501
-1.23874
-1.22737
-1.216
-1.20462
-1.19324
-1.18185
-1.17046
-1.15906
-1.14766
-1.13625
-1.12484
-1.11342
-1.10199
-1.09056
-1.07913
-1.06769
-1.05624
-1.0448
-1.03334
-1.02188
-1.01042
-0.998948
-0.987474
-0.975996
-0.964512
-0.953024
-0.941531
-0.930034
-0.918531
-0.907024
-0.895513
-0.883996
-0.872476
-0.86095
-0.84942
-0.837886
-0.826347
-0.814803
-0.803255
-0.791702
-0.780145
-0.768583
-0.757017
-0.745447
-0.733872
-0.722292
-0.710709
-0.69912
-0.687528
-0.67593
-0.664329
-0.652723
-0.641112
-0.629498
-0.617878
-0.606255
-0.594627
-0.582994
-0.571357
-0.559716
-0.54807
-0.53642
-0.524766
-0.513107
-0.501443
-0.489775
-0.478103
-0.466426
-0.454745
-0.443059
-0.431368
-0.419674
-0.407974
-0.39627
-0.384562
-0.372849
-0.361132
-0.34941
-0.337683
-0.325952
-0.314216
-0.302475
-0.29073
-0.27898
-0.267225
-0.255466
-0.243702
-0.231933
-0.22016
-0.208381
-0.196598
-0.18481
-0.173017
-0.161219
-0.149416
-0.137609
-0.125796
-0.113979
-0.102156
-0.0903285
-0.0784958
-0.066658
-0.0548151
-0.0429671
-0.0311138
-0.0192554
-0.00739175
0.00447718
0.0163514
0.0282309
0.0401159
0.0520062
0.0639019
0.0758031
0.0877097
0.0996219
0.11154
0.123463
0.135392
0.147327
0.159267
0.171213
0.183165
0.195123
0.207086
0.219056
0.231031
0.243012
0.255
0.266993
0.278993
0.290998
0.30301
0.315028
0.327052
0.339083
0.35112
0.363163
0.375213
0.387269
0.399332
0.411402
0.423478
0.43556
0.44765
0.459746
0.471849
0.483959
0.496075
0.508199
0.52033
0.532468
0.544612
0.556764
0.568924
0.58109
0.593264
0.605445
0.617634
0.62983
0.642034
0.654245
0.666464
0.67869
0.690925
0.703167
0.715417
0.727675
0.739941
0.752214
0.764496
0.776787
0.789085
0.801392
0.813707
0.82603
0.838362
0.850702
0.863051
0.875409
0.887775
0.90015
0.912534
0.924927
0.937329
0.94974
0.96216
0.974589
0.987027
0.999475
1.01193
1.0244
1.03687
1.04936
1.06185
1.07436
1.08687
1.0994
1.11193
1.12448
1.13703
1.1496
1.16217
1.17475
1.18735
1.19996
1.21257
1.2252
1.23784
1.25048
1.26314
1.27581
1.28849
1.30119
1.31389
1.3266
1.33933
1.35207
1.36481
1.37757
1.39034
1.40313
1.41592
1.42873
1.44155
1.45438
1.46722
1.48008
1.49294
1.50582
1.51871
1.53162
1.54454
1.55747
1.57041
1.58336
1.59633
1.60931
1.62231
1.63532
1.64834
1.66137
1.67442
1.68748
1.70056
1.71365
1.72675
1.73987
1.753
1.76615
1.77931
1.79248
1.80567
1.81887
1.83209
1.84532
1.85857
1.87184
1.88511
1.89841
1.91172
1.92504
1.93838
1.95173
1.96511
1.97849
1.9919
2.00531
2.01875
2.0322
2.04567
2.05915
2.07266
2.08617
2.09971
2.11326
2.12683
2.14042
2.15402
2.16764
2.18128
2.19493
2.20861
2.2223
2.23601
2.24974
2.26349
2.27725
2.29104
2.30484
2.31866
2.3325
2.34636
2.36024
2.37414
2.38805
2.40199
2.41595
2.42992
2.44392
2.45794
2.47198
2.48603
2.50011
2.51421
2.52833
2.54247
2.55664
2.57082
2.58502
2.59925
2.6135
2.62777
2.64206
2.65638
2.67071
2.68507
2.69946
2.71386
2.72829
2.74274
2.75722
2.77172
2.78624
2.80078
2.81535
2.82995
2.84457
2.85921
2.87388
2.88857
2.90328
2.91803
2.9328
2.94759
2.96241
2.97725
2.99212
3.00702
3.02195
3.0369
3.05187
3.06688
3.08191
3.09697
3.11205
3.12717
3.14231
3.15748
3.17268
3.18791
3.20317
3.21845
3.23377
3.24911
3.26448
3.27989
3.29532
3.31079
3.32628
3.3418
3.35736
3.37295
3.38857
3.40422
3.4199
3.43561
3.45136
3.46714
3.48295
3.4988
3.51468
3.53059
3.54653
3.56251
3.57853
3.59458
3.61066
3.62678
3.64293
3.65912
3.67535
3.69161
3.70791
3.72424
3.74061
3.75702
3.77347
3.78995
3.80647
3.82303
3.83963
3.85627
3.87295
3.88966
3.90642
3.92322
3.94006
3.95693
3.97385
3.99081
4.00782
4.02486
4.04195
4.05908
4.07625
4.09347
4.11073
4.12803
4.14538
4.16277
4.18021
4.19769
4.21522
4.2328
4.25042
4.26809
4.28581
4.30358
4.32139
4.33925
4.35716
4.37512
4.39313
4.41119
4.42931
4.44747
4.46568
4.48395
4.50226
4.52063
4.53906
4.55754
4.57607
4.59465
4.61329
4.63199
4.65074
4.66955
4.68842
4.70734
4.72633
4.74537
4.76447
4.78362
4.80284
4.82212
4.84146
4.86086
4.88033
4.89985
4.91944
4.93909
4.95881
4.97859
4.99844
5.01835
5.03834
5.05839
5.07851
5.0987
5.11897
5.13931
5.15972
5.18021
5.20078
5.22141
5.24211
5.26288
5.28371
5.3046
5.32553
5.3465
5.36752
5.38857
5.40966
5.43081
5.45204
5.47337
5.49485
5.51652
5.53846
5.56071
5.58335
5.60642
5.62994
5.65389
5.6782
5.70272
5.72722
5.75141
5.77488
5.79718
5.81782
5.83634
5.85235
5.86562
5.87621
5.88458
5.8917
5.89914
5.90914
5.92457
5.94877
5.9852
6.03695
6.10608
6.19289
6.29554
6.40987
6.52959
6.64667
6.7517
6.83422
6.88297
6.88583
6.82929
6.69717
6.46844
6.11421
5.59318
4.84561
3.79717
2.49482
1.93159
3.33059
5.18682
6.74758
8.01536
9.06376
9.94548
10.6937
11.3324
11.8813
12.3561
12.7668
13.1194
13.4235
13.6945
13.9486
14.1978
14.4544
14.7421
15.0868
15.4939
15.9481
16.436
16.9545
17.4908
18.0142
18.5066
18.9749
19.4323
19.8715
20.27
20.6268
20.9614
21.2792
21.559
21.7811
21.9768
22.1923
22.4216
22.6207
22.7742
22.9311
23.1145
23.2438
23.2757
23.2809
23.3836
23.5664
23.6633
23.6514
23.6632
23.7134
23.5821
23.0488
22.368
22.1127
22.1548
22.0418
21.2646
20.6126
20.7642
19.2563
14.6053
19.796
20.4813
18.6405
20.2894
20.4994
19.8999
21.3154
21.2914
24.0371
25.9183
25.1843
23.7418
24.6724
23.7118
16.45
23.1105
21.8838
23.1861
25.961
25.0902
22.7917
26.3842
25.5883
24.2353
27.4639
26.826
22.8501
24.7557
25.4463
21.8336
26.2487
22.7609
22.814
26.6358
24.2107
25.6367
25.5131
21.3928
24.3725
21.5498
26.7546
23.6131
27.9822
28.0011
26.032
28.4709
22.4337
23.278
21.2175
26.7991
24.4326
26.7046
28.102
27.2129
26.7705
15.7334
25.3218
25.5257
22.9728
26.3397
26.3265
23.8359
19.533
21.8322
23.2252
24.695
21.2516
24.4256
24.8018
21.1695
21.4616
26.8266
17.6508
21.2072
26.0768
27.5922
28.0382
20.9138
23.313
21.6955
26.8062
22.4524
24.7491
22.7224
24.7871
25.1608
28.5004
25.6818
23.7842
23.7737
25.5194
26.9418
22.5651
22.4139
25.9764
23.5906
24.539
20.8288
26.0241
23.7318
24.1218
27.8958
22.4363
26.9245
28.2437
21.7649
24.0697
27.5581
27.4142
27.7159
27.529
25.2954
26.3649
26.341
26.4425
25.6022
27.8732
26.0325
25.8092
25.4041
24.8448
24.1001
14.4278
25.0247
20.6065
23.1668
24.6019
24.0734
24.9441
24.2178
26.6696
22.0939
18.8663
26.7623
27.3643
22.0558
28.7724
27.1358
25.4113
27.4517
23.4616
27.1817
25.6989
24.3002
28.7092
27.1039
25.8388
24.6983
23.4179
23.5902
22.32
20.2538
19.3073
22.9177
24.5037
17.1546
27.0215
22.3803
20.9863
24.6229
24.9435
19.2067
22.9636
24.8613
24.3312
23.6183
21.5725
24.7024
23.9989
22.67
21.5243
18.7897
21.2
20.2017
19.5701
21.2325
22.0372
23.3105
23.7963
22.4189
24.2054
21.2245
24.9217
22.5586
21.2873
24.0469
24.4785
22.9448
21.8305
25.7862
20.2852
25.4469
23.982
22.9789
25.8059
15.9447
24.108
23.44
22.8731
22.1445
21.6207
22.252
22.4138
23.0045
14.3688
24.3687
21.4925
22.8081
23.8973
18.2311
23.9131
20.7421
20.1003
22.2288
13.8905
18.6471
15.0713
18.8911
15.0429
19.8154
20.3371
21.0877
21.8629
22.0449
22.5675
22.2928
22.9755
22.4653
22.2224
22.7418
21.3329
21.5418
21.2368
19.0192
19.5524
17.5775
12.0926
12.6228
15.074
17.2116
17.5126
19.963
20.6586
20.8202
21.9767
22.2217
22.2848
23.0254
22.9867
23.0291
23.5302
23.2835
23.3555
23.6555
23.2659
23.3841
23.4931
23.0147
23.1779
23.1002
22.5768
22.7785
22.5111
21.986
22.2156
21.7444
21.273
21.5075
20.8105
20.4675
20.6623
19.7173
19.5961
19.6796
18.4756
18.6789
18.5505
17.1073
17.7271
17.2557
15.6656
16.7408
15.7583
14.2642
15.7095
13.9881
13.0774
14.6158
11.7978
12.2256
13.4401
8.80102
11.6465
12.1697
3.19698
11.1785
10.8174
2.47136
10.7064
9.46543
6.30315
10.1929
8.32779
7.61654
9.65282
7.67879
8.1741
9.12977
7.53227
8.37535
8.67522
7.62934
8.38736
8.32575
7.75976
8.30161
8.08693
7.84425
8.1743
7.93637
7.87163
8.0394
7.84115
7.85334
7.91455
7.77311
7.8049
7.80583
7.71437
7.73963
7.71242
7.6561
7.66692
7.63063
7.59525
7.59249
7.55649
7.53171
7.51922
7.48689
7.46644
7.44819
7.41988
7.40055
7.37953
7.3544
7.33492
7.31295
7.28997
7.27007
7.24813
7.22648
7.20626
7.18476
7.1639
7.1436
7.12264
7.10229
7.08209
7.06165
7.04165
7.02168
7.00169
6.98201
6.96233
6.94274
6.92334
6.90398
6.88474
6.86564
6.8466
6.82768
6.80887
6.79014
6.77153
6.75301
6.73458
6.71626
6.69803
6.67989
6.66185
6.64389
6.62603
6.60826
6.59058
6.57299
6.55549
6.53808
6.52075
6.5035
6.48634
6.46927
6.45228
6.43537
6.41854
6.40179
6.38512
6.36853
6.35202
6.33559
6.31924
6.30296
6.28675
6.27062
6.25457
6.23859
6.22268
6.20685
6.19108
6.17539
6.15977
6.14422
6.12873
6.11332
6.09797
6.0827
6.06748
6.05234
6.03726
6.02224
6.00729
5.99241
5.97759
5.96283
5.94813
5.93349
5.91892
5.90441
5.88996
5.87557
5.86123
5.84696
5.83275
5.81859
5.80449
5.79045
5.77647
5.76254
5.74867
5.73485
5.72109
5.70738
5.69373
5.68013
5.66658
5.65309
5.63965
5.62626
5.61293
5.59964
5.58641
5.57323
5.56009
5.54701
5.53398
5.52099
5.50806
5.49517
5.48233
5.46954
5.4568
5.4441
5.43145
5.41885
5.40629
5.39378
5.38132
5.3689
5.35652
5.34419
5.3319
5.31966
5.30746
5.2953
5.28319
5.27112
5.25909
5.24711
5.23516
5.22326
5.2114
5.19958
5.1878
5.17606
5.16436
5.1527
5.14108
5.12951
5.11797
5.10646
5.095
5.08358
5.07219
5.06084
5.04953
5.03826
5.02702
5.01583
5.00466
4.99354
4.98245
4.9714
4.96038
4.9494
4.93845
4.92754
4.91667
4.90582
4.89502
4.88425
4.87351
4.8628
4.85213
4.8415
4.83089
4.82032
4.80978
4.79928
4.78881
4.77837
4.76796
4.75758
4.74724
4.73693
4.72665
4.7164
4.70618
4.69599
4.68583
4.67571
4.66561
4.65554
4.64551
4.6355
4.62552
4.61558
4.60566
4.59577
4.58591
4.57608
4.56628
4.5565
4.54676
4.53704
4.52735
4.51769
4.50806
4.49845
4.48887
4.47932
4.4698
4.4603
4.45083
4.44139
4.43197
4.42258
4.41322
4.40388
4.39457
4.38528
4.37602
4.36679
4.35758
4.3484
4.33924
4.3301
4.32099
4.31191
4.30285
4.29382
4.28481
4.27582
4.26686
4.25792
4.24901
4.24012
4.23125
4.22241
4.21359
4.2048
4.19602
4.18727
4.17855
4.16984
4.16116
4.15251
4.14387
4.13526
4.12667
4.1181
4.10955
4.10103
4.09252
4.08404
4.07558
4.06715
4.05873
4.05034
4.04196
4.03361
4.02528
4.01697
4.00868
4.00041
3.99217
3.98394
3.97573
3.96754
3.95938
3.95123
3.94311
3.935
3.92692
3.91885
3.9108
3.90278
3.89477
3.88678
3.87881
3.87086
3.86294
3.85502
3.84713
3.83926
3.83141
3.82357
3.81575
3.80796
3.80018
3.79242
3.78467
3.77695
3.76924
3.76156
3.75389
3.74623
3.7386
3.73098
3.72339
3.7158
3.70824
3.7007
3.69317
3.68566
3.67816
3.67068
3.66323
3.65578
3.64836
3.64095
3.63356
3.62618
3.61882
3.61148
3.60416
3.59685
3.58955
3.58228
3.57502
3.56778
3.56055
3.55334
3.54614
3.53896
3.5318
3.52465
3.51752
3.5104
3.5033
3.49622
3.48915
3.48209
3.47505
3.46803
3.46102
3.45403
3.44705
3.44008
3.43314
3.4262
3.41928
3.41238
3.40549
3.39862
3.39176
3.38491
3.37808
3.37127
3.36446
3.35768
3.3509
3.34414
3.3374
3.33067
3.32395
3.31725
3.31056
3.30389
3.29723
3.29058
3.28395
3.27733
3.27072
3.26413
3.25755
3.25098
3.24443
3.23789
3.23137
3.22486
3.21836
3.21187
3.2054
3.19894
3.19249
3.18606
3.17964
3.17323
3.16684
3.16046
3.15409
3.14773
3.14139
3.13505
3.12874
3.12243
3.11614
3.10985
3.10359
3.09733
3.09108
3.08485
3.07863
3.07242
3.06623
3.06005
3.05387
3.04771
3.04157
3.03543
3.02931
3.02319
3.01709
3.01101
3.00493
2.99886
2.99281
2.98677
2.98074
2.97472
2.96871
2.96271
2.95673
2.95075
2.94479
2.93884
2.9329
2.92697
2.92105
2.91515
2.90925
2.90336
2.89749
2.89163
2.88578
2.87994
2.8741
2.86829
2.86248
2.85668
2.85089
2.84511
2.83935
2.83359
2.82785
2.82211
2.81639
2.81067
2.80497
2.79928
2.7936
2.78792
2.78226
2.77661
2.77097
2.76534
2.75971
2.7541
2.7485
2.74291
2.73733
2.73176
2.72619
2.72064
2.7151
2.70957
2.70405
2.69853
2.69303
2.68754
2.68206
2.67658
2.67112
2.66566
2.66022
2.65478
2.64936
2.64394
2.63853
2.63313
2.62775
2.62237
2.617
2.61164
2.60628
2.60094
2.59561
2.59028
2.58497
2.57966
2.57437
2.56908
2.5638
2.55853
2.55327
2.54802
2.54278
2.53754
2.53232
2.5271
2.52189
2.51669
2.5115
2.50632
2.50115
2.49599
2.49083
2.48568
2.48055
2.47542
2.47029
2.46518
2.46008
2.45498
2.44989
2.44482
2.43974
2.43468
2.42963
2.42458
2.41955
2.41452
2.4095
2.40448
2.39948
2.39448
2.38949
2.38451
2.37954
2.37458
2.36962
2.36467
2.35973
2.3548
2.34988
2.34496
2.34005
2.33515
2.33026
2.32537
2.3205
2.31563
2.31077
2.30591
2.30107
2.29623
2.2914
2.28657
2.28176
2.27695
2.27215
2.26736
2.26257
2.25779
2.25302
2.24826
2.24351
2.23876
2.23402
2.22928
2.22456
2.21984
2.21513
2.21042
2.20573
2.20104
2.19636
2.19168
2.18701
2.18235
2.1777
2.17305
2.16841
2.16378
2.15916
2.15454
2.14993
2.14533
2.14073
2.13614
2.13156
2.12698
2.12241
2.11785
2.11329
2.10875
2.1042
2.09967
2.09514
2.09062
2.08611
2.0816
2.0771
2.0726
2.06812
2.06364
2.05916
2.0547
2.05023
2.04578
2.04133
2.03689
2.03246
2.02803
2.02361
2.01919
2.01479
2.01038
2.00599
2.0016
1.99722
1.99284
1.98847
1.98411
1.97975
1.9754
1.97106
1.96672
1.96239
1.95806
1.95374
1.94943
1.94512
1.94082
1.93653
1.93224
1.92796
1.92368
1.91941
1.91515
1.91089
1.90664
1.9024
1.89816
1.89392
1.8897
1.88547
1.88126
1.87705
1.87285
1.86865
1.86446
1.86027
1.85609
1.85192
1.84775
1.84359
1.83943
1.83528
1.83114
1.827
1.82287
1.81874
1.81462
1.8105
1.80639
1.80229
1.79819
1.7941
1.79001
1.78593
1.78185
1.77778
1.77372
1.76966
1.76561
1.76156
1.75752
1.75348
1.74945
1.74542
1.7414
1.73739
1.73338
1.72938
1.72538
1.72138
1.7174
1.71342
1.70944
1.70547
1.7015
1.69754
1.69359
1.68964
1.68569
1.68175
1.67782
1.67389
1.66997
1.66605
1.66214
1.65823
1.65433
1.65043
1.64654
1.64265
1.63877
1.63489
1.63102
1.62716
1.6233
1.61944
1.61559
1.61174
1.6079
1.60407
1.60024
1.59641
1.59259
1.58878
1.58497
1.58116
1.57736
1.57356
1.56977
1.56599
1.56221
1.55843
1.55466
1.5509
1.54713
1.54338
1.53963
1.53588
1.53214
1.5284
1.52467
1.52094
1.51722
1.51351
1.50979
1.50609
1.50238
1.49868
1.49499
1.4913
1.48762
1.48394
1.48026
1.47659
1.47293
1.46927
1.46561
1.46196
1.45831
1.45467
1.45103
1.4474
1.44377
1.44015
1.43653
1.43292
1.42931
1.4257
1.4221
1.4185
1.41491
1.41133
1.40774
1.40416
1.40059
1.39702
1.39346
1.3899
1.38634
1.38279
1.37924
1.3757
1.37216
1.36863
1.3651
1.36157
1.35805
1.35453
1.35102
1.34751
1.34401
1.34051
1.33702
1.33353
1.33004
1.32656
1.32308
1.31961
1.31614
1.31267
1.30921
1.30575
1.3023
1.29885
1.29541
1.29197
1.28854
1.2851
1.28168
1.27825
1.27484
1.27142
1.26801
1.2646
1.2612
1.2578
1.25441
1.25102
1.24763
1.24425
1.24087
1.2375
1.23413
1.23076
1.2274
1.22404
1.22069
1.21734
1.214
1.21065
1.20732
1.20398
1.20065
1.19733
1.194
1.19069
1.18737
1.18406
1.18076
1.17745
1.17416
1.17086
1.16757
1.16428
1.161
1.15772
1.15445
1.15118
1.14791
1.14464
1.14138
1.13813
1.13488
1.13163
1.12838
1.12514
1.12191
1.11867
1.11544
1.11222
1.109
1.10578
1.10256
1.09935
1.09614
1.09294
1.08974
1.08655
1.08335
1.08016
1.07698
1.0738
1.07062
1.06745
1.06428
1.06111
1.05795
1.05479
1.05163
1.04848
1.04533
1.04219
1.03904
1.03591
1.03277
1.02964
1.02651
1.02339
1.02027
1.01715
1.01404
1.01093
1.00783
1.00472
1.00162
0.998529
0.995437
0.992349
0.989264
0.986183
0.983105
0.98003
0.976959
0.973892
0.970827
0.967767
0.964709
0.961655
0.958605
0.955558
0.952514
0.949474
0.946437
0.943404
0.940374
0.937347
0.934323
0.931303
0.928287
0.925273
0.922263
0.919257
0.916254
0.913254
0.910257
0.907263
0.904273
0.901287
0.898303
0.895323
0.892346
0.889372
0.886402
0.883435
0.880471
0.877511
0.874553
0.871599
0.868648
0.8657
0.862756
0.859815
0.856877
0.853942
0.85101
0.848082
0.845157
0.842235
0.839316
0.8364
0.833487
0.830578
0.827672
0.824769
0.821869
0.818972
0.816078
0.813188
0.8103
0.807416
0.804534
0.801656
0.798781
0.795909
0.79304
0.790175
0.787312
0.784452
0.781596
0.778742
0.775892
0.773044
0.7702
0.767358
0.76452
0.761685
0.758853
0.756023
0.753197
0.750374
0.747553
0.744736
0.741922
0.739111
0.736302
0.733497
0.730695
0.727895
0.725099
0.722305
0.719515
0.716727
0.713942
0.711161
0.708382
0.705606
0.702833
0.700063
0.697296
0.694532
0.69177
0.689012
0.686256
0.683503
0.680754
0.678007
0.675263
0.672521
0.669783
0.667048
0.664315
0.661585
0.658858
0.656134
0.653413
0.650694
0.647979
0.645266
0.642556
0.639848
0.637144
0.634442
0.631744
0.629048
0.626354
0.623664
0.620976
0.618291
0.615609
0.61293
0.610253
0.607579
0.604908
0.602239
0.599574
0.596911
0.59425
0.591593
0.588938
0.586286
0.583637
0.58099
0.578346
0.575705
0.573066
0.57043
0.567797
0.565167
0.562539
0.559914
0.557291
0.554671
0.552054
0.54944
0.546828
0.544218
0.541612
0.539008
0.536406
0.533808
0.531212
0.528618
0.526027
0.523439
0.520853
0.51827
0.51569
0.513112
0.510537
0.507964
0.505394
0.502827
0.500262
0.497699
0.49514
0.492582
0.490028
0.487476
0.484926
0.482379
0.479834
0.477292
0.474753
0.472216
0.469682
0.46715
0.464621
0.462094
0.45957
0.457048
0.454528
0.452012
0.449497
0.446986
0.444476
0.441969
0.439465
0.436963
0.434464
0.431967
0.429472
0.42698
0.424491
0.422003
0.419519
0.417037
0.414557
0.412079
0.409604
0.407132
0.404662
0.402194
0.399729
0.397266
0.394806
0.392348
0.389892
0.387439
0.384988
0.38254
0.380094
0.37765
0.375209
0.37277
0.370333
0.367899
0.365468
0.363038
0.360611
0.358186
0.355764
0.353344
0.350926
0.348511
0.346098
0.343688
0.341279
0.338873
0.33647
0.334068
0.331669
0.329273
0.326878
0.324486
0.322096
0.319709
0.317324
0.314941
0.31256
0.310182
0.307806
0.305432
0.303061
0.300692
0.298325
0.29596
0.293598
0.291238
0.28888
0.286524
0.284171
0.28182
0.279471
0.277124
0.27478
0.272438
0.270098
0.26776
0.265425
0.263091
0.26076
0.258431
0.256105
0.25378
0.251458
0.249138
0.24682
0.244505
0.242191
0.23988
0.237571
0.235264
0.23296
0.230657
0.228357
0.226059
0.223763
0.221469
0.219177
0.216888
0.2146
0.212315
0.210032
0.207751
0.205473
0.203196
0.200921
0.198649
0.196379
0.194111
0.191845
0.189581
0.187319
0.18506
0.182802
0.180547
0.178294
0.176042
0.173793
0.171546
0.169301
0.167059
0.164818
0.162579
0.160343
0.158108
0.155876
0.153646
0.151418
0.149191
0.146967
0.144745
0.142525
0.140307
0.138092
0.135878
0.133666
0.131456
0.129249
0.127043
0.124839
0.122638
0.120438
0.118241
0.116045
0.113852
0.111661
0.109471
0.107284
0.105099
0.102915
0.100734
0.0985545
0.0963772
0.0942018
0.0920285
0.0898571
0.0876878
0.0855204
0.0833551
0.0811917
0.0790302
0.0768708
0.0747133
0.0725579
0.0704043
0.0682528
0.0661032
0.0639556
0.0618099
0.0596662
0.0575244
0.0553846
0.0532468
0.0511109
0.0489769
0.0468449
0.0447148
0.0425867
0.0404604
0.0383362
0.0362138
0.0340934
0.0319749
0.0298583
0.0277436
0.0256309
0.02352
0.0214111
0.0193041
0.017199
0.0150958
0.0129945
0.0108951
0.00879755
0.00670193
0.0046082
0.00251636
0.000426407
-0.00166166
-0.00374785
-0.00583217
-0.0079146
-0.00999516
-0.0120739
-0.0141507
-0.0162256
-0.0182987
-0.02037
-0.0224393
-0.0245068
-0.0265725
-0.0286363
-0.0306983
-0.0327584
-0.0348166
-0.0368731
-0.0389276
-0.0409804
-0.0430313
-0.0450804
-0.0471276
-0.049173
-0.0512166
-0.0532584
-0.0552983
-0.0573364
-0.0593728
-0.0614072
-0.0634399
-0.0654708
-0.0674999
-0.0695271
-0.0715526
-0.0735762
-0.0755981
-0.0776181
-0.0796364
-0.0816529
-0.0836676
-0.0856805
-0.0876916
-0.0897009
-0.0917084
-0.0937142
-0.0957182
-0.0977204
-0.0997209
-0.10172
-0.103716
-0.105712
-0.107705
-0.109697
-0.111686
-0.113675
-0.115661
-0.117646
-0.119628
-0.121609
-0.123589
-0.125566
-0.127542
-0.129516
-0.131489
-0.13346
-0.135428
-0.137396
-0.139361
-0.141325
-0.143287
-0.145247
-0.147206
-0.149163
-0.151118
-0.153071
-0.155023
-0.156973
-0.158921
-0.160868
-0.162813
-0.164756
-0.166697
-0.168637
-0.170575
-0.172512
-0.174446
-0.176379
-0.178311
-0.18024
-0.182168
-0.184095
-0.186019
-0.187942
-0.189863
-0.191783
-0.193701
-0.195617
-0.197532
-0.199445
-0.201356
-0.203266
-0.205173
-0.20708
-0.208984
-0.210887
-0.212789
-0.214688
-0.216586
-0.218483
-0.220377
-0.22227
-0.224162
-0.226052
-0.22794
-0.229826
-0.231711
-0.233595
-0.235476
-0.237356
-0.239235
-0.241112
-0.242987
-0.24486
-0.246732
-0.248602
-0.250471
-0.252338
-0.254204
-0.256068
-0.25793
-0.259791
-0.26165
-0.263507
-0.265363
-0.267217
-0.26907
-0.270921
-0.27277
-0.274618
-0.276465
-0.278309
-0.280153
-0.281994
-0.283834
-0.285672
-0.287509
-0.289345
-0.291178
-0.29301
-0.294841
-0.29667
-0.298497
-0.300323
-0.302147
-0.30397
-0.305791
-0.307611
-0.309429
-0.311246
-0.313061
-0.314874
-0.316686
-0.318496
-0.320305
-0.322112
-0.323918
-0.325722
-0.327525
-0.329326
-0.331125
-0.332923
-0.33472
-0.336515
-0.338308
-0.3401
-0.34189
-0.343679
-0.345467
-0.347252
-0.349037
-0.350819
-0.352601
-0.354381
-0.356159
-0.357936
-0.359711
-0.361484
-0.363257
-0.365027
-0.366797
-0.368564
-0.370331
-0.372095
-0.373859
-0.37562
-0.377381
-0.379139
-0.380897
-0.382653
-0.384407
-0.38616
-0.387911
-0.389661
-0.391409
-0.393156
-0.394902
-0.396646
-0.398388
-0.400129
-0.401869
-0.403607
-0.405344
-0.407079
-0.408813
-0.410545
-0.412276
-0.414005
-0.415733
-0.417459
-0.419184
-0.420908
-0.42263
-0.424351
-0.42607
-0.427788
-0.429504
-0.431219
-0.432932
-0.434644
-0.436355
-0.438064
-0.439772
-0.441478
-0.443183
-0.444886
-0.446588
-0.448289
-0.449988
-0.451686
-0.453382
-0.455077
-0.45677
-0.458462
-0.460153
-0.461842
-0.46353
-0.465216
-0.466901
-0.468585
-0.470267
-0.471948
-0.473627
-0.475305
-0.476981
-0.478657
-0.48033
-0.482003
-0.483674
-0.485343
-0.487011
-0.488678
-0.490344
-0.492008
-0.49367
-0.495332
-0.496991
-0.49865
-0.500307
-0.501963
-0.503617
-0.50527
-0.506922
-0.508572
-0.510221
-0.511868
-0.513514
-0.515159
-0.516802
-0.518444
-0.520085
-0.521724
-0.523362
-0.524999
-0.526634
-0.528268
-0.529901
-0.531532
-0.533162
-0.53479
-0.536417
-0.538043
-0.539667
-0.54129
-0.542912
-0.544532
-0.546151
-0.547769
-0.549385
-0.551001
-0.552614
-0.554227
-0.555838
-0.557447
-0.559056
-0.560663
-0.562268
-0.563873
-0.565476
-0.567078
-0.568678
-0.570277
-0.571875
-0.573471
-0.575066
-0.57666
-0.578253
-0.579844
-0.581434
-0.583022
-0.58461
-0.586195
-0.58778
-0.589363
-0.590946
-0.592526
-0.594106
-0.595684
-0.597261
-0.598836
-0.60041
-0.601983
-0.603555
-0.605125
-0.606694
-0.608262
-0.609829
-0.611394
-0.612958
-0.61452
-0.616082
-0.617642
-0.619201
-0.620758
-0.622314
-0.623869
-0.625423
-0.626975
-0.628526
-0.630076
-0.631625
-0.633172
-0.634718
-0.636263
-0.637806
-0.639349
-0.64089
-0.642429
-0.643968
-0.645505
-0.647041
-0.648576
-0.650109
-0.651641
-0.653172
-0.654702
-0.65623
-0.657757
-0.659283
-0.660808
-0.662331
-0.663853
-0.665374
-0.666894
-0.668412
-0.66993
-0.671446
-0.67296
-0.674474
-0.675986
-0.677497
-0.679007
-0.680515
-0.682023
-0.683529
-0.685034
-0.686537
-0.68804
-0.689541
-0.691041
-0.692539
-0.694037
-0.695533
-0.697028
-0.698522
-0.700015
-0.701506
-0.702996
-0.704485
-0.705973
-0.707459
-0.708945
-0.710429
-0.711912
-0.713393
-0.714874
-0.716353
-0.717831
-0.719308
-0.720784
-0.722258
-0.723732
-0.725204
-0.726674
-0.728144
-0.729613
-0.73108
-0.732546
-0.734011
-0.735475
-0.736937
-0.738398
-0.739859
-0.741318
-0.742775
-0.744232
-0.745687
-0.747141
-0.748595
-0.750046
-0.751497
-0.752947
-0.754395
-0.755842
-0.757288
-0.758733
-0.760176
-0.761619
-0.76306
-0.7645
-0.765939
-0.767377
-0.768813
-0.770249
-0.771683
-0.773116
-0.774548
-0.775979
-0.777409
-0.778837
-0.780264
-0.781691
-0.783116
-0.784539
-0.785962
-0.787384
-0.788804
-0.790223
-0.791641
-0.793058
-0.794474
-0.795889
-0.797302
-0.798714
-0.800126
-0.801536
-0.802944
-0.804352
-0.805759
-0.807164
-0.808569
-0.809972
-0.811374
-0.812775
-0.814175
-0.815573
-0.816971
-0.818367
-0.819763
-0.821157
-0.82255
-0.823942
-0.825332
-0.826722
-0.82811
-0.829498
-0.830884
-0.832269
-0.833653
-0.835036
-0.836418
-0.837799
-0.839178
-0.840557
-0.841934
-0.84331
-0.844685
-0.846059
-0.847432
-0.848804
-0.850174
-0.851544
-0.852912
-0.85428
-0.855646
-0.857011
-0.858375
-0.859738
-0.8611
-0.86246
-0.86382
-0.865179
-0.866536
-0.867892
-0.869248
-0.870602
-0.871955
-0.873307
-0.874657
-0.876007
-0.877356
-0.878703
-0.88005
-0.881395
-0.88274
-0.884083
-0.885425
-0.886766
-0.888106
-0.889445
-0.890783
-0.892119
-0.893455
-0.89479
-0.896123
-0.897455
-0.898787
-0.900117
-0.901446
-0.902774
-0.904101
-0.905427
-0.906752
-0.908076
-0.909399
-0.91072
-0.912041
-0.913361
-0.914679
-0.915997
-0.917313
-0.918628
-0.919942
-0.921256
-0.922568
-0.923879
-0.925189
-0.926498
-0.927806
-0.929112
-0.930418
-0.931723
-0.933027
-0.934329
-0.935631
-0.936931
-0.938231
-0.939529
-0.940826
-0.942123
-0.943418
-0.944712
-0.946005
-0.947298
-0.948589
-0.949879
-0.951168
-0.952456
-0.953743
-0.955028
-0.956313
-0.957597
-0.95888
-0.960162
-0.961442
-0.962722
-0.964001
-0.965278
-0.966555
-0.96783
-0.969105
-0.970378
-0.971651
-0.972922
-0.974193
-0.975462
-0.97673
-0.977998
-0.979264
-0.980529
-0.981793
-0.983057
-0.984319
-0.98558
-0.98684
-0.988099
-0.989357
-0.990615
-0.991871
-0.993126
-0.99438
-0.995633
-0.996885
-0.998136
-0.999386
-1.00064
-1.00188
-1.00313
-1.00438
-1.00562
-1.00686
-1.00811
-1.00935
-1.01059
-1.01183
-1.01307
-1.01431
-1.01554
-1.01678
-1.01802
-1.01925
-1.02048
-1.02171
-1.02295
-1.02418
-1.0254
-1.02663
-1.02786
-1.02909
-1.03031
-1.03153
-1.03276
-1.03398
-1.0352
-1.03642
-1.03764
-1.03886
-1.04007
-1.04129
-1.04251
-1.04372
-1.04493
-1.04615
-1.04736
-1.04857
-1.04978
-1.05098
-1.05219
-1.0534
-1.0546
-1.05581
-1.05701
-1.05821
-1.05942
-1.06062
-1.06182
-1.06301
-1.06421
-1.06541
-1.0666
-1.0678
-1.06899
-1.07018
-1.07138
-1.07257
-1.07376
-1.07495
-1.07613
-1.07732
-1.07851
-1.07969
-1.08088
-1.08206
-1.08324
-1.08442
-1.0856
-1.08678
-1.08796
-1.08914
-1.09031
-1.09149
-1.09266
-1.09384
-1.09501
-1.09618
-1.09735
-1.09852
-1.09969
-1.10086
-1.10202
-1.10319
-1.10436
-1.10552
-1.10668
-1.10784
-1.10901
-1.11017
-1.11133
-1.11248
-1.11364
-1.1148
-1.11595
-1.11711
-1.11826
-1.11941
-1.12057
-1.12172
-1.12287
-1.12402
-1.12516
-1.12631
-1.12746
-1.1286
-1.12975
-1.13089
-1.13203
-1.13317
-1.13431
-1.13545
-1.13659
-1.13773
-1.13887
-1.14
-1.14114
-1.14227
-1.14341
-1.14454
-1.14567
-1.1468
-1.14793
-1.14906
-1.15018
-1.15131
-1.15244
-1.15356
-1.15469
-1.15581
-1.15693
-1.15805
-1.15917
-1.16029
-1.16141
-1.16253
-1.16365
-1.16476
-1.16588
-1.16699
-1.1681
-1.16921
-1.17033
-1.17144
-1.17255
-1.17365
-1.17476
-1.17587
-1.17697
-1.17808
-1.17918
-1.18029
-1.18139
-1.18249
-1.18359
-1.18469
-1.18579
-1.18688
-1.18798
-1.18908
-1.19017
-1.19127
-1.19236
-1.19345
-1.19454
-1.19563
-1.19672
-1.19781
-1.1989
-1.19999
-1.20107
-1.20216
-1.20324
-1.20432
-1.20541
-1.20649
-1.20757
-1.20865
-1.20973
-1.21081
-1.21188
-1.21296
-1.21403
-1.21511
-1.21618
-1.21726
-1.21833
-1.2194
-1.22047
-1.22154
-1.22261
-1.22367
-1.22474
-1.22581
-1.22687
-1.22793
-1.229
-1.23006
-1.23112
-1.23218
-1.23324
-1.2343
-1.23536
-1.23641
-1.23747
-1.23852
-1.23958
-1.24063
-1.24168
-1.24274
-1.24379
-1.24484
-1.24589
-1.24693
-1.24798
-1.24903
-1.25007
-1.25112
-1.25216
-1.25321
-1.25425
-1.25529
-1.25633
-1.25737
-1.25841
-1.25945
-1.26048
-1.26152
-1.26255
-1.26359
-1.26462
-1.26565
-1.26669
-1.26772
-1.26875
-1.26978
-1.2708
-1.27183
-1.27286
-1.27389
-1.27491
-1.27593
-1.27696
-1.27798
-1.279
-1.28002
-1.28104
-1.28206
-1.28308
-1.2841
-1.28511
-1.28613
-1.28714
-1.28816
-1.28917
-1.29018
-1.29119
-1.29221
-1.29322
-1.29422
-1.29523
-1.29624
-1.29725
-1.29825
-1.29926
-1.30026
-1.30126
-1.30227
-1.30327
-1.30427
-1.30527
-1.30627
-1.30726
-1.30826
-1.30926
-1.31025
-1.31125
-1.31224
-1.31323
-1.31423
-1.31522
-1.31621
-1.3172
-1.31819
-1.31918
-1.32016
-1.32115
-1.32213
-1.32312
-1.3241
-1.32509
-1.32607
-1.32705
-1.32803
-1.32901
-1.32999
-1.33097
-1.33194
-1.33292
-1.3339
-1.33487
-1.33585
-1.33682
-1.33779
-1.33876
-1.33973
-1.3407
-1.34167
-1.34264
-1.34361
-1.34458
-1.34554
-1.34651
-1.34747
-1.34843
-1.3494
-1.35036
-1.35132
-1.35228
-1.35324
-1.3542
-1.35516
-1.35611
-1.35707
-1.35802
-1.35898
-1.35993
-1.36088
-1.36184
-1.36279
-1.36374
-1.36469
-1.36564
-1.36659
-1.36753
-1.36848
-1.36942
-1.37037
-1.37131
-1.37226
-1.3732
-1.37414
-1.37508
-1.37602
-1.37696
-1.3779
-1.37884
-1.37977
-1.38071
-1.38164
-1.38258
-1.38351
-1.38445
-1.38538
-1.38631
-1.38724
-1.38817
-1.3891
-1.39003
-1.39095
-1.39188
-1.39281
-1.39373
-1.39465
-1.39558
-1.3965
-1.39742
-1.39834
-1.39926
-1.40018
-1.4011
-1.40202
-1.40294
-1.40385
-1.40477
-1.40568
-1.4066
-1.40751
-1.40842
-1.40933
-1.41024
-1.41115
-1.41206
-1.41297
-1.41388
-1.41479
-1.41569
-1.4166
-1.4175
-1.41841
-1.41931
-1.42021
-1.42111
-1.42201
-1.42291
-1.42381
-1.42471
-1.42561
-1.4265
-1.4274
-1.4283
-1.42919
-1.43008
-1.43098
-1.43187
-1.43276
-1.43365
-1.43454
-1.43543
-1.43632
-1.43721
-1.43809
-1.43898
-1.43986
-1.44075
-1.44163
-1.44251
-1.4434
-1.44428
-1.44516
-1.44604
-1.44692
-1.44779
-1.44867
-1.44955
-1.45042
-1.4513
-1.45217
-1.45305
-1.45392
-1.45479
-1.45566
-1.45654
-1.45741
-1.45827
-1.45914
-1.46001
-1.46088
-1.46174
-1.46261
-1.46347
-1.46434
-1.4652
-1.46606
-1.46692
-1.46778
-1.46864
-1.4695
-1.47036
-1.47122
-1.47208
-1.47293
-1.47379
-1.47464
-1.4755
-1.47635
-1.4772
-1.47805
-1.47891
-1.47976
-1.48061
-1.48145
-1.4823
-1.48315
-1.484
-1.48484
-1.48569
-1.48653
-1.48737
-1.48822
-1.48906
-1.4899
-1.49074
-1.49158
-1.49242
-1.49326
-1.49409
-1.49493
-1.49577
-1.4966
-1.49744
-1.49827
-1.4991
-1.49994
-1.50077
-1.5016
-1.50243
-1.50326
-1.50409
-1.50492
-1.50574
-1.50657
-1.50739
-1.50822
-1.50904
-1.50987
-1.51069
-1.51151
-1.51233
-1.51315
-1.51397
-1.51479
-1.51561
-1.51643
-1.51725
-1.51806
-1.51888
-1.51969
-1.52051
-1.52132
-1.52213
-1.52294
-1.52375
-1.52456
-1.52537
-1.52618
-1.52699
-1.5278
-1.5286
-1.52941
-1.53022
-1.53102
-1.53182
-1.53263
-1.53343
-1.53423
-1.53503
-1.53583
-1.53663
-1.53743
-1.53823
-1.53902
-1.53982
-1.54062
-1.54141
-1.54221
-1.543
-1.54379
-1.54458
-1.54538
-1.54617
-1.54696
-1.54775
-1.54853
-1.54932
-1.55011
-1.5509
-1.55168
-1.55247
-1.55325
-1.55403
-1.55482
-1.5556
-1.55638
-1.55716
-1.55794
-1.55872
-1.5595
-1.56028
-1.56105
-1.56183
-1.56261
-1.56338
-1.56416
-1.56493
-1.5657
-1.56647
-1.56725
-1.56802
-1.56879
-1.56956
-1.57032
-1.57109
-1.57186
-1.57263
-1.57339
-1.57416
-1.57492
-1.57568
-1.57645
-1.57721
-1.57797
-1.57873
-1.57949
-1.58025
-1.58101
-1.58177
-1.58252
-1.58328
-1.58404
-1.58479
-1.58555
-1.5863
-1.58705
-1.58781
-1.58856
-1.58931
-1.59006
-1.59081
-1.59156
-1.5923
-1.59305
-1.5938
-1.59454
-1.59529
-1.59603
-1.59678
-1.59752
-1.59826
-1.59901
-1.59975
-1.60049
-1.60123
-1.60197
-1.6027
-1.60344
-1.60418
-1.60492
-1.60565
-1.60639
-1.60712
-1.60785
-1.60859
-1.60932
-1.61005
-1.61078
-1.61151
-1.61224
-1.61297
-1.6137
-1.61442
-1.61515
-1.61588
-1.6166
-1.61733
-1.61805
-1.61877
-1.6195
-1.62022
-1.62094
-1.62166
-1.62238
-1.6231
-1.62382
-1.62453
-1.62525
-1.62597
-1.62668
-1.6274
-1.62811
-1.62883
-1.62954
-1.63025
-1.63096
-1.63167
-1.63238
-1.63309
-1.6338
-1.63451
-1.63522
-1.63592
-1.63663
-1.63733
-1.63804
-1.63874
-1.63945
-1.64015
-1.64085
-1.64155
-1.64225
-1.64295
-1.64365
-1.64435
-1.64505
-1.64575
-1.64644
-1.64714
-1.64783
-1.64853
-1.64922
-1.64991
-1.65061
-1.6513
-1.65199
-1.65268
-1.65337
-1.65406
-1.65475
-1.65544
-1.65612
-1.65681
-1.65749
-1.65818
-1.65886
-1.65955
-1.66023
-1.66091
-1.66159
-1.66228
-1.66296
-1.66364
-1.66431
-1.66499
-1.66567
-1.66635
-1.66702
-1.6677
-1.66837
-1.66905
-1.66972
-1.6704
-1.67107
-1.67174
-1.67241
-1.67308
-1.67375
-1.67442
-1.67509
-1.67576
-1.67642
-1.67709
-1.67775
-1.67842
-1.67908
-1.67975
-1.68041
-1.68107
-1.68174
-1.6824
-1.68306
-1.68372
-1.68438
-1.68503
-1.68569
-1.68635
-1.687
-1.68766
-1.68832
-1.68897
-1.68962
-1.69028
-1.69093
-1.69158
-1.69223
-1.69288
-1.69353
-1.69418
-1.69483
-1.69548
-1.69613
-1.69677
-1.69742
-1.69806
-1.69871
-1.69935
-1.69999
-1.70064
-1.70128
-1.70192
-1.70256
-1.7032
-1.70384
-1.70448
-1.70512
-1.70575
-1.70639
-1.70703
-1.70766
-1.7083
-1.70893
-1.70957
-1.7102
-1.71083
-1.71146
-1.71209
-1.71272
-1.71335
-1.71398
-1.71461
-1.71524
-1.71586
-1.71649
-1.71712
-1.71774
-1.71837
-1.71899
-1.71961
-1.72024
-1.72086
-1.72148
-1.7221
-1.72272
-1.72334
-1.72396
-1.72457
-1.72519
-1.72581
-1.72642
-1.72704
-1.72765
-1.72827
-1.72888
-1.72949
-1.73011
-1.73072
-1.73133
-1.73194
-1.73255
-1.73316
-1.73377
-1.73437
-1.73498
-1.73559
-1.73619
-1.7368
-1.7374
-1.73801
-1.73861
-1.73921
-1.73981
-1.74041
-1.74101
-1.74161
-1.74221
-1.74281
-1.74341
-1.74401
-1.7446
-1.7452
-1.7458
-1.74639
-1.74699
-1.74758
-1.74817
-1.74876
-1.74936
-1.74995
-1.75054
-1.75113
-1.75172
-1.7523
-1.75289
-1.75348
-1.75407
-1.75465
-1.75524
-1.75582
-1.75641
-1.75699
-1.75757
-1.75816
-1.75874
-1.75932
-1.7599
-1.76048
-1.76106
-1.76163
-1.76221
-1.76279
-1.76337
-1.76394
-1.76452
-1.76509
-1.76567
-1.76624
-1.76681
-1.76738
-1.76796
-1.76853
-1.7691
-1.76967
-1.77024
-1.7708
-1.77137
-1.77194
-1.7725
-1.77307
-1.77364
-1.7742
-1.77476
-1.77533
-1.77589
-1.77645
-1.77701
-1.77757
-1.77813
-1.77869
-1.77925
-1.77981
-1.78037
-1.78093
-1.78148
-1.78204
-1.78259
-1.78315
-1.7837
-1.78426
-1.78481
-1.78536
-1.78591
-1.78646
-1.78701
-1.78756
-1.78811
-1.78866
-1.78921
-1.78975
-1.7903
-1.79085
-1.79139
-1.79194
-1.79248
-1.79302
-1.79357
-1.79411
-1.79465
-1.79519
-1.79573
-1.79627
-1.79681
-1.79735
-1.79789
-1.79842
-1.79896
-1.7995
-1.80003
-1.80057
-1.8011
-1.80164
-1.80217
-1.8027
-1.80323
-1.80376
-1.80429
-1.80482
-1.80535
-1.80588
-1.80641
-1.80694
-1.80746
-1.80799
-1.80852
-1.80904
-1.80956
-1.81009
-1.81061
-1.81113
-1.81166
-1.81218
-1.8127
-1.81322
-1.81374
-1.81426
-1.81477
-1.81529
-1.81581
-1.81633
-1.81684
-1.81736
-1.81787
-1.81838
-1.8189
-1.81941
-1.81992
-1.82043
-1.82095
-1.82146
-1.82197
-1.82247
-1.82298
-1.82349
-1.824
-1.8245
-1.82501
-1.82552
-1.82602
-1.82653
-1.82703
-1.82753
-1.82803
-1.82854
-1.82904
-1.82954
-1.83004
-1.83054
-1.83104
-1.83153
-1.83203
-1.83253
-1.83303
-1.83352
-1.83402
-1.83451
-1.835
-1.8355
-1.83599
-1.83648
-1.83697
-1.83747
-1.83796
-1.83845
-1.83893
-1.83942
-1.83991
-1.8404
-1.84089
-1.84137
-1.84186
-1.84234
-1.84283
-1.84331
-1.84379
-1.84428
-1.84476
-1.84524
-1.84572
-1.8462
-1.84668
-1.84716
-1.84764
-1.84811
-1.84859
-1.84907
-1.84954
-1.85002
-1.85049
-1.85097
-1.85144
-1.85191
-1.85239
-1.85286
-1.85333
-1.8538
-1.85427
-1.85474
-1.85521
-1.85568
-1.85614
-1.85661
-1.85708
-1.85754
-1.85801
-1.85847
-1.85894
-1.8594
-1.85986
-1.86033
-1.86079
-1.86125
-1.86171
-1.86217
-1.86263
-1.86309
-1.86355
-1.864
-1.86446
-1.86492
-1.86537
-1.86583
-1.86628
-1.86674
-1.86719
-1.86764
-1.86809
-1.86855
-1.869
-1.86945
-1.8699
-1.87035
-1.8708
-1.87124
-1.87169
-1.87214
-1.87258
-1.87303
-1.87347
-1.87392
-1.87436
-1.87481
-1.87525
-1.87569
-1.87613
-1.87657
-1.87701
-1.87745
-1.87789
-1.87833
-1.87877
-1.87921
-1.87964
-1.88008
-1.88052
-1.88095
-1.88139
-1.88182
-1.88225
-1.88269
-1.88312
-1.88355
-1.88398
-1.88441
-1.88484
-1.88527
-1.8857
-1.88613
-1.88656
-1.88698
-1.88741
-1.88783
-1.88826
-1.88868
-1.88911
-1.88953
-1.88995
-1.89038
-1.8908
-1.89122
-1.89164
-1.89206
-1.89248
-1.8929
-1.89332
-1.89373
-1.89415
-1.89457
-1.89498
-1.8954
-1.89581
-1.89623
-1.89664
-1.89705
-1.89747
-1.89788
-1.89829
-1.8987
-1.89911
-1.89952
-1.89993
-1.90034
-1.90074
-1.90115
-1.90156
-1.90196
-1.90237
-1.90277
-1.90318
-1.90358
-1.90399
-1.90439
-1.90479
-1.90519
-1.90559
-1.90599
-1.90639
-1.90679
-1.90719
-1.90759
-1.90799
-1.90838
-1.90878
-1.90917
-1.90957
-1.90996
-1.91036
-1.91075
-1.91114
-1.91154
-1.91193
-1.91232
-1.91271
-1.9131
-1.91349
-1.91388
-1.91427
-1.91465
-1.91504
-1.91543
-1.91581
-1.9162
-1.91658
-1.91697
-1.91735
-1.91773
-1.91812
-1.9185
-1.91888
-1.91926
-1.91964
-1.92002
-1.9204
-1.92078
-1.92115
-1.92153
-1.92191
-1.92228
-1.92266
-1.92303
-1.92341
-1.92378
-1.92416
-1.92453
-1.9249
-1.92527
-1.92564
-1.92601
-1.92638
-1.92675
-1.92712
-1.92749
-1.92786
-1.92822
-1.92859
-1.92896
-1.92932
-1.92969
-1.93005
-1.93041
-1.93078
-1.93114
-1.9315
-1.93186
-1.93222
-1.93258
-1.93294
-1.9333
-1.93366
-1.93402
-1.93438
-1.93473
-1.93509
-1.93544
-1.9358
-1.93615
-1.93651
-1.93686
-1.93721
-1.93757
-1.93792
-1.93827
-1.93862
-1.93897
-1.93932
-1.93967
-1.94002
-1.94036
-1.94071
-1.94106
-1.9414
-1.94175
-1.94209
-1.94244
-1.94278
-1.94313
-1.94347
-1.94381
-1.94415
-1.94449
-1.94483
-1.94517
-1.94551
-1.94585
-1.94619
-1.94653
-1.94686
-1.9472
-1.94754
-1.94787
-1.94821
-1.94854
-1.94887
-1.94921
-1.94954
-1.94987
-1.9502
-1.95053
-1.95086
-1.95119
-1.95152
-1.95185
-1.95218
-1.95251
-1.95283
-1.95316
-1.95349
-1.95381
-1.95414
-1.95446
-1.95478
-1.95511
-1.95543
-1.95575
-1.95607
-1.95639
-1.95671
-1.95703
-1.95735
-1.95767
-1.95799
-1.9583
-1.95862
-1.95894
-1.95925
-1.95957
-1.95988
-1.9602
-1.96051
-1.96082
-1.96114
-1.96145
-1.96176
-1.96207
-1.96238
-1.96269
-1.963
-1.96331
-1.96361
-1.96392
-1.96423
-1.96453
-1.96484
-1.96515
-1.96545
-1.96575
-1.96606
-1.96636
-1.96666
-1.96696
-1.96727
-1.96757
-1.96787
-1.96817
-1.96846
-1.96876
-1.96906
-1.96936
-1.96965
-1.96995
-1.97025
-1.97054
-1.97084
-1.97113
-1.97142
-1.97172
-1.97201
-1.9723
-1.97259
-1.97288
-1.97317
-1.97346
-1.97375
-1.97404
-1.97433
-1.97461
-1.9749
-1.97519
-1.97547
-1.97576
-1.97604
-1.97633
-1.97661
-1.97689
-1.97718
-1.97746
-1.97774
-1.97802
-1.9783
-1.97858
-1.97886
-1.97914
-1.97941
-1.97969
-1.97997
-1.98025
-1.98052
-1.9808
-1.98107
-1.98134
-1.98162
-1.98189
-1.98216
-1.98244
-1.98271
-1.98298
-1.98325
-1.98352
-1.98379
-1.98406
-1.98432
-1.98459
-1.98486
-1.98512
-1.98539
-1.98566
-1.98592
-1.98618
-1.98645
-1.98671
-1.98697
-1.98724
-1.9875
-1.98776
-1.98802
-1.98828
-1.98854
-1.9888
-1.98905
-1.98931
-1.98957
-1.98982
-1.99008
-1.99034
-1.99059
-1.99085
-1.9911
-1.99135
-1.9916
-1.99186
-1.99211
-1.99236
-1.99261
-1.99286
-1.99311
-1.99336
-1.99361
-1.99385
-1.9941
-1.99435
-1.99459
-1.99484
-1.99508
-1.99533
-1.99557
-1.99582
-1.99606
-1.9963
-1.99654
-1.99678
-1.99702
-1.99726
-1.9975
-1.99774
-1.99798
-1.99822
-1.99846
-1.99869
-1.99893
-1.99917
-1.9994
-1.99964
-1.99987
-2.0001
-2.00034
-2.00057
-2.0008
-2.00103
-2.00126
-2.00149
-2.00172
-2.00195
-2.00218
-2.00241
-2.00264
-2.00286
-2.00309
-2.00332
-2.00354
-2.00377
-2.00399
-2.00421
-2.00444
-2.00466
-2.00488
-2.0051
-2.00532
-2.00554
-2.00576
-2.00598
-2.0062
-2.00642
-2.00664
-2.00686
-2.00707
-2.00729
-2.0075
-2.00772
-2.00793
-2.00815
-2.00836
-2.00857
-2.00879
-2.009
-2.00921
-2.00942
-2.00963
-2.00984
-2.01005
-2.01026
-2.01047
-2.01067
-2.01088
-2.01109
-2.01129
-2.0115
-2.0117
-2.01191
-2.01211
-2.01231
-2.01252
-2.01272
-2.01292
-2.01312
-2.01332
-2.01352
-2.01372
-2.01392
-2.01412
-2.01431
-2.01451
-2.01471
-2.0149
-2.0151
-2.0153
-2.01549
-2.01568
-2.01588
-2.01607
-2.01626
-2.01645
-2.01665
-2.01684
-2.01703
-2.01722
-2.0174
-2.01759
-2.01778
-2.01797
-2.01816
-2.01834
-2.01853
-2.01871
-2.0189
-2.01908
-2.01927
-2.01945
-2.01963
-2.01981
-2.02
-2.02018
-2.02036
-2.02054
-2.02072
-2.0209
-2.02107
-2.02125
-2.02143
-2.02161
-2.02178
-2.02196
-2.02213
-2.02231
-2.02248
-2.02265
-2.02283
-2.023
-2.02317
-2.02334
-2.02351
-2.02368
-2.02385
-2.02402
-2.02419
-2.02436
-2.02453
-2.02469
-2.02486
-2.02503
-2.02519
-2.02536
-2.02552
-2.02568
-2.02585
-2.02601
-2.02617
-2.02633
-2.0265
-2.02666
-2.02682
-2.02698
-2.02713
-2.02729
-2.02745
-2.02761
-2.02777
-2.02792
-2.02808
-2.02823
-2.02839
-2.02854
-2.0287
-2.02885
-2.029
-2.02915
-2.0293
-2.02946
-2.02961
-2.02976
-2.02991
-2.03005
-2.0302
-2.03035
-2.0305
-2.03064
-2.03079
-2.03094
-2.03108
-2.03123
-2.03137
-2.03151
-2.03166
-2.0318
-2.03194
-2.03208
-2.03222
-2.03236
-2.0325
-2.03264
-2.03278
-2.03292
-2.03306
-2.03319
-2.03333
-2.03346
-2.0336
-2.03374
-2.03387
-2.034
-2.03414
-2.03427
-2.0344
-2.03453
-2.03466
-2.0348
-2.03493
-2.03506
-2.03518
-2.03531
-2.03544
-2.03557
-2.0357
-2.03582
-2.03595
-2.03607
-2.0362
-2.03632
-2.03645
-2.03657
-2.03669
-2.03681
-2.03693
-2.03706
-2.03718
-2.0373
-2.03742
-2.03753
-2.03765
-2.03777
-2.03789
-2.03801
-2.03812
-2.03824
-2.03835
-2.03847
-2.03858
-2.03869
-2.03881
-2.03892
-2.03903
-2.03914
-2.03925
-2.03937
-2.03948
-2.03958
-2.03969
-2.0398
-2.03991
-2.04002
-2.04012
-2.04023
-2.04033
-2.04044
-2.04054
-2.04065
-2.04075
-2.04085
-2.04096
-2.04106
-2.04116
-2.04126
-2.04136
-2.04146
-2.04156
-2.04166
-2.04176
-2.04186
-2.04195
-2.04205
-2.04215
-2.04224
-2.04234
-2.04243
-2.04252
-2.04262
-2.04271
-2.0428
-2.04289
-2.04299
-2.04308
-2.04317
-2.04326
-2.04335
-2.04343
-2.04352
-2.04361
-2.0437
-2.04378
-2.04387
-2.04395
-2.04404
-2.04412
-2.04421
-2.04429
-2.04437
-2.04446
-2.04454
-2.04462
-2.0447
-2.04478
-2.04486
-2.04494
-2.04502
-2.0451
-2.04517
-2.04525
-2.04533
-2.0454
-2.04548
-2.04555
-2.04563
-2.0457
-2.04577
-2.04585
-2.04592
-2.04599
-2.04606
-2.04613
-2.0462
-2.04627
-2.04634
-2.04641
-2.04648
-2.04654
-2.04661
-2.04668
-2.04674
-2.04681
-2.04687
-2.04694
-2.047
-2.04706
-2.04713
-2.04719
-2.04725
-2.04731
-2.04737
-2.04743
-2.04749
-2.04755
-2.04761
-2.04767
-2.04772
-2.04778
-2.04784
-2.04789
-2.04795
-2.048
-2.04806
-2.04811
-2.04816
-2.04822
-2.04827
-2.04832
-2.04837
-2.04842
-2.04847
-2.04852
-2.04857
-2.04862
-2.04867
-2.04871
-2.04876
-2.04881
-2.04885
-2.0489
-2.04894
-2.04899
-2.04903
-2.04907
-2.04912
-2.04916
-2.0492
-2.04924
-2.04928
-2.04932
-2.04936
-2.0494
-2.04944
-2.04947
-2.04951
-2.04955
-2.04958
-2.04962
-2.04966
-2.04969
-2.04972
-2.04976
-2.04979
-2.04982
-2.04986
-2.04989
-2.04992
-2.04995
-2.04998
-2.05001
-2.05004
-2.05006
-2.05009
-2.05012
-2.05015
-2.05017
-2.0502
-2.05022
-2.05025
-2.05027
-2.05029
-2.05032
-2.05034
-2.05036
-2.05038
-2.0504
-2.05042
-2.05044
-2.05046
-2.05048
-2.0505
-2.05052
-2.05054
-2.05055
-2.05057
-2.05058
-2.0506
-2.05061
-2.05063
-2.05064
-2.05065
-2.05067
-2.05068
-2.05069
-2.0507
-2.05071
-2.05072
-2.05073
-2.05074
-2.05075
-2.05075
-2.05076
-2.05077
-2.05077
-2.05078
-2.05078
-2.05079
-2.05079
-2.0508
-2.0508
-2.0508
-2.0508
-2.05081
-2.05081
-2.05081
-2.05081
-2.05081
-2.0508
-2.0508
-2.0508
-2.0508
-2.05079
-2.05079
-2.05078
-2.05078
-2.05077
-2.05077
-2.05076
-2.05075
-2.05075
-2.05074
-2.05073
-2.05072
-2.05071
-2.0507
-2.05069
-2.05068
-2.05067
-2.05065
-2.05064
-2.05063
-2.05061
-2.0506
-2.05058
-2.05057
-2.05055
-2.05054
-2.05052
-2.0505
-2.05048
-2.05046
-2.05044
-2.05042
-2.0504
-2.05038
-2.05036
-2.05034
-2.05032
-2.05029
-2.05027
-2.05025
-2.05022
-2.0502
-2.05017
-2.05015
-2.05012
-2.05009
-2.05006
-2.05004
-2.05001
-2.04998
-2.04995
-2.04992
-2.04989
-2.04986
-2.04982
-2.04979
-2.04976
-2.04972
-2.04969
-2.04966
-2.04962
-2.04958
-2.04955
-2.04951
-2.04947
-2.04944
-2.0494
-2.04936
-2.04932
-2.04928
-2.04924
-2.0492
-2.04916
-2.04912
-2.04907
-2.04903
-2.04899
-2.04894
-2.0489
-2.04885
-2.04881
-2.04876
-2.04871
-2.04867
-2.04862
-2.04857
-2.04852
-2.04847
-2.04842
-2.04837
-2.04832
-2.04827
-2.04822
-2.04816
-2.04811
-2.04806
-2.048
-2.04795
-2.04789
-2.04784
-2.04778
-2.04772
-2.04767
-2.04761
-2.04755
-2.04749
-2.04743
-2.04737
-2.04731
-2.04725
-2.04719
-2.04713
-2.04706
-2.047
-2.04694
-2.04687
-2.04681
-2.04674
-2.04668
-2.04661
-2.04654
-2.04648
-2.04641
-2.04634
-2.04627
-2.0462
-2.04613
-2.04606
-2.04599
-2.04592
-2.04585
-2.04577
-2.0457
-2.04563
-2.04555
-2.04548
-2.0454
-2.04533
-2.04525
-2.04517
-2.0451
-2.04502
-2.04494
-2.04486
-2.04478
-2.0447
-2.04462
-2.04454
-2.04446
-2.04437
-2.04429
-2.04421
-2.04412
-2.04404
-2.04395
-2.04387
-2.04378
-2.0437
-2.04361
-2.04352
-2.04343
-2.04335
-2.04326
-2.04317
-2.04308
-2.04299
-2.04289
-2.0428
-2.04271
-2.04262
-2.04252
-2.04243
-2.04234
-2.04224
-2.04215
-2.04205
-2.04195
-2.04186
-2.04176
-2.04166
-2.04156
-2.04146
-2.04136
-2.04126
-2.04116
-2.04106
-2.04096
-2.04085
-2.04075
-2.04065
-2.04054
-2.04044
-2.04033
-2.04023
-2.04012
-2.04002
-2.03991
-2.0398
-2.03969
-2.03958
-2.03948
-2.03937
-2.03925
-2.03914
-2.03903
-2.03892
-2.03881
-2.03869
-2.03858
-2.03847
-2.03835
-2.03824
-2.03812
-2.03801
-2.03789
-2.03777
-2.03765
-2.03753
-2.03742
-2.0373
-2.03718
-2.03706
-2.03693
-2.03681
-2.03669
-2.03657
-2.03645
-2.03632
-2.0362
-2.03607
-2.03595
-2.03582
-2.0357
-2.03557
-2.03544
-2.03531
-2.03518
-2.03506
-2.03493
-2.0348
-2.03466
-2.03453
-2.0344
-2.03427
-2.03414
-2.034
-2.03387
-2.03374
-2.0336
-2.03346
-2.03333
-2.03319
-2.03306
-2.03292
-2.03278
-2.03264
-2.0325
-2.03236
-2.03222
-2.03208
-2.03194
-2.0318
-2.03166
-2.03151
-2.03137
-2.03123
-2.03108
-2.03094
-2.03079
-2.03064
-2.0305
-2.03035
-2.0302
-2.03005
-2.02991
-2.02976
-2.02961
-2.02946
-2.0293
-2.02915
-2.029
-2.02885
-2.0287
-2.02854
-2.02839
-2.02823
-2.02808
-2.02792
-2.02777
-2.02761
-2.02745
-2.02729
-2.02713
-2.02698
-2.02682
-2.02666
-2.0265
-2.02633
-2.02617
-2.02601
-2.02585
-2.02568
-2.02552
-2.02536
-2.02519
-2.02503
-2.02486
-2.02469
-2.02453
-2.02436
-2.02419
-2.02402
-2.02385
-2.02368
-2.02351
-2.02334
-2.02317
-2.023
-2.02283
-2.02265
-2.02248
-2.02231
-2.02213
-2.02196
-2.02178
-2.02161
-2.02143
-2.02125
-2.02107
-2.0209
-2.02072
-2.02054
-2.02036
-2.02018
-2.02
-2.01981
-2.01963
-2.01945
-2.01927
-2.01908
-2.0189
-2.01871
-2.01853
-2.01834
-2.01816
-2.01797
-2.01778
-2.01759
-2.0174
-2.01722
-2.01703
-2.01684
-2.01665
-2.01645
-2.01626
-2.01607
-2.01588
-2.01568
-2.01549
-2.0153
-2.0151
-2.0149
-2.01471
-2.01451
-2.01431
-2.01412
-2.01392
-2.01372
-2.01352
-2.01332
-2.01312
-2.01292
-2.01272
-2.01252
-2.01231
-2.01211
-2.01191
-2.0117
-2.0115
-2.01129
-2.01109
-2.01088
-2.01067
-2.01047
-2.01026
-2.01005
-2.00984
-2.00963
-2.00942
-2.00921
-2.009
-2.00879
-2.00857
-2.00836
-2.00815
-2.00793
-2.00772
-2.0075
-2.00729
-2.00707
-2.00686
-2.00664
-2.00642
-2.0062
-2.00598
-2.00576
-2.00554
-2.00532
-2.0051
-2.00488
-2.00466
-2.00444
-2.00421
-2.00399
-2.00377
-2.00354
-2.00332
-2.00309
-2.00286
-2.00264
-2.00241
-2.00218
-2.00195
-2.00172
-2.00149
-2.00126
-2.00103
-2.0008
-2.00057
-2.00034
-2.0001
-1.99987
-1.99964
-1.9994
-1.99917
-1.99893
-1.99869
-1.99846
-1.99822
-1.99798
-1.99774
-1.9975
-1.99726
-1.99702
-1.99678
-1.99654
-1.9963
-1.99606
-1.99582
-1.99557
-1.99533
-1.99508
-1.99484
-1.99459
-1.99435
-1.9941
-1.99385
-1.99361
-1.99336
-1.99311
-1.99286
-1.99261
-1.99236
-1.99211
-1.99186
-1.9916
-1.99135
-1.9911
-1.99085
-1.99059
-1.99034
-1.99008
-1.98982
-1.98957
-1.98931
-1.98905
-1.9888
-1.98854
-1.98828
-1.98802
-1.98776
-1.9875
-1.98724
-1.98697
-1.98671
-1.98645
-1.98618
-1.98592
-1.98566
-1.98539
-1.98512
-1.98486
-1.98459
-1.98432
-1.98406
-1.98379
-1.98352
-1.98325
-1.98298
-1.98271
-1.98244
-1.98216
-1.98189
-1.98162
-1.98134
-1.98107
-1.9808
-1.98052
-1.98025
-1.97997
-1.97969
-1.97941
-1.97914
-1.97886
-1.97858
-1.9783
-1.97802
-1.97774
-1.97746
-1.97718
-1.97689
-1.97661
-1.97633
-1.97604
-1.97576
-1.97547
-1.97519
-1.9749
-1.97461
-1.97433
-1.97404
-1.97375
-1.97346
-1.97317
-1.97288
-1.97259
-1.9723
-1.97201
-1.97172
-1.97142
-1.97113
-1.97084
-1.97054
-1.97025
-1.96995
-1.96965
-1.96936
-1.96906
-1.96876
-1.96846
-1.96817
-1.96787
-1.96757
-1.96727
-1.96696
-1.96666
-1.96636
-1.96606
-1.96575
-1.96545
-1.96515
-1.96484
-1.96453
-1.96423
-1.96392
-1.96361
-1.96331
-1.963
-1.96269
-1.96238
-1.96207
-1.96176
-1.96145
-1.96114
-1.96082
-1.96051
-1.9602
-1.95988
-1.95957
-1.95925
-1.95894
-1.95862
-1.9583
-1.95799
-1.95767
-1.95735
-1.95703
-1.95671
-1.95639
-1.95607
-1.95575
-1.95543
-1.95511
-1.95478
-1.95446
-1.95414
-1.95381
-1.95349
-1.95316
-1.95283
-1.95251
-1.95218
-1.95185
-1.95152
-1.95119
-1.95086
-1.95053
-1.9502
-1.94987
-1.94954
-1.94921
-1.94887
-1.94854
-1.94821
-1.94787
-1.94754
-1.9472
-1.94686
-1.94653
-1.94619
-1.94585
-1.94551
-1.94517
-1.94483
-1.94449
-1.94415
-1.94381
-1.94347
-1.94313
-1.94278
-1.94244
-1.94209
-1.94175
-1.9414
-1.94106
-1.94071
-1.94036
-1.94002
-1.93967
-1.93932
-1.93897
-1.93862
-1.93827
-1.93792
-1.93757
-1.93721
-1.93686
-1.93651
-1.93615
-1.9358
-1.93544
-1.93509
-1.93473
-1.93438
-1.93402
-1.93366
-1.9333
-1.93294
-1.93258
-1.93222
-1.93186
-1.9315
-1.93114
-1.93078
-1.93041
-1.93005
-1.92969
-1.92932
-1.92896
-1.92859
-1.92822
-1.92786
-1.92749
-1.92712
-1.92675
-1.92638
-1.92601
-1.92564
-1.92527
-1.9249
-1.92453
-1.92416
-1.92378
-1.92341
-1.92303
-1.92266
-1.92228
-1.92191
-1.92153
-1.92115
-1.92078
-1.9204
-1.92002
-1.91964
-1.91926
-1.91888
-1.9185
-1.91812
-1.91773
-1.91735
-1.91697
-1.91658
-1.9162
-1.91581
-1.91543
-1.91504
-1.91465
-1.91427
-1.91388
-1.91349
-1.9131
-1.91271
-1.91232
-1.91193
-1.91154
-1.91114
-1.91075
-1.91036
-1.90996
-1.90957
-1.90917
-1.90878
-1.90838
-1.90799
-1.90759
-1.90719
-1.90679
-1.90639
-1.90599
-1.90559
-1.90519
-1.90479
-1.90439
-1.90399
-1.90358
-1.90318
-1.90277
-1.90237
-1.90196
-1.90156
-1.90115
-1.90074
-1.90034
-1.89993
-1.89952
-1.89911
-1.8987
-1.89829
-1.89788
-1.89747
-1.89705
-1.89664
-1.89623
-1.89581
-1.8954
-1.89498
-1.89457
-1.89415
-1.89373
-1.89332
-1.8929
-1.89248
-1.89206
-1.89164
-1.89122
-1.8908
-1.89038
-1.88995
-1.88953
-1.88911
-1.88868
-1.88826
-1.88783
-1.88741
-1.88698
-1.88656
-1.88613
-1.8857
-1.88527
-1.88484
-1.88441
-1.88398
-1.88355
-1.88312
-1.88269
-1.88225
-1.88182
-1.88139
-1.88095
-1.88052
-1.88008
-1.87964
-1.87921
-1.87877
-1.87833
-1.87789
-1.87745
-1.87701
-1.87657
-1.87613
-1.87569
-1.87525
-1.87481
-1.87436
-1.87392
-1.87347
-1.87303
-1.87258
-1.87214
-1.87169
-1.87124
-1.8708
-1.87035
-1.8699
-1.86945
-1.869
-1.86855
-1.86809
-1.86764
-1.86719
-1.86674
-1.86628
-1.86583
-1.86537
-1.86492
-1.86446
-1.864
-1.86355
-1.86309
-1.86263
-1.86217
-1.86171
-1.86125
-1.86079
-1.86033
-1.85986
-1.8594
-1.85894
-1.85847
-1.85801
-1.85754
-1.85708
-1.85661
-1.85614
-1.85568
-1.85521
-1.85474
-1.85427
-1.8538
-1.85333
-1.85286
-1.85239
-1.85191
-1.85144
-1.85097
-1.85049
-1.85002
-1.84954
-1.84907
-1.84859
-1.84811
-1.84764
-1.84716
-1.84668
-1.8462
-1.84572
-1.84524
-1.84476
-1.84428
-1.84379
-1.84331
-1.84283
-1.84234
-1.84186
-1.84137
-1.84089
-1.8404
-1.83991
-1.83942
-1.83893
-1.83845
-1.83796
-1.83747
-1.83697
-1.83648
-1.83599
-1.8355
-1.835
-1.83451
-1.83402
-1.83352
-1.83303
-1.83253
-1.83203
-1.83153
-1.83104
-1.83054
-1.83004
-1.82954
-1.82904
-1.82854
-1.82803
-1.82753
-1.82703
-1.82653
-1.82602
-1.82552
-1.82501
-1.8245
-1.824
-1.82349
-1.82298
-1.82247
-1.82197
-1.82146
-1.82095
-1.82043
-1.81992
-1.81941
-1.8189
-1.81838
-1.81787
-1.81736
-1.81684
-1.81633
-1.81581
-1.81529
-1.81477
-1.81426
-1.81374
-1.81322
-1.8127
-1.81218
-1.81166
-1.81113
-1.81061
-1.81009
-1.80956
-1.80904
-1.80852
-1.80799
-1.80746
-1.80694
-1.80641
-1.80588
-1.80535
-1.80482
-1.80429
-1.80376
-1.80323
-1.8027
-1.80217
-1.80164
-1.8011
-1.80057
-1.80003
-1.7995
-1.79896
-1.79842
-1.79789
-1.79735
-1.79681
-1.79627
-1.79573
-1.79519
-1.79465
-1.79411
-1.79357
-1.79302
-1.79248
-1.79194
-1.79139
-1.79085
-1.7903
-1.78975
-1.78921
-1.78866
-1.78811
-1.78756
-1.78701
-1.78646
-1.78591
-1.78536
-1.78481
-1.78426
-1.7837
-1.78315
-1.78259
-1.78204
-1.78148
-1.78093
-1.78037
-1.77981
-1.77925
-1.77869
-1.77813
-1.77757
-1.77701
-1.77645
-1.77589
-1.77533
-1.77476
-1.7742
-1.77364
-1.77307
-1.7725
-1.77194
-1.77137
-1.7708
-1.77024
-1.76967
-1.7691
-1.76853
-1.76796
-1.76738
-1.76681
-1.76624
-1.76567
-1.76509
-1.76452
-1.76394
-1.76337
-1.76279
-1.76221
-1.76163
-1.76106
-1.76048
-1.7599
-1.75932
-1.75874
-1.75816
-1.75757
-1.75699
-1.75641
-1.75582
-1.75524
-1.75465
-1.75407
-1.75348
-1.75289
-1.7523
-1.75172
-1.75113
-1.75054
-1.74995
-1.74936
-1.74876
-1.74817
-1.74758
-1.74699
-1.74639
-1.7458
-1.7452
-1.7446
-1.74401
-1.74341
-1.74281
-1.74221
-1.74161
-1.74101
-1.74041
-1.73981
-1.73921
-1.73861
-1.73801
-1.7374
-1.7368
-1.73619
-1.73559
-1.73498
-1.73437
-1.73377
-1.73316
-1.73255
-1.73194
-1.73133
-1.73072
-1.73011
-1.72949
-1.72888
-1.72827
-1.72765
-1.72704
-1.72642
-1.72581
-1.72519
-1.72457
-1.72396
-1.72334
-1.72272
-1.7221
-1.72148
-1.72086
-1.72024
-1.71961
-1.71899
-1.71837
-1.71774
-1.71712
-1.71649
-1.71586
-1.71524
-1.71461
-1.71398
-1.71335
-1.71272
-1.71209
-1.71146
-1.71083
-1.7102
-1.70957
-1.70893
-1.7083
-1.70766
-1.70703
-1.70639
-1.70575
-1.70512
-1.70448
-1.70384
-1.7032
-1.70256
-1.70192
-1.70128
-1.70064
-1.69999
-1.69935
-1.69871
-1.69806
-1.69742
-1.69677
-1.69613
-1.69548
-1.69483
-1.69418
-1.69353
-1.69288
-1.69223
-1.69158
-1.69093
-1.69028
-1.68962
-1.68897
-1.68832
-1.68766
-1.687
-1.68635
-1.68569
-1.68503
-1.68438
-1.68372
-1.68306
-1.6824
-1.68174
-1.68107
-1.68041
-1.67975
-1.67908
-1.67842
-1.67775
-1.67709
-1.67642
-1.67576
-1.67509
-1.67442
-1.67375
-1.67308
-1.67241
-1.67174
-1.67107
-1.6704
-1.66972
-1.66905
-1.66837
-1.6677
-1.66702
-1.66635
-1.66567
-1.66499
-1.66431
-1.66364
-1.66296
-1.66228
-1.66159
-1.66091
-1.66023
-1.65955
-1.65886
-1.65818
-1.65749
-1.65681
-1.65612
-1.65544
-1.65475
-1.65406
-1.65337
-1.65268
-1.65199
-1.6513
-1.65061
-1.64991
-1.64922
-1.64853
-1.64783
-1.64714
-1.64644
-1.64575
-1.64505
-1.64435
-1.64365
-1.64295
-1.64225
-1.64155
-1.64085
-1.64015
-1.63945
-1.63874
-1.63804
-1.63733
-1.63663
-1.63592
-1.63522
-1.63451
-1.6338
-1.63309
-1.63238
-1.63167
-1.63096
-1.63025
-1.62954
-1.62883
-1.62811
-1.6274
-1.62668
-1.62597
-1.62525
-1.62453
-1.62382
-1.6231
-1.62238
-1.62166
-1.62094
-1.62022
-1.6195
-1.61877
-1.61805
-1.61733
-1.6166
-1.61588
-1.61515
-1.61442
-1.6137
-1.61297
-1.61224
-1.61151
-1.61078
-1.61005
-1.60932
-1.60859
-1.60785
-1.60712
-1.60639
-1.60565
-1.60492
-1.60418
-1.60344
-1.6027
-1.60197
-1.60123
-1.60049
-1.59975
-1.59901
-1.59826
-1.59752
-1.59678
-1.59603
-1.59529
-1.59454
-1.5938
-1.59305
-1.5923
-1.59156
-1.59081
-1.59006
-1.58931
-1.58856
-1.58781
-1.58705
-1.5863
-1.58555
-1.58479
-1.58404
-1.58328
-1.58252
-1.58177
-1.58101
-1.58025
-1.57949
-1.57873
-1.57797
-1.57721
-1.57645
-1.57568
-1.57492
-1.57416
-1.57339
-1.57263
-1.57186
-1.57109
-1.57032
-1.56956
-1.56879
-1.56802
-1.56725
-1.56647
-1.5657
-1.56493
-1.56416
-1.56338
-1.56261
-1.56183
-1.56105
-1.56028
-1.5595
-1.55872
-1.55794
-1.55716
-1.55638
-1.5556
-1.55482
-1.55403
-1.55325
-1.55247
-1.55168
-1.5509
-1.55011
-1.54932
-1.54853
-1.54775
-1.54696
-1.54617
-1.54538
-1.54458
-1.54379
-1.543
-1.54221
-1.54141
-1.54062
-1.53982
-1.53902
-1.53823
-1.53743
-1.53663
-1.53583
-1.53503
-1.53423
-1.53343
-1.53263
-1.53182
-1.53102
-1.53022
-1.52941
-1.5286
-1.5278
-1.52699
-1.52618
-1.52537
-1.52456
-1.52375
-1.52294
-1.52213
-1.52132
-1.52051
-1.51969
-1.51888
-1.51806
-1.51725
-1.51643
-1.51561
-1.51479
-1.51397
-1.51315
-1.51233
-1.51151
-1.51069
-1.50987
-1.50904
-1.50822
-1.50739
-1.50657
-1.50574
-1.50492
-1.50409
-1.50326
-1.50243
-1.5016
-1.50077
-1.49994
-1.4991
-1.49827
-1.49744
-1.4966
-1.49577
-1.49493
-1.49409
-1.49326
-1.49242
-1.49158
-1.49074
-1.4899
-1.48906
-1.48822
-1.48737
-1.48653
-1.48569
-1.48484
-1.484
-1.48315
-1.4823
-1.48145
-1.48061
-1.47976
-1.47891
-1.47805
-1.4772
-1.47635
-1.4755
-1.47464
-1.47379
-1.47293
-1.47208
-1.47122
-1.47036
-1.4695
-1.46864
-1.46778
-1.46692
-1.46606
-1.4652
-1.46434
-1.46347
-1.46261
-1.46174
-1.46088
-1.46001
-1.45914
-1.45827
-1.45741
-1.45654
-1.45566
-1.45479
-1.45392
-1.45305
-1.45217
-1.4513
-1.45042
-1.44955
-1.44867
-1.44779
-1.44692
-1.44604
-1.44516
-1.44428
-1.4434
-1.44251
-1.44163
-1.44075
-1.43986
-1.43898
-1.43809
-1.43721
-1.43632
-1.43543
-1.43454
-1.43365
-1.43276
-1.43187
-1.43098
-1.43008
-1.42919
-1.4283
-1.4274
-1.4265
-1.42561
-1.42471
-1.42381
-1.42291
-1.42201
-1.42111
-1.42021
-1.41931
-1.41841
-1.4175
-1.4166
-1.41569
-1.41479
-1.41388
-1.41297
-1.41206
-1.41115
-1.41024
-1.40933
-1.40842
-1.40751
-1.4066
-1.40568
-1.40477
-1.40385
-1.40294
-1.40202
-1.4011
-1.40018
-1.39926
-1.39834
-1.39742
-1.3965
-1.39558
-1.39465
-1.39373
-1.39281
-1.39188
-1.39095
-1.39003
-1.3891
-1.38817
-1.38724
-1.38631
-1.38538
-1.38445
-1.38351
-1.38258
-1.38164
-1.38071
-1.37977
-1.37884
-1.3779
-1.37696
-1.37602
-1.37508
-1.37414
-1.3732
-1.37226
-1.37131
-1.37037
-1.36942
-1.36848
-1.36753
-1.36659
-1.36564
-1.36469
-1.36374
-1.36279
-1.36184
-1.36088
-1.35993
-1.35898
-1.35802
-1.35707
-1.35611
-1.35516
-1.3542
-1.35324
-1.35228
-1.35132
-1.35036
-1.3494
-1.34843
-1.34747
-1.34651
-1.34554
-1.34458
-1.34361
-1.34264
-1.34167
-1.3407
-1.33973
-1.33876
-1.33779
-1.33682
-1.33585
-1.33487
-1.3339
-1.33292
-1.33194
-1.33097
-1.32999
-1.32901
-1.32803
-1.32705
-1.32607
-1.32509
-1.3241
-1.32312
-1.32213
-1.32115
-1.32016
-1.31918
-1.31819
-1.3172
-1.31621
-1.31522
-1.31423
-1.31323
-1.31224
-1.31125
-1.31025
-1.30926
-1.30826
-1.30726
-1.30627
-1.30527
-1.30427
-1.30327
-1.30227
-1.30126
-1.30026
-1.29926
-1.29825
-1.29725
-1.29624
-1.29523
-1.29422
-1.29322
-1.29221
-1.29119
-1.29018
-1.28917
-1.28816
-1.28714
-1.28613
-1.28511
-1.2841
-1.28308
-1.28206
-1.28104
-1.28002
-1.279
-1.27798
-1.27696
-1.27593
-1.27491
-1.27389
-1.27286
-1.27183
-1.2708
-1.26978
-1.26875
-1.26772
-1.26669
-1.26565
-1.26462
-1.26359
-1.26255
-1.26152
-1.26048
-1.25945
-1.25841
-1.25737
-1.25633
-1.25529
-1.25425
-1.25321
-1.25216
-1.25112
-1.25007
-1.24903
-1.24798
-1.24693
-1.24589
-1.24484
-1.24379
-1.24274
-1.24168
-1.24063
-1.23958
-1.23852
-1.23747
-1.23641
-1.23536
-1.2343
-1.23324
-1.23218
-1.23112
-1.23006
-1.229
-1.22793
-1.22687
-1.22581
-1.22474
-1.22367
-1.22261
-1.22154
-1.22047
-1.2194
-1.21833
-1.21726
-1.21618
-1.21511
-1.21403
-1.21296
-1.21188
-1.21081
-1.20973
-1.20865
-1.20757
-1.20649
-1.20541
-1.20432
-1.20324
-1.20216
-1.20107
-1.19999
-1.1989
-1.19781
-1.19672
-1.19563
-1.19454
-1.19345
-1.19236
-1.19127
-1.19017
-1.18908
-1.18798
-1.18688
-1.18579
-1.18469
-1.18359
-1.18249
-1.18139
-1.18029
-1.17918
-1.17808
-1.17697
-1.17587
-1.17476
-1.17365
-1.17255
-1.17144
-1.17033
-1.16921
-1.1681
-1.16699
-1.16588
-1.16476
-1.16365
-1.16253
-1.16141
-1.16029
-1.15917
-1.15805
-1.15693
-1.15581
-1.15469
-1.15356
-1.15244
-1.15131
-1.15018
-1.14906
-1.14793
-1.1468
-1.14567
-1.14454
-1.14341
-1.14227
-1.14114
-1.14
-1.13887
-1.13773
-1.13659
-1.13545
-1.13431
-1.13317
-1.13203
-1.13089
-1.12975
-1.1286
-1.12746
-1.12631
-1.12516
-1.12402
-1.12287
-1.12172
-1.12057
-1.11941
-1.11826
-1.11711
-1.11595
-1.1148
-1.11364
-1.11248
-1.11133
-1.11017
-1.10901
-1.10784
-1.10668
-1.10552
-1.10436
-1.10319
-1.10202
-1.10086
-1.09969
-1.09852
-1.09735
-1.09618
-1.09501
-1.09384
-1.09266
-1.09149
-1.09031
-1.08914
-1.08796
-1.08678
-1.0856
-1.08442
-1.08324
-1.08206
-1.08088
-1.07969
-1.07851
-1.07732
-1.07613
-1.07495
-1.07376
-1.07257
-1.07138
-1.07018
-1.06899
-1.0678
-1.0666
-1.06541
-1.06421
-1.06301
-1.06182
-1.06062
-1.05942
-1.05821
-1.05701
-1.05581
-1.0546
-1.0534
-1.05219
-1.05098
-1.04978
-1.04857
-1.04736
-1.04615
-1.04493
-1.04372
-1.04251
-1.04129
-1.04007
-1.03886
-1.03764
-1.03642
-1.0352
-1.03398
-1.03276
-1.03153
-1.03031
-1.02909
-1.02786
-1.02663
-1.0254
-1.02418
-1.02295
-1.02171
-1.02048
-1.01925
-1.01802
-1.01678
-1.01554
-1.01431
-1.01307
-1.01183
-1.01059
-1.00935
-1.00811
-1.00686
-1.00562
-1.00438
-1.00313
-1.00188
-1.00064
-0.999386
-0.998136
-0.996885
-0.995633
-0.99438
-0.993126
-0.991871
-0.990615
-0.989357
-0.988099
-0.98684
-0.98558
-0.984319
-0.983057
-0.981793
-0.980529
-0.979264
-0.977998
-0.97673
-0.975462
-0.974193
-0.972922
-0.971651
-0.970378
-0.969105
-0.96783
-0.966555
-0.965278
-0.964001
-0.962722
-0.961442
-0.960162
-0.95888
-0.957597
-0.956313
-0.955028
-0.953743
-0.952456
-0.951168
-0.949879
-0.948589
-0.947298
-0.946005
-0.944712
-0.943418
-0.942123
-0.940826
-0.939529
-0.938231
-0.936931
-0.935631
-0.934329
-0.933027
-0.931723
-0.930418
-0.929112
-0.927806
-0.926498
-0.925189
-0.923879
-0.922568
-0.921256
-0.919942
-0.918628
-0.917313
-0.915997
-0.914679
-0.913361
-0.912041
-0.91072
-0.909399
-0.908076
-0.906752
-0.905427
-0.904101
-0.902774
-0.901446
-0.900117
-0.898787
-0.897455
-0.896123
-0.89479
-0.893455
-0.892119
-0.890783
-0.889445
-0.888106
-0.886766
-0.885425
-0.884083
-0.88274
-0.881395
-0.88005
-0.878703
-0.877356
-0.876007
-0.874657
-0.873307
-0.871955
-0.870602
-0.869248
-0.867892
-0.866536
-0.865179
-0.86382
-0.86246
-0.8611
-0.859738
-0.858375
-0.857011
-0.855646
-0.85428
-0.852912
-0.851544
-0.850174
-0.848804
-0.847432
-0.846059
-0.844685
-0.84331
-0.841934
-0.840557
-0.839178
-0.837799
-0.836418
-0.835036
-0.833653
-0.832269
-0.830884
-0.829498
-0.82811
-0.826722
-0.825332
-0.823942
-0.82255
-0.821157
-0.819763
-0.818367
-0.816971
-0.815573
-0.814175
-0.812775
-0.811374
-0.809972
-0.808569
-0.807164
-0.805759
-0.804352
-0.802944
-0.801536
-0.800126
-0.798714
-0.797302
-0.795889
-0.794474
-0.793058
-0.791641
-0.790223
-0.788804
-0.787384
-0.785962
-0.784539
-0.783116
-0.781691
-0.780264
-0.778837
-0.777409
-0.775979
-0.774548
-0.773116
-0.771683
-0.770249
-0.768813
-0.767377
-0.765939
-0.7645
-0.76306
-0.761619
-0.760176
-0.758733
-0.757288
-0.755842
-0.754395
-0.752947
-0.751497
-0.750046
-0.748595
-0.747141
-0.745687
-0.744232
-0.742775
-0.741318
-0.739859
-0.738398
-0.736937
-0.735475
-0.734011
-0.732546
-0.73108
-0.729613
-0.728144
-0.726674
-0.725204
-0.723732
-0.722258
-0.720784
-0.719308
-0.717831
-0.716353
-0.714874
-0.713393
-0.711912
-0.710429
-0.708945
-0.707459
-0.705973
-0.704485
-0.702996
-0.701506
-0.700015
-0.698522
-0.697028
-0.695533
-0.694037
-0.692539
-0.691041
-0.689541
-0.68804
-0.686537
-0.685034
-0.683529
-0.682023
-0.680515
-0.679007
-0.677497
-0.675986
-0.674474
-0.67296
-0.671446
-0.66993
-0.668412
-0.666894
-0.665374
-0.663853
-0.662331
-0.660808
-0.659283
-0.657757
-0.65623
-0.654702
-0.653172
-0.651641
-0.650109
-0.648576
-0.647041
-0.645505
-0.643968
-0.642429
-0.64089
-0.639349
-0.637806
-0.636263
-0.634718
-0.633172
-0.631625
-0.630076
-0.628526
-0.626975
-0.625423
-0.623869
-0.622314
-0.620758
-0.619201
-0.617642
-0.616082
-0.61452
-0.612958
-0.611394
-0.609829
-0.608262
-0.606694
-0.605125
-0.603555
-0.601983
-0.60041
-0.598836
-0.597261
-0.595684
-0.594106
-0.592526
-0.590946
-0.589363
-0.58778
-0.586195
-0.58461
-0.583022
-0.581434
-0.579844
-0.578253
-0.57666
-0.575066
-0.573471
-0.571875
-0.570277
-0.568678
-0.567078
-0.565476
-0.563873
-0.562268
-0.560663
-0.559056
-0.557447
-0.555838
-0.554227
-0.552614
-0.551001
-0.549385
-0.547769
-0.546151
-0.544532
-0.542912
-0.54129
-0.539667
-0.538043
-0.536417
-0.53479
-0.533162
-0.531532
-0.529901
-0.528268
-0.526634
-0.524999
-0.523362
-0.521724
-0.520085
-0.518444
-0.516802
-0.515159
-0.513514
-0.511868
-0.510221
-0.508572
-0.506922
-0.50527
-0.503617
-0.501963
-0.500307
-0.49865
-0.496991
-0.495332
-0.49367
-0.492008
-0.490344
-0.488678
-0.487011
-0.485343
-0.483674
-0.482003
-0.48033
-0.478657
-0.476981
-0.475305
-0.473627
-0.471948
-0.470267
-0.468585
-0.466901
-0.465216
-0.46353
-0.461842
-0.460153
-0.458462
-0.45677
-0.455077
-0.453382
-0.451686
-0.449988
-0.448289
-0.446588
-0.444886
-0.443183
-0.441478
-0.439772
-0.438064
-0.436355
-0.434644
-0.432932
-0.431219
-0.429504
-0.427788
-0.42607
-0.424351
-0.42263
-0.420908
-0.419184
-0.417459
-0.415733
-0.414005
-0.412276
-0.410545
-0.408813
-0.407079
-0.405344
-0.403607
-0.401869
-0.400129
-0.398388
-0.396646
-0.394902
-0.393156
-0.391409
-0.389661
-0.387911
-0.38616
-0.384407
-0.382653
-0.380897
-0.379139
-0.377381
-0.37562
-0.373859
-0.372095
-0.370331
-0.368564
-0.366797
-0.365027
-0.363257
-0.361484
-0.359711
-0.357936
-0.356159
-0.354381
-0.352601
-0.350819
-0.349037
-0.347252
-0.345467
-0.343679
-0.34189
-0.3401
-0.338308
-0.336515
-0.33472
-0.332923
-0.331125
-0.329326
-0.327525
-0.325722
-0.323918
-0.322112
-0.320305
-0.318496
-0.316686
-0.314874
-0.313061
-0.311246
-0.309429
-0.307611
-0.305791
-0.30397
-0.302147
-0.300323
-0.298497
-0.29667
-0.294841
-0.29301
-0.291178
-0.289345
-0.287509
-0.285672
-0.283834
-0.281994
-0.280153
-0.278309
-0.276465
-0.274618
-0.27277
-0.270921
-0.26907
-0.267217
-0.265363
-0.263507
-0.26165
-0.259791
-0.25793
-0.256068
-0.254204
-0.252338
-0.250471
-0.248602
-0.246732
-0.24486
-0.242987
-0.241112
-0.239235
-0.237356
-0.235476
-0.233595
-0.231711
-0.229826
-0.22794
-0.226052
-0.224162
-0.22227
-0.220377
-0.218483
-0.216586
-0.214688
-0.212789
-0.210887
-0.208984
-0.20708
-0.205173
-0.203266
-0.201356
-0.199445
-0.197532
-0.195617
-0.193701
-0.191783
-0.189863
-0.187942
-0.186019
-0.184095
-0.182168
-0.18024
-0.178311
-0.176379
-0.174446
-0.172512
-0.170575
-0.168637
-0.166697
-0.164756
-0.162813
-0.160868
-0.158921
-0.156973
-0.155023
-0.153071
-0.151118
-0.149163
-0.147206
-0.145247
-0.143287
-0.141325
-0.139361
-0.137396
-0.135428
-0.13346
-0.131489
-0.129516
-0.127542
-0.125566
-0.123589
-0.121609
-0.119628
-0.117646
-0.115661
-0.113675
-0.111686
-0.109697
-0.107705
-0.105712
-0.103716
-0.10172
-0.0997209
-0.0977204
-0.0957182
-0.0937142
-0.0917084
-0.0897009
-0.0876916
-0.0856805
-0.0836676
-0.0816529
-0.0796364
-0.0776181
-0.0755981
-0.0735762
-0.0715526
-0.0695271
-0.0674999
-0.0654708
-0.0634399
-0.0614072
-0.0593728
-0.0573364
-0.0552983
-0.0532584
-0.0512166
-0.049173
-0.0471276
-0.0450804
-0.0430313
-0.0409804
-0.0389276
-0.0368731
-0.0348166
-0.0327584
-0.0306983
-0.0286363
-0.0265725
-0.0245068
-0.0224393
-0.02037
-0.0182987
-0.0162256
-0.0141507
-0.0120739
-0.00999516
-0.0079146
-0.00583217
-0.00374785
-0.00166166
0.000426407
0.00251636
0.0046082
0.00670193
0.00879755
0.0108951
0.0129945
0.0150958
0.017199
0.0193041
0.0214111
0.02352
0.0256309
0.0277436
0.0298583
0.0319749
0.0340934
0.0362138
0.0383362
0.0404604
0.0425867
0.0447148
0.0468449
0.0489769
0.0511109
0.0532468
0.0553846
0.0575244
0.0596662
0.0618099
0.0639556
0.0661032
0.0682528
0.0704043
0.0725579
0.0747133
0.0768708
0.0790302
0.0811917
0.0833551
0.0855204
0.0876878
0.0898571
0.0920285
0.0942018
0.0963772
0.0985545
0.100734
0.102915
0.105099
0.107284
0.109471
0.111661
0.113852
0.116045
0.118241
0.120438
0.122638
0.124839
0.127043
0.129249
0.131456
0.133666
0.135878
0.138092
0.140307
0.142525
0.144745
0.146967
0.149191
0.151418
0.153646
0.155876
0.158108
0.160343
0.162579
0.164818
0.167059
0.169301
0.171546
0.173793
0.176042
0.178294
0.180547
0.182802
0.18506
0.187319
0.189581
0.191845
0.194111
0.196379
0.198649
0.200921
0.203196
0.205473
0.207751
0.210032
0.212315
0.2146
0.216888
0.219177
0.221469
0.223763
0.226059
0.228357
0.230657
0.23296
0.235264
0.237571
0.23988
0.242191
0.244505
0.24682
0.249138
0.251458
0.25378
0.256105
0.258431
0.26076
0.263091
0.265425
0.26776
0.270098
0.272438
0.27478
0.277124
0.279471
0.28182
0.284171
0.286524
0.28888
0.291238
0.293598
0.29596
0.298325
0.300692
0.303061
0.305432
0.307806
0.310182
0.31256
0.314941
0.317324
0.319709
0.322096
0.324486
0.326878
0.329273
0.331669
0.334068
0.33647
0.338873
0.341279
0.343688
0.346098
0.348511
0.350926
0.353344
0.355764
0.358186
0.360611
0.363038
0.365468
0.367899
0.370333
0.37277
0.375209
0.37765
0.380094
0.38254
0.384988
0.387439
0.389892
0.392348
0.394806
0.397266
0.399729
0.402194
0.404662
0.407132
0.409604
0.412079
0.414557
0.417037
0.419519
0.422003
0.424491
0.42698
0.429472
0.431967
0.434464
0.436963
0.439465
0.441969
0.444476
0.446986
0.449497
0.452012
0.454528
0.457048
0.45957
0.462094
0.464621
0.46715
0.469682
0.472216
0.474753
0.477292
0.479834
0.482379
0.484926
0.487476
0.490028
0.492582
0.49514
0.497699
0.500262
0.502827
0.505394
0.507964
0.510537
0.513112
0.51569
0.51827
0.520853
0.523439
0.526027
0.528618
0.531212
0.533808
0.536406
0.539008
0.541612
0.544218
0.546828
0.54944
0.552054
0.554671
0.557291
0.559914
0.562539
0.565167
0.567797
0.57043
0.573066
0.575705
0.578346
0.58099
0.583637
0.586286
0.588938
0.591593
0.59425
0.596911
0.599574
0.602239
0.604908
0.607579
0.610253
0.61293
0.615609
0.618291
0.620976
0.623664
0.626354
0.629048
0.631744
0.634442
0.637144
0.639848
0.642556
0.645266
0.647979
0.650694
0.653413
0.656134
0.658858
0.661585
0.664315
0.667048
0.669783
0.672521
0.675263
0.678007
0.680754
0.683503
0.686256
0.689012
0.69177
0.694532
0.697296
0.700063
0.702833
0.705606
0.708382
0.711161
0.713942
0.716727
0.719515
0.722305
0.725099
0.727895
0.730695
0.733497
0.736302
0.739111
0.741922
0.744736
0.747553
0.750374
0.753197
0.756023
0.758853
0.761685
0.76452
0.767358
0.7702
0.773044
0.775892
0.778742
0.781596
0.784452
0.787312
0.790175
0.79304
0.795909
0.798781
0.801656
0.804534
0.807416
0.8103
0.813188
0.816078
0.818972
0.821869
0.824769
0.827672
0.830578
0.833487
0.8364
0.839316
0.842235
0.845157
0.848082
0.85101
0.853942
0.856877
0.859815
0.862756
0.8657
0.868648
0.871599
0.874553
0.877511
0.880471
0.883435
0.886402
0.889372
0.892346
0.895323
0.898303
0.901287
0.904273
0.907263
0.910257
0.913254
0.916254
0.919257
0.922263
0.925273
0.928287
0.931303
0.934323
0.937347
0.940374
0.943404
0.946437
0.949474
0.952514
0.955558
0.958605
0.961655
0.964709
0.967767
0.970827
0.973892
0.976959
0.98003
0.983105
0.986183
0.989264
0.992349
0.995437
0.998529
1.00162
1.00472
1.00783
1.01093
1.01404
1.01715
1.02027
1.02339
1.02651
1.02964
1.03277
1.03591
1.03904
1.04219
1.04533
1.04848
1.05163
1.05479
1.05795
1.06111
1.06428
1.06745
1.07062
1.0738
1.07698
1.08016
1.08335
1.08655
1.08974
1.09294
1.09614
1.09935
1.10256
1.10578
1.109
1.11222
1.11544
1.11867
1.12191
1.12514
1.12838
1.13163
1.13488
1.13813
1.14138
1.14464
1.14791
1.15118
1.15445
1.15772
1.161
1.16428
1.16757
1.17086
1.17416
1.17745
1.18076
1.18406
1.18737
1.19069
1.194
1.19733
1.20065
1.20398
1.20732
1.21065
1.214
1.21734
1.22069
1.22404
1.2274
1.23076
1.23413
1.2375
1.24087
1.24425
1.24763
1.25102
1.25441
1.2578
1.2612
1.2646
1.26801
1.27142
1.27484
1.27825
1.28168
1.2851
1.28854
1.29197
1.29541
1.29885
1.3023
1.30575
1.30921
1.31267
1.31614
1.31961
1.32308
1.32656
1.33004
1.33353
1.33702
1.34051
1.34401
1.34751
1.35102
1.35453
1.35805
1.36157
1.3651
1.36863
1.37216
1.3757
1.37924
1.38279
1.38634
1.3899
1.39346
1.39702
1.40059
1.40416
1.40774
1.41133
1.41491
1.4185
1.4221
1.4257
1.42931
1.43292
1.43653
1.44015
1.44377
1.4474
1.45103
1.45467
1.45831
1.46196
1.46561
1.46927
1.47293
1.47659
1.48026
1.48394
1.48762
1.4913
1.49499
1.49868
1.50238
1.50609
1.50979
1.51351
1.51722
1.52094
1.52467
1.5284
1.53214
1.53588
1.53963
1.54338
1.54713
1.5509
1.55466
1.55843
1.56221
1.56599
1.56977
1.57356
1.57736
1.58116
1.58497
1.58878
1.59259
1.59641
1.60024
1.60407
1.6079
1.61174
1.61559
1.61944
1.6233
1.62716
1.63102
1.63489
1.63877
1.64265
1.64654
1.65043
1.65433
1.65823
1.66214
1.66605
1.66997
1.67389
1.67782
1.68175
1.68569
1.68964
1.69359
1.69754
1.7015
1.70547
1.70944
1.71342
1.7174
1.72138
1.72538
1.72938
1.73338
1.73739
1.7414
1.74542
1.74945
1.75348
1.75752
1.76156
1.76561
1.76966
1.77372
1.77778
1.78185
1.78593
1.79001
1.7941
1.79819
1.80229
1.80639
1.8105
1.81462
1.81874
1.82287
1.827
1.83114
1.83528
1.83943
1.84359
1.84775
1.85192
1.85609
1.86027
1.86446
1.86865
1.87285
1.87705
1.88126
1.88547
1.8897
1.89392
1.89816
1.9024
1.90664
1.91089
1.91515
1.91941
1.92368
1.92796
1.93224
1.93653
1.94082
1.94512
1.94943
1.95374
1.95806
1.96239
1.96672
1.97106
1.9754
1.97975
1.98411
1.98847
1.99284
1.99722
2.0016
2.00599
2.01038
2.01479
2.01919
2.02361
2.02803
2.03246
2.03689
2.04133
2.04578
2.05023
2.0547
2.05916
2.06364
2.06812
2.0726
2.0771
2.0816
2.08611
2.09062
2.09514
2.09967
2.1042
2.10875
2.11329
2.11785
2.12241
2.12698
2.13156
2.13614
2.14073
2.14533
2.14993
2.15454
2.15916
2.16378
2.16841
2.17305
2.1777
2.18235
2.18701
2.19168
2.19636
2.20104
2.20573
2.21042
2.21513
2.21984
2.22456
2.22928
2.23402
2.23876
2.24351
2.24826
2.25302
2.25779
2.26257
2.26736
2.27215
2.27695
2.28176
2.28657
2.2914
2.29623
2.30107
2.30591
2.31077
2.31563
2.3205
2.32537
2.33026
2.33515
2.34005
2.34496
2.34988
2.3548
2.35973
2.36467
2.36962
2.37458
2.37954
2.38451
2.38949
2.39448
2.39948
2.40448
2.4095
2.41452
2.41955
2.42458
2.42963
2.43468
2.43974
2.44482
2.44989
2.45498
2.46008
2.46518
2.47029
2.47542
2.48055
2.48568
2.49083
2.49599
2.50115
2.50632
2.5115
2.51669
2.52189
2.5271
2.53232
2.53754
2.54278
2.54802
2.55327
2.55853
2.5638
2.56908
2.57437
2.57966
2.58497
2.59028
2.59561
2.60094
2.60628
2.61164
2.617
2.62237
2.62775
2.63313
2.63853
2.64394
2.64936
2.65478
2.66022
2.66566
2.67112
2.67658
2.68206
2.68754
2.69303
2.69853
2.70405
2.70957
2.7151
2.72064
2.72619
2.73176
2.73733
2.74291
2.7485
2.7541
2.75971
2.76534
2.77097
2.77661
2.78226
2.78792
2.7936
2.79928
2.80497
2.81067
2.81639
2.82211
2.82785
2.83359
2.83935
2.84511
2.85089
2.85668
2.86248
2.86829
2.8741
2.87994
2.88578
2.89163
2.89749
2.90336
2.90925
2.91515
2.92105
2.92697
2.9329
2.93884
2.94479
2.95075
2.95673
2.96271
2.96871
2.97472
2.98074
2.98677
2.99281
2.99886
3.00493
3.01101
3.01709
3.02319
3.02931
3.03543
3.04157
3.04771
3.05387
3.06005
3.06623
3.07242
3.07863
3.08485
3.09108
3.09733
3.10359
3.10985
3.11614
3.12243
3.12874
3.13505
3.14139
3.14773
3.15409
3.16046
3.16684
3.17323
3.17964
3.18606
3.19249
3.19894
3.2054
3.21187
3.21836
3.22486
3.23137
3.23789
3.24443
3.25098
3.25755
3.26413
3.27072
3.27733
3.28395
3.29058
3.29723
3.30389
3.31056
3.31725
3.32395
3.33067
3.3374
3.34414
3.3509
3.35768
3.36446
3.37127
3.37808
3.38491
3.39176
3.39862
3.40549
3.41238
3.41928
3.4262
3.43314
3.44008
3.44705
3.45403
3.46102
3.46803
3.47505
3.48209
3.48915
3.49622
3.5033
3.5104
3.51752
3.52465
3.5318
3.53896
3.54614
3.55334
3.56055
3.56778
3.57502
3.58228
3.58955
3.59685
3.60416
3.61148
3.61882
3.62618
3.63356
3.64095
3.64836
3.65578
3.66323
3.67068
3.67816
3.68566
3.69317
3.7007
3.70824
3.7158
3.72339
3.73098
3.7386
3.74623
3.75389
3.76156
3.76924
3.77695
3.78467
3.79242
3.80018
3.80796
3.81575
3.82357
3.83141
3.83926
3.84713
3.85502
3.86294
3.87086
3.87881
3.88678
3.89477
3.90278
3.9108
3.91885
3.92692
3.935
3.94311
3.95123
3.95938
3.96754
3.97573
3.98394
3.99217
4.00041
4.00868
4.01697
4.02528
4.03361
4.04196
4.05034
4.05873
4.06715
4.07558
4.08404
4.09252
4.10103
4.10955
4.1181
4.12667
4.13526
4.14387
4.15251
4.16116
4.16984
4.17855
4.18727
4.19602
4.2048
4.21359
4.22241
4.23125
4.24012
4.24901
4.25792
4.26686
4.27582
4.28481
4.29382
4.30285
4.31191
4.32099
4.3301
4.33924
4.3484
4.35758
4.36679
4.37602
4.38528
4.39457
4.40388
4.41322
4.42258
4.43197
4.44139
4.45083
4.4603
4.4698
4.47932
4.48887
4.49845
4.50806
4.51769
4.52735
4.53704
4.54676
4.5565
4.56628
4.57608
4.58591
4.59577
4.60566
4.61558
4.62552
4.6355
4.64551
4.65554
4.66561
4.67571
4.68583
4.69599
4.70618
4.7164
4.72665
4.73693
4.74724
4.75758
4.76796
4.77837
4.78881
4.79928
4.80978
4.82032
4.83089
4.8415
4.85213
4.8628
4.87351
4.88425
4.89502
4.90582
4.91667
4.92754
4.93845
4.9494
4.96038
4.9714
4.98245
4.99354
5.00466
5.01583
5.02702
5.03826
5.04953
5.06084
5.07219
5.08358
5.095
5.10646
5.11797
5.12951
5.14108
5.1527
5.16436
5.17606
5.1878
5.19958
5.2114
5.22326
5.23516
5.24711
5.25909
5.27112
5.28319
5.2953
5.30746
5.31966
5.3319
5.34419
5.35652
5.3689
5.38132
5.39378
5.40629
5.41885
5.43145
5.4441
5.4568
5.46954
5.48233
5.49517
5.50806
5.52099
5.53398
5.54701
5.56009
5.57323
5.58641
5.59964
5.61293
5.62626
5.63965
5.65309
5.66658
5.68013
5.69373
5.70738
5.72109
5.73485
5.74867
5.76254
5.77647
5.79045
5.80449
5.81859
5.83275
5.84696
5.86123
5.87557
5.88996
5.90441
5.91892
5.93349
5.94813
5.96283
5.97759
5.99241
6.00729
6.02224
6.03726
6.05234
6.06748
6.0827
6.09797
6.11332
6.12873
6.14422
6.15977
6.17539
6.19108
6.20685
6.22268
6.23859
6.25457
6.27062
6.28675
6.30296
6.31924
6.33559
6.35202
6.36853
6.38512
6.40179
6.41854
6.43537
6.45228
6.46927
6.48634
6.5035
6.52075
6.53808
6.55549
6.57299
6.59058
6.60826
6.62603
6.64389
6.66185
6.67989
6.69803
6.71626
6.73458
6.75301
6.77153
6.79014
6.80887
6.82768
6.8466
6.86564
6.88474
6.90398
6.92334
6.94274
6.96233
6.98201
7.00169
7.02168
7.04165
7.06165
7.08209
7.10229
7.12264
7.1436
7.1639
7.18476
7.20626
7.22648
7.24813
7.27007
7.28997
7.31295
7.33492
7.3544
7.37953
7.40055
7.41988
7.44819
7.46644
7.48689
7.51922
7.53171
7.55649
7.59249
7.59525
7.63063
7.66692
7.6561
7.71242
7.73963
7.71437
7.80583
7.8049
7.77311
7.91455
7.85334
7.84115
8.0394
7.87163
7.93637
8.1743
7.84425
8.08693
8.30161
7.75976
8.32575
8.38736
7.62934
8.67522
8.37535
7.53227
9.12977
8.1741
7.67879
9.65282
7.61654
8.32779
10.1929
6.30315
9.46543
10.7064
2.47136
10.8174
11.1785
3.19698
12.1697
11.6465
8.80102
13.4401
12.2256
11.7978
14.6158
13.0774
13.9881
15.7095
14.2642
15.7583
16.7408
15.6656
17.2557
17.7271
17.1073
18.5505
18.6789
18.4756
19.6796
19.5961
19.7173
20.6623
20.4675
20.8105
21.5075
21.273
21.7444
22.2156
21.986
22.5111
22.7785
22.5768
23.1002
23.1779
23.0147
23.4931
23.3841
23.2659
23.6555
23.3555
23.2835
23.5302
23.0291
22.9867
23.0254
22.2848
22.2217
21.9767
20.8202
20.6586
19.963
17.5126
17.2116
15.074
12.6228
12.0926
17.5775
19.5524
19.0192
21.2368
21.5418
21.3329
22.7418
22.2224
22.4653
22.9755
22.2928
22.5675
22.0449
21.8629
21.0877
20.3371
19.8154
15.0429
18.8911
15.0713
18.6471
13.8905
22.2288
20.1003
20.7421
23.9131
18.2311
23.8973
22.8081
21.4925
24.3687
14.3688
23.0045
22.4138
22.252
21.6207
22.1445
22.8731
23.44
24.108
15.9447
25.8059
22.9789
23.982
25.4469
20.2852
25.7862
21.8305
22.9448
24.4785
24.0469
21.2873
22.5586
24.9217
21.2245
24.2054
22.4189
23.7963
23.3105
22.0372
21.2325
19.5701
20.2017
21.2
18.7897
21.5243
22.67
23.9989
24.7024
21.5725
23.6183
24.3312
24.8613
22.9636
19.2067
24.9435
24.6229
20.9863
22.3803
27.0215
17.1546
24.5037
22.9177
19.3073
20.2538
22.32
23.5902
23.4179
24.6983
25.8388
27.1039
28.7092
24.3002
25.6989
27.1817
23.4616
27.4517
25.4113
27.1358
28.7724
22.0558
27.3643
26.7623
18.8663
22.0939
26.6696
24.2178
24.9441
24.0734
24.6019
23.1668
20.6065
25.0247
14.4278
24.1001
24.8448
25.4041
25.8092
26.0325
27.8732
25.6022
26.4425
26.341
26.3649
25.2954
27.529
27.7159
27.4142
27.5581
24.0697
21.7649
28.2437
26.9245
22.4363
27.8958
24.1218
23.7318
26.0241
20.8288
24.539
23.5906
25.9764
22.4139
22.5651
26.9418
25.5194
23.7737
23.7842
25.6818
28.5004
25.1608
24.7871
22.7224
24.7491
22.4524
26.8062
21.6955
23.313
20.9138
28.0382
27.5922
26.0768
21.2072
17.6508
26.8266
21.4616
21.1695
24.8018
24.4256
21.2516
24.695
23.2252
21.8322
19.533
23.8359
26.3265
26.3397
22.9728
25.5257
25.3218
15.7334
26.7705
27.2129
28.102
26.7046
24.4326
26.7991
21.2175
23.278
22.4337
28.4709
26.032
28.0011
27.9822
23.6131
26.7546
21.5498
24.3725
21.3928
25.5131
25.6367
24.2107
26.6358
22.814
22.7609
26.2487
21.8336
25.4463
24.7557
22.8501
26.826
27.4639
24.2353
25.5883
26.3842
22.7917
25.0902
25.961
23.1861
21.8838
23.1105
16.45
23.7118
24.6724
23.7418
25.1843
25.9183
24.0371
21.2914
21.3154
19.8999
20.4994
20.2894
18.6405
20.4813
19.796
14.6053
19.2563
20.7642
20.6126
21.2646
22.0418
22.1548
22.1127
22.368
23.0488
23.5821
23.7134
23.6632
23.6514
23.6633
23.5664
23.3836
23.2809
23.2757
23.2438
23.1145
22.9311
22.7742
22.6207
22.4216
22.1923
21.9768
21.7811
21.559
21.2792
20.9614
20.6268
20.27
19.8715
19.4323
18.9749
18.5066
18.0142
17.4908
16.9545
16.436
15.9481
15.4939
15.0868
14.7421
14.4544
14.1978
13.9486
13.6945
13.4235
13.1194
12.7668
12.3561
11.8813
11.3324
10.6937
9.94548
9.06376
8.01536
6.74758
5.18682
3.33059
1.93159
2.49482
3.79717
4.84561
5.59318
6.11421
6.46844
6.69717
6.82929
6.88583
6.88297
6.83422
6.7517
6.64667
6.52959
6.40987
6.29554
6.19289
6.10608
6.03695
5.9852
5.94877
5.92457
5.90914
5.89914
5.8917
5.88458
5.87621
5.86562
5.85235
5.83634
5.81782
5.79718
5.77488
5.75141
5.72722
5.70272
5.6782
5.65389
5.62994
5.60642
5.58335
5.56071
5.53846
5.51652
5.49485
5.47337
5.45204
5.43081
5.40966
5.38857
5.36752
5.3465
5.32553
5.3046
5.28371
5.26288
5.24211
5.22141
5.20078
5.18021
5.15972
5.13931
5.11897
5.0987
5.07851
5.05839
5.03834
5.01835
4.99844
4.97859
4.95881
4.93909
4.91944
4.89985
4.88033
4.86086
4.84146
4.82212
4.80284
4.78362
4.76447
4.74537
4.72633
4.70734
4.68842
4.66955
4.65074
4.63199
4.61329
4.59465
4.57607
4.55754
4.53906
4.52063
4.50226
4.48395
4.46568
4.44747
4.42931
4.41119
4.39313
4.37512
4.35716
4.33925
4.32139
4.30358
4.28581
4.26809
4.25042
4.2328
4.21522
4.19769
4.18021
4.16277
4.14538
4.12803
4.11073
4.09347
4.07625
4.05908
4.04195
4.02486
4.00782
3.99081
3.97385
3.95693
3.94006
3.92322
3.90642
3.88966
3.87295
3.85627
3.83963
3.82303
3.80647
3.78995
3.77347
3.75702
3.74061
3.72424
3.70791
3.69161
3.67535
3.65912
3.64293
3.62678
3.61066
3.59458
3.57853
3.56251
3.54653
3.53059
3.51468
3.4988
3.48295
3.46714
3.45136
3.43561
3.4199
3.40422
3.38857
3.37295
3.35736
3.3418
3.32628
3.31079
3.29532
3.27989
3.26448
3.24911
3.23377
3.21845
3.20317
3.18791
3.17268
3.15748
3.14231
3.12717
3.11205
3.09697
3.08191
3.06688
3.05187
3.0369
3.02195
3.00702
2.99212
2.97725
2.96241
2.94759
2.9328
2.91803
2.90328
2.88857
2.87388
2.85921
2.84457
2.82995
2.81535
2.80078
2.78624
2.77172
2.75722
2.74274
2.72829
2.71386
2.69946
2.68507
2.67071
2.65638
2.64206
2.62777
2.6135
2.59925
2.58502
2.57082
2.55664
2.54247
2.52833
2.51421
2.50011
2.48603
2.47198
2.45794
2.44392
2.42992
2.41595
2.40199
2.38805
2.37414
2.36024
2.34636
2.3325
2.31866
2.30484
2.29104
2.27725
2.26349
2.24974
2.23601
2.2223
2.20861
2.19493
2.18128
2.16764
2.15402
2.14042
2.12683
2.11326
2.09971
2.08617
2.07266
2.05915
2.04567
2.0322
2.01875
2.00531
1.9919
1.97849
1.96511
1.95173
1.93838
1.92504
1.91172
1.89841
1.88511
1.87184
1.85857
1.84532
1.83209
1.81887
1.80567
1.79248
1.77931
1.76615
1.753
1.73987
1.72675
1.71365
1.70056
1.68748
1.67442
1.66137
1.64834
1.63532
1.62231
1.60931
1.59633
1.58336
1.57041
1.55747
1.54454
1.53162
1.51871
1.50582
1.49294
1.48008
1.46722
1.45438
1.44155
1.42873
1.41592
1.40313
1.39034
1.37757
1.36481
1.35207
1.33933
1.3266
1.31389
1.30119
1.28849
1.27581
1.26314
1.25048
1.23784
1.2252
1.21257
1.19996
1.18735
1.17475
1.16217
1.1496
1.13703
1.12448
1.11193
1.0994
1.08687
1.07436
1.06185
1.04936
1.03687
1.0244
1.01193
0.999475
0.987027
0.974589
0.96216
0.94974
0.937329
0.924927
0.912534
0.90015
0.887775
0.875409
0.863051
0.850702
0.838362
0.82603
0.813707
0.801392
0.789085
0.776787
0.764496
0.752214
0.739941
0.727675
0.715417
0.703167
0.690925
0.67869
0.666464
0.654245
0.642034
0.62983
0.617634
0.605445
0.593264
0.58109
0.568924
0.556764
0.544612
0.532468
0.52033
0.508199
0.496075
0.483959
0.471849
0.459746
0.44765
0.43556
0.423478
0.411402
0.399332
0.387269
0.375213
0.363163
0.35112
0.339083
0.327052
0.315028
0.30301
0.290998
0.278993
0.266993
0.255
0.243012
0.231031
0.219056
0.207086
0.195123
0.183165
0.171213
0.159267
0.147327
0.135392
0.123463
0.11154
0.0996219
0.0877097
0.0758031
0.0639019
0.0520062
0.0401159
0.0282309
0.0163514
0.00447718
-0.00739175
-0.0192554
-0.0311138
-0.0429671
-0.0548151
-0.066658
-0.0784958
-0.0903285
-0.102156
-0.113979
-0.125796
-0.137609
-0.149416
-0.161219
-0.173017
-0.18481
-0.196598
-0.208381
-0.22016
-0.231933
-0.243702
-0.255466
-0.267225
-0.27898
-0.29073
-0.302475
-0.314216
-0.325952
-0.337683
-0.34941
-0.361132
-0.372849
-0.384562
-0.39627
-0.407974
-0.419674
-0.431368
-0.443059
-0.454745
-0.466426
-0.478103
-0.489775
-0.501443
-0.513107
-0.524766
-0.53642
-0.54807
-0.559716
-0.571357
-0.582994
-0.594627
-0.606255
-0.617878
-0.629498
-0.641112
-0.652723
-0.664329
-0.67593
-0.687528
-0.69912
-0.710709
-0.722292
-0.733872
-0.745447
-0.757017
-0.768583
-0.780145
-0.791702
-0.803255
-0.814803
-0.826346
-0.837886
-0.84942
-0.86095
-0.872476
-0.883996
-0.895513
-0.907024
-0.918531
-0.930034
-0.941531
-0.953024
-0.964512
-0.975996
-0.987474
-0.998948
-1.01042
-1.02188
-1.03334
-1.0448
-1.05624
-1.06769
-1.07913
-1.09056
-1.10199
-1.11342
-1.12484
-1.13625
-1.14766
-1.15906
-1.17046
-1.18185
-1.19324
-1.20462
-1.216
-1.22737
-1.23874
-1.2501
-1.26145
-1.2728
-1.28414
-1.29548
-1.30681
-1.31814
-1.32946
-1.34077
-1.35208
-1.36338
-1.37468
-1.38596
-1.39725
-1.40852
-1.41979
-1.43106
-1.44231
-1.45356
-1.46481
-1.47604
-1.48727
-1.49849
-1.50971
-1.52092
-1.53212
-1.54331
-1.5545
-1.56568
-1.57685
-1.58802
-1.59917
-1.61032
-1.62146
-1.6326
-1.64372
-1.65484
-1.66595
-1.67705
-1.68814
-1.69922
-1.7103
-1.72136
-1.73242
-1.74347
-1.75451
-1.76554
-1.77656
-1.78757
-1.79857
-1.80956
-1.82054
-1.83151
-1.84248
-1.85343
-1.86437
-1.8753
-1.88622
-1.89713
-1.90803
-1.91892
-1.9298
-1.94067
-1.95152
-1.96237
-1.9732
-1.98402
-1.99483
-2.00562
-2.01641
-2.02718
-2.03794
-2.04868
-2.05942
-2.07014
-2.08085
-2.09154
-2.10222
-2.11289
-2.12354
-2.13418
-2.1448
-2.15541
-2.16601
-2.17659
-2.18716
-2.19771
-2.20824
-2.21876
-2.22927
-2.23976
-2.25023
-2.26069
-2.27113
-2.28155
-2.29195
-2.30234
-2.31271
-2.32307
-2.3334
-2.34372
-2.35402
-2.3643
-2.37457
-2.38481
-2.39503
-2.40524
-2.41543
-2.42559
-2.43574
-2.44586
-2.45597
-2.46605
-2.47612
-2.48616
-2.49618
-2.50618
-2.51615
-2.52611
-2.53604
-2.54594
-2.55583
-2.56569
-2.57553
-2.58534
-2.59513
-2.6049
-2.61464
-2.62435
-2.63404
-2.64371
-2.65335
-2.66296
-2.67254
-2.6821
-2.69163
-2.70114
-2.71061
-2.72006
-2.72948
-2.73887
-2.74823
-2.75756
-2.76687
-2.77614
-2.78538
-2.79459
-2.80377
-2.81292
-2.82204
-2.83112
-2.84018
-2.8492
-2.85818
-2.86714
-2.87606
-2.88494
-2.8938
-2.90261
-2.91139
-2.92014
-2.92885
-2.93752
-2.94616
-2.95476
-2.96332
-2.97185
-2.98034
-2.98879
-2.9972
-3.00557
-3.0139
-3.02219
-3.03044
-3.03865
-3.04682
-3.05495
-3.06303
-3.07108
-3.07908
-3.08704
-3.09495
-3.10282
-3.11065
-3.11843
-3.12617
-3.13386
-3.1415
-3.1491
-3.15665
-3.16416
-3.17162
-3.17903
-3.18639
-3.19371
-3.20097
-3.20818
-3.21535
-3.22247
-3.22953
-3.23654
-3.24351
-3.25042
-3.25727
-3.26408
-3.27083
-3.27753
-3.28417
-3.29076
-3.2973
-3.30378
-3.31021
-3.31658
-3.32289
-3.32915
-3.33535
-3.34149
-3.34757
-3.3536
-3.35956
-3.36547
-3.37132
-3.37711
-3.38284
-3.38851
-3.39411
-3.39966
-3.40514
-3.41056
-3.41592
-3.42122
-3.42645
-3.43162
-3.43673
-3.44177
-3.44675
-3.45166
-3.4565
-3.46128
-3.466
-3.47065
-3.47523
-3.47974
-3.48419
-3.48857
-3.49288
-3.49712
-3.50129
-3.5054
-3.50943
-3.5134
-3.51729
-3.52112
-3.52487
-3.52855
-3.53217
-3.53571
-3.53918
-3.54257
-3.5459
-3.54915
-3.55233
-3.55543
-3.55847
-3.56143
-3.56431
-3.56712
-3.56986
-3.57252
-3.57511
-3.57762
-3.58006
-3.58242
-3.58471
-3.58692
-3.58906
-3.59112
-3.5931
-3.595
-3.59683
-3.59859
-3.60026
-3.60186
-3.60339
-3.60483
-3.6062
-3.60749
-3.6087
-3.60984
-3.61089
-3.61187
-3.61277
-3.61359
-3.61434
-3.61501
-3.61559
-3.6161
-3.61653
-3.61689
-3.61716
-3.61736
-3.61748
