1.22465e-16
-0.125333
-0.24869
-0.368125
-0.481754
-0.587785
-0.684547
-0.770513
-0.844328
-0.904827
-0.951057
-0.982287
-0.998027
-0.998027
-0.982287
-0.951057
-0.904827
-0.844328
-0.770513
-0.684547
-0.587785
-0.481754
-0.368125
-0.24869
-0.125333
-2.44929e-16
0.125333
0.24869
0.368125
0.481754
0.587785
0.684547
0.770513
0.844328
0.904827
0.951057
0.982287
0.998027
0.998027
0.982287
0.951057
0.904827
0.844328
0.770513
0.684547
0.587785
0.481754
0.368125
0.24869
0.125333
3.67394e-16
-0.125333
-0.24869
-0.368125
-0.481754
-0.587785
-0.684547
-0.770513
-0.844328
-0.904827
-0.951057
-0.982287
-0.998027
-0.998027
-0.982287
-0.951057
-0.904827
-0.844328
-0.770513
-0.684547
-0.587785
-0.481754
-0.368125
-0.24869
-0.125333
-4.89859e-16
0.125333
0.24869
0.368125
0.481754
0.587785
0.684547
0.770513
0.844328
0.904827
0.951057
0.982287
0.998027
0.998027
0.982287
0.951057
0.904827
0.844328
0.770513
0.684547
0.587785
0.481754
0.368125
0.24869
0.125333
4.89859e-15
-1.00267
-1.98952
-2.945
-3.85403
-4.70228
-5.47638
-6.16411
-6.75462
-7.23862
-7.60845
-7.8583
-7.98421
-7.98421
-7.8583
-7.60845
-7.23862
-6.75462
-6.16411
-5.47638
-4.70228
-3.85403
-2.945
-1.98952
-1.00267
-5.8783e-15
1.00267
1.98952
2.945
3.85403
4.70228
5.47638
6.16411
6.75462
7.23862
7.60845
7.8583
7.98421
7.98421
7.8583
7.60845
7.23862
6.75462
6.16411
5.47638
4.70228
3.85403
2.945
1.98952
1.00267
6.85802e-15
-1.00267
-1.98952
-2.945
-3.85403
-4.70228
-5.47638
-6.16411
-6.75462
-7.23862
-7.60845
-7.8583
-7.98421
-7.98421
-7.8583
-7.60845
-7.23862
-6.75462
-6.16411
-5.47638
-4.70228
-3.85403
-2.945
-1.98952
-1.00267
-7.83774e-15
1.00267
1.98952
2.945
3.85403
4.70228
5.47638
6.16411
6.75462
7.23862
7.60845
7.8583
7.98421
7.98421
7.8583
7.60845
7.23862
6.75462
6.16411
5.47638
4.70228
3.85403
2.945
1.98952
1.00267
1.10218e-15
-0.125333
-0.24869
-0.368125
-0.481754
-0.587785
-0.684547
-0.770513
-0.844328
-0.904827
-0.951057
-0.982287
-0.998027
-0.998027
-0.982287
-0.951057
-0.904827
-0.844328
-0.770513
-0.684547
-0.587785
-0.481754
-0.368125
-0.24869
-0.125333
-1.22465e-15
0.125333
0.24869
0.368125
0.481754
0.587785
0.684547
0.770513
0.844328
0.904827
0.951057
0.982287
0.998027
0.998027
0.982287
0.951057
0.904827
0.844328
0.770513
0.684547
0.587785
0.481754
0.368125
0.24869
0.125333
4.89983e-15
-0.125333
-0.24869
-0.368125
-0.481754
-0.587785
-0.684547
-0.770513
-0.844328
-0.904827
-0.951057
-0.982287
-0.998027
-0.998027
-0.982287
-0.951057
-0.904827
-0.844328
-0.770513
-0.684547
-0.587785
-0.481754
-0.368125
-0.24869
-0.125333
-1.46958e-15
0.125333
0.24869
0.368125
0.481754
0.587785
0.684547
0.770513
0.844328
0.904827
0.951057
0.982287
0.998027
0.998027
0.982287
0.951057
0.904827
0.844328
0.770513
0.684547
0.587785
0.481754
0.368125
0.24869
0.125333
-1.96067e-15
-0.125333
-0.24869
-0.368125
-0.481754
-0.587785
-0.684547
-0.770513
-0.844328
-0.904827
-0.951057
-0.982287
-0.998027
-0.998027
-0.982287
-0.951057
-0.904827
-0.844328
-0.770513
-0.684547
-0.587785
-0.481754
-0.368125
-0.24869
-0.125333
5.39092e-15
0.125333
0.24869
0.368125
0.481754
0.587785
0.684547
0.770513
0.844328
0.904827
0.951057
0.982287
0.998027
0.998027
0.982287
0.951057
0.904827
0.844328
0.770513
0.684547
0.587785
0.481754
0.368125
0.24869
0.125333
5.38968e-15
-0.125333
-0.24869
-0.368125
-0.481754
-0.587785
-0.684547
-0.770513
-0.844328
-0.904827
-0.951057
-0.982287
-0.998027
-0.998027
-0.982287
-0.951057
-0.904827
-0.844328
-0.770513
-0.684547
-0.587785
-0.481754
-0.368125
-0.24869
-0.125333
-1.95943e-15
0.125333
0.24869
0.368125
0.481754
0.587785
0.684547
0.770513
0.844328
0.904827
0.951057
0.982287
0.998027
0.998027
0.982287
0.951057
0.904827
0.844328
0.770513
0.684547
0.587785
0.481754
0.368125
0.24869
0.125333
-1.47081e-15
-0.125333
-0.24869
-0.368125
-0.481754
-0.587785
-0.684547
-0.770513
-0.844328
-0.904827
-0.951057
-0.982287
-0.998027
-0.998027
-0.982287
-0.951057
-0.904827
-0.844328
-0.770513
-0.684547
-0.587785
-0.481754
-0.368125
-0.24869
-0.125333
4.90106e-15
0.125333
0.24869
0.368125
0.481754
0.587785
0.684547
0.770513
0.844328
0.904827
0.951057
0.982287
0.998027
0.998027
0.982287
0.951057
0.904827
0.844328
0.770513
0.684547
0.587785
0.481754
0.368125
0.24869
0.125333
5.87954e-15
-0.125333
-0.24869
-0.368125
-0.481754
-0.587785
-0.684547
-0.770513
-0.844328
-0.904827
-0.951057
-0.982287
-0.998027
-0.998027
-0.982287
-0.951057
-0.904827
-0.844328
-0.770513
-0.684547
-0.587785
-0.481754
-0.368125
-0.24869
-0.125333
-2.44929e-15
0.125333
0.24869
0.368125
0.481754
0.587785
0.684547
0.770513
0.844328
0.904827
0.951057
0.982287
0.998027
0.998027
0.982287
0.951057
0.904827
0.844328
0.770513
0.684547
0.587785
0.481754
0.368125
0.24869
0.125333
-9.80955e-16
-0.125333
-0.24869
-0.368125
-0.481754
-0.587785
-0.684547
-0.770513
-0.844328
-0.904827
-0.951057
-0.982287
-0.998027
-0.998027
-0.982287
-0.951057
-0.904827
-0.844328
-0.770513
-0.684547
-0.587785
-0.481754
-0.368125
-0.24869
-0.125333
4.4112e-15
0.125333
0.24869
0.368125
0.481754
0.587785
0.684547
0.770513
0.844328
0.904827
0.951057
0.982287
0.998027
0.998027
0.982287
0.951057
0.904827
0.844328
0.770513
0.684547
0.587785
0.481754
0.368125
0.24869
0.125333
6.3694e-15
-0.125333
-0.24869
-0.368125
-0.481754
-0.587785
-0.684547
-0.770513
-0.844328
-0.904827
-0.951057
-0.982287
-0.998027
-0.998027
-0.982287
-0.951057
-0.904827
-0.844328
-0.770513
-0.684547
-0.587785
-0.481754
-0.368125
-0.24869
-0.125333
-2.93915e-15
0.125333
0.24869
0.368125
0.481754
0.587785
0.684547
0.770513
0.844328
0.904827
0.951057
0.982287
0.998027
0.998027
0.982287
0.951057
0.904827
0.844328
0.770513
0.684547
0.587785
0.481754
0.368125
0.24869
0.125333
-4.91097e-16
-0.125333
-0.24869
-0.368125
-0.481754
-0.587785
-0.684547
-0.770513
-0.844328
-0.904827
-0.951057
-0.982287
-0.998027
-0.998027
-0.982287
-0.951057
-0.904827
-0.844328
-0.770513
-0.684547
-0.587785
-0.481754
-0.368125
-0.24869
-0.125333
3.92135e-15
0.125333
0.24869
0.368125
0.481754
0.587785
0.684547
0.770513
0.844328
0.904827
0.951057
0.982287
0.998027
0.998027
0.982287
0.951057
0.904827
0.844328
0.770513
0.684547
0.587785
0.481754
0.368125
0.24869
0.125333
-7.35159e-15
-0.125333
-0.24869
-0.368125
-0.481754
-0.587785
-0.684547
-0.770513
-0.844328
-0.904827
-0.951057
-0.982287
-0.998027
-0.998027
-0.982287
-0.951057
-0.904827
-0.844328
-0.770513
-0.684547
-0.587785
-0.481754
-0.368125
-0.24869
-0.125333
-3.42901e-15
0.125333
0.24869
0.368125
0.481754
0.587785
0.684547
0.770513
0.844328
0.904827
0.951057
0.982287
0.998027
0.998027
0.982287
0.951057
0.904827
0.844328
0.770513
0.684547
0.587785
0.481754
0.368125
0.24869
0.125333
-9.90369e-18
-1.00267
-1.98952
-2.945
-3.85403
-4.70228
-5.47638
-6.16411
-6.75462
-7.23862
-7.60845
-7.8583
-7.98421
-7.98421
-7.8583
-7.60845
-7.23862
-6.75462
-6.16411
-5.47638
-4.70228
-3.85403
-2.945
-1.98952
-1.00267
2.74519e-14
1.00267
1.98952
2.945
3.85403
4.70228
5.47638
6.16411
6.75462
7.23862
7.60845
7.8583
7.98421
7.98421
7.8583
7.60845
7.23862
6.75462
6.16411
5.47638
4.70228
3.85403
2.945
1.98952
1.00267
5.8793e-14
-1.00267
-1.98952
-2.945
-3.85403
-4.70228
-5.47638
-6.16411
-6.75462
-7.23862
-7.60845
-7.8583
-7.98421
-7.98421
-7.8583
-7.60845
-7.23862
-6.75462
-6.16411
-5.47638
-4.70228
-3.85403
-2.945
-1.98952
-1.00267
-3.1351e-14
1.00267
1.98952
2.945
3.85403
4.70228
5.47638
6.16411
6.75462
7.23862
7.60845
7.8583
7.98421
7.98421
7.8583
7.60845
7.23862
6.75462
6.16411
5.47638
4.70228
3.85403
2.945
1.98952
1.00267
4.88621e-16
-0.125333
-0.24869
-0.368125
-0.481754
-0.587785
-0.684547
-0.770513
-0.844328
-0.904827
-0.951057
-0.982287
-0.998027
-0.998027
-0.982287
-0.951057
-0.904827
-0.844328
-0.770513
-0.684547
-0.587785
-0.481754
-0.368125
-0.24869
-0.125333
2.94163e-15
0.125333
0.24869
0.368125
0.481754
0.587785
0.684547
0.770513
0.844328
0.904827
0.951057
0.982287
0.998027
0.998027
0.982287
0.951057
0.904827
0.844328
0.770513
0.684547
0.587785
0.481754
0.368125
0.24869
0.125333
-6.37188e-15
-0.125333
-0.24869
-0.368125
-0.481754
-0.587785
-0.684547
-0.770513
-0.844328
-0.904827
-0.951057
-0.982287
-0.998027
-0.998027
-0.982287
-0.951057
-0.904827
-0.844328
-0.770513
-0.684547
-0.587785
-0.481754
-0.368125
-0.24869
-0.125333
-4.40873e-15
0.125333
0.24869
0.368125
0.481754
0.587785
0.684547
0.770513
0.844328
0.904827
0.951057
0.982287
0.998027
0.998027
0.982287
0.951057
0.904827
0.844328
0.770513
0.684547
0.587785
0.481754
0.368125
0.24869
0.125333
7.82784e-15
-1.00267
-1.98952
-2.945
-3.85403
-4.70228
-5.47638
-6.16411
-6.75462
-7.23862
-7.60845
-7.8583
-7.98421
-7.98421
-7.8583
-7.60845
-7.23862
-6.75462
-6.16411
-5.47638
-4.70228
-3.85403
-2.945
-1.98952
-1.00267
1.96142e-14
1.00267
1.98952
2.945
3.85403
4.70228
5.47638
6.16411
6.75462
7.23862
7.60845
7.8583
7.98421
7.98421
7.8583
7.60845
7.23862
6.75462
6.16411
5.47638
4.70228
3.85403
2.945
1.98952
1.00267
6.66307e-14
-1.00267
-1.98952
-2.945
-3.85403
-4.70228
-5.47638
-6.16411
-6.75462
-7.23862
-7.60845
-7.8583
-7.98421
-7.98421
-7.8583
-7.60845
-7.23862
-6.75462
-6.16411
-5.47638
-4.70228
-3.85403
-2.945
-1.98952
-1.00267
-3.91887e-14
1.00267
1.98952
2.945
3.85403
4.70228
5.47638
6.16411
6.75462
7.23862
7.60845
7.8583
7.98421
7.98421
7.8583
7.60845
7.23862
6.75462
6.16411
5.47638
4.70228
3.85403
2.945
1.98952
1.00267
