1.22465e-16
-0.187381
-0.368125
-0.535827
-0.684547
-0.809017
-0.904827
-0.968583
-0.998027
-0.992115
-0.951057
-0.876307
-0.770513
-0.637424
-0.481754
-0.309017
-0.125333
0.0627905
0.24869
0.425779
0.587785
0.728969
0.844328
0.929776
0.982287
1
0.982287
0.929776
0.844328
0.728969
0.587785
0.425779
0.24869
0.0627905
-0.125333
-0.309017
-0.481754
-0.637424
-0.770513
-0.876307
-0.951057
-0.992115
-0.998027
-0.968583
-0.904827
-0.809017
-0.684547
-0.535827
-0.368125
-0.187381
-4.89859e-16
0.187381
0.368125
0.535827
0.684547
0.809017
0.904827
0.968583
0.998027
0.992115
0.951057
0.876307
0.770513
0.637424
0.481754
0.309017
0.125333
-0.0627905
-0.24869
-0.425779
-0.587785
-0.728969
-0.844328
-0.929776
-0.982287
-1
-0.982287
-0.929776
-0.844328
-0.728969
-0.587785
-0.425779
-0.24869
-0.0627905
0.125333
0.309017
0.481754
0.637424
0.770513
0.876307
0.951057
0.992115
0.998027
0.968583
0.904827
0.809017
0.684547
0.535827
0.368125
0.187381
1.10218e-15
-0.24869
-0.481754
-0.684547
-0.844328
-0.951057
-0.998027
-0.982287
-0.904827
-0.770513
-0.587785
-0.368125
-0.125333
0.125333
0.368125
0.587785
0.770513
0.904827
0.982287
0.998027
0.951057
0.844328
0.684547
0.481754
0.24869
4.89983e-15
-0.24869
-0.481754
-0.684547
-0.844328
-0.951057
-0.998027
-0.982287
-0.904827
-0.770513
-0.587785
-0.368125
-0.125333
0.125333
0.368125
0.587785
0.770513
0.904827
0.982287
0.998027
0.951057
0.844328
0.684547
0.481754
0.24869
-1.96067e-15
-0.24869
-0.481754
-0.684547
-0.844328
-0.951057
-0.998027
-0.982287
-0.904827
-0.770513
-0.587785
-0.368125
-0.125333
0.125333
0.368125
0.587785
0.770513
0.904827
0.982287
0.998027
0.951057
0.844328
0.684547
0.481754
0.24869
5.38968e-15
-0.24869
-0.481754
-0.684547
-0.844328
-0.951057
-0.998027
-0.982287
-0.904827
-0.770513
-0.587785
-0.368125
-0.125333
0.125333
0.368125
0.587785
0.770513
0.904827
0.982287
0.998027
0.951057
0.844328
0.684547
0.481754
0.24869
-1.96067e-15
-0.187381
-0.368125
-0.535827
-0.684547
-0.809017
-0.904827
-0.968583
-0.998027
-0.992115
-0.951057
-0.876307
-0.770513
-0.637424
-0.481754
-0.309017
-0.125333
0.0627905
0.24869
0.425779
0.587785
0.728969
0.844328
0.929776
0.982287
1
0.982287
0.929776
0.844328
0.728969
0.587785
0.425779
0.24869
0.0627905
-0.125333
-0.309017
-0.481754
-0.637424
-0.770513
-0.876307
-0.951057
-0.992115
-0.998027
-0.968583
-0.904827
-0.809017
-0.684547
-0.535827
-0.368125
-0.187381
-1.95943e-15
0.187381
0.368125
0.535827
0.684547
0.809017
0.904827
0.968583
0.998027
0.992115
0.951057
0.876307
0.770513
0.637424
0.481754
0.309017
0.125333
-0.0627905
-0.24869
-0.425779
-0.587785
-0.728969
-0.844328
-0.929776
-0.982287
-1
-0.982287
-0.929776
-0.844328
-0.728969
-0.587785
-0.425779
-0.24869
-0.0627905
0.125333
0.309017
0.481754
0.637424
0.770513
0.876307
0.951057
0.992115
0.998027
0.968583
0.904827
0.809017
0.684547
0.535827
0.368125
0.187381
5.87954e-15
-0.187381
-0.368125
-0.535827
-0.684547
-0.809017
-0.904827
-0.968583
-0.998027
-0.992115
-0.951057
-0.876307
-0.770513
-0.637424
-0.481754
-0.309017
-0.125333
0.0627905
0.24869
0.425779
0.587785
0.728969
0.844328
0.929776
0.982287
1
0.982287
0.929776
0.844328
0.728969
0.587785
0.425779
0.24869
0.0627905
-0.125333
-0.309017
-0.481754
-0.637424
-0.770513
-0.876307
-0.951057
-0.992115
-0.998027
-0.968583
-0.904827
-0.809017
-0.684547
-0.535827
-0.368125
-0.187381
4.4112e-15
0.187381
0.368125
0.535827
0.684547
0.809017
0.904827
0.968583
0.998027
0.992115
0.951057
0.876307
0.770513
0.637424
0.481754
0.309017
0.125333
-0.0627905
-0.24869
-0.425779
-0.587785
-0.728969
-0.844328
-0.929776
-0.982287
-1
-0.982287
-0.929776
-0.844328
-0.728969
-0.587785
-0.425779
-0.24869
-0.0627905
0.125333
0.309017
0.481754
0.637424
0.770513
0.876307
0.951057
0.992115
0.998027
0.968583
0.904827
0.809017
0.684547
0.535827
0.368125
0.187381
-4.91097e-16
-0.187381
-0.368125
-0.535827
-0.684547
-0.809017
-0.904827
-0.968583
-0.998027
-0.992115
-0.951057
-0.876307
-0.770513
-0.637424
-0.481754
-0.309017
-0.125333
0.0627905
0.24869
0.425779
0.587785
0.728969
0.844328
0.929776
0.982287
1
0.982287
0.929776
0.844328
0.728969
0.587785
0.425779
0.24869
0.0627905
-0.125333
-0.309017
-0.481754
-0.637424
-0.770513
-0.876307
-0.951057
-0.992115
-0.998027
-0.968583
-0.904827
-0.809017
-0.684547
-0.535827
-0.368125
-0.187381
-3.42901e-15
0.187381
0.368125
0.535827
0.684547
0.809017
0.904827
0.968583
0.998027
0.992115
0.951057
0.876307
0.770513
0.637424
0.481754
0.309017
0.125333
-0.0627905
-0.24869
-0.425779
-0.587785
-0.728969
-0.844328
-0.929776
-0.982287
-1
-0.982287
-0.929776
-0.844328
-0.728969
-0.587785
-0.425779
-0.24869
-0.0627905
0.125333
0.309017
0.481754
0.637424
0.770513
0.876307
0.951057
0.992115
0.998027
0.968583
0.904827
0.809017
0.684547
0.535827
0.368125
0.187381
7.34912e-15
-0.187381
-0.368125
-0.535827
-0.684547
-0.809017
-0.904827
-0.968583
-0.998027
-0.992115
-0.951057
-0.876307
-0.770513
-0.637424
-0.481754
-0.309017
-0.125333
0.0627905
0.24869
0.425779
0.587785
0.728969
0.844328
0.929776
0.982287
1
0.982287
0.929776
0.844328
0.728969
0.587785
0.425779
0.24869
0.0627905
-0.125333
-0.309017
-0.481754
-0.637424
-0.770513
-0.876307
-0.951057
-0.992115
-0.998027
-0.968583
-0.904827
-0.809017
-0.684547
-0.535827
-0.368125
-0.187381
2.94163e-15
0.187381
0.368125
0.535827
0.684547
0.809017
0.904827
0.968583
0.998027
0.992115
0.951057
0.876307
0.770513
0.637424
0.481754
0.309017
0.125333
-0.0627905
-0.24869
-0.425779
-0.587785
-0.728969
-0.844328
-0.929776
-0.982287
-1
-0.982287
-0.929776
-0.844328
-0.728969
-0.587785
-0.425779
-0.24869
-0.0627905
0.125333
0.309017
0.481754
0.637424
0.770513
0.876307
0.951057
0.992115
0.998027
0.968583
0.904827
0.809017
0.684547
0.535827
0.368125
0.187381
9.78479e-16
-0.187381
-0.368125
-0.535827
-0.684547
-0.809017
-0.904827
-0.968583
-0.998027
-0.992115
-0.951057
-0.876307
-0.770513
-0.637424
-0.481754
-0.309017
-0.125333
0.0627905
0.24869
0.425779
0.587785
0.728969
0.844328
0.929776
0.982287
1
0.982287
0.929776
0.844328
0.728969
0.587785
0.425779
0.24869
0.0627905
-0.125333
-0.309017
-0.481754
-0.637424
-0.770513
-0.876307
-0.951057
-0.992115
-0.998027
-0.968583
-0.904827
-0.809017
-0.684547
-0.535827
-0.368125
-0.187381
-4.89859e-15
0.187381
0.368125
0.535827
0.684547
0.809017
0.904827
0.968583
0.998027
0.992115
0.951057
0.876307
0.770513
0.637424
0.481754
0.309017
0.125333
-0.0627905
-0.24869
-0.425779
-0.587785
-0.728969
-0.844328
-0.929776
-0.982287
-1
-0.982287
-0.929776
-0.844328
-0.728969
-0.587785
-0.425779
-0.24869
-0.0627905
0.125333
0.309017
0.481754
0.637424
0.770513
0.876307
0.951057
0.992115
0.998027
0.968583
0.904827
0.809017
0.684547
0.535827
0.368125
0.187381
1.76386e-14
-0.24869
-0.481754
-0.684547
-0.844328
-0.951057
-0.998027
-0.982287
-0.904827
-0.770513
-0.587785
-0.368125
-0.125333
0.125333
0.368125
0.587785
0.770513
0.904827
0.982287
0.998027
0.951057
0.844328
0.684547
0.481754
0.24869
1.07781e-14
-0.24869
-0.481754
-0.684547
-0.844328
-0.951057
-0.998027
-0.982287
-0.904827
-0.770513
-0.587785
-0.368125
-0.125333
0.125333
0.368125
0.587785
0.770513
0.904827
0.982287
0.998027
0.951057
0.844328
0.684547
0.481754
0.24869
3.23393e-14
-0.24869
-0.481754
-0.684547
-0.844328
-0.951057
-0.998027
-0.982287
-0.904827
-0.770513
-0.587785
-0.368125
-0.125333
0.125333
0.368125
0.587785
0.770513
0.904827
0.982287
0.998027
0.951057
0.844328
0.684547
0.481754
0.24869
2.54788e-14
-0.24869
-0.481754
-0.684547
-0.844328
-0.951057
-0.998027
-0.982287
-0.904827
-0.770513
-0.587785
-0.368125
-0.125333
0.125333
0.368125
0.587785
0.770513
0.904827
0.982287
0.998027
0.951057
0.844328
0.684547
0.481754
0.24869
1.66589e-14
-0.187381
-0.368125
-0.535827
-0.684547
-0.809017
-0.904827
-0.968583
-0.998027
-0.992115
-0.951057
-0.876307
-0.770513
-0.637424
-0.481754
-0.309017
-0.125333
0.0627905
0.24869
0.425779
0.587785
0.728969
0.844328
0.929776
0.982287
1
0.982287
0.929776
0.844328
0.728969
0.587785
0.425779
0.24869
0.0627905
-0.125333
-0.309017
-0.481754
-0.637424
-0.770513
-0.876307
-0.951057
-0.992115
-0.998027
-0.968583
-0.904827
-0.809017
-0.684547
-0.535827
-0.368125
-0.187381
-2.0579e-14
0.187381
0.368125
0.535827
0.684547
0.809017
0.904827
0.968583
0.998027
0.992115
0.951057
0.876307
0.770513
0.637424
0.481754
0.309017
0.125333
-0.0627905
-0.24869
-0.425779
-0.587785
-0.728969
-0.844328
-0.929776
-0.982287
-1
-0.982287
-0.929776
-0.844328
-0.728969
-0.587785
-0.425779
-0.24869
-0.0627905
0.125333
0.309017
0.481754
0.637424
0.770513
0.876307
0.951057
0.992115
0.998027
0.968583
0.904827
0.809017
0.684547
0.535827
0.368125
0.187381
1.95981e-14
-0.24869
-0.481754
-0.684547
-0.844328
-0.951057
-0.998027
-0.982287
-0.904827
-0.770513
-0.587785
-0.368125
-0.125333
0.125333
0.368125
0.587785
0.770513
0.904827
0.982287
0.998027
0.951057
0.844328
0.684547
0.481754
0.24869
1.27376e-14
-0.24869
-0.481754
-0.684547
-0.844328
-0.951057
-0.998027
-0.982287
-0.904827
-0.770513
-0.587785
-0.368125
-0.125333
0.125333
0.368125
0.587785
0.770513
0.904827
0.982287
0.998027
0.951057
0.844328
0.684547
0.481754
0.24869
3.42988e-14
-0.24869
-0.481754
-0.684547
-0.844328
-0.951057
-0.998027
-0.982287
-0.904827
-0.770513
-0.587785
-0.368125
-0.125333
0.125333
0.368125
0.587785
0.770513
0.904827
0.982287
0.998027
0.951057
0.844328
0.684547
0.481754
0.24869
2.74383e-14
-0.24869
-0.481754
-0.684547
-0.844328
-0.951057
-0.998027
-0.982287
-0.904827
-0.770513
-0.587785
-0.368125
-0.125333
0.125333
0.368125
0.587785
0.770513
0.904827
0.982287
0.998027
0.951057
0.844328
0.684547
0.481754
0.24869
