0
0.125333
0.24869
0.368125
0.481754
0.587785
0.684547
0.770513
0.844328
0.904827
0.951057
0.982287
0.998027
0.998027
0.982287
0.951057
0.904827
0.844328
0.770513
0.684547
0.587785
0.481754
0.368125
0.24869
0.125333
1.22465e-16
-0.125333
-0.24869
-0.368125
-0.481754
-0.587785
-0.684547
-0.770513
-0.844328
-0.904827
-0.951057
-0.982287
-0.998027
-0.998027
-0.982287
-0.951057
-0.904827
-0.844328
-0.770513
-0.684547
-0.587785
-0.481754
-0.368125
-0.24869
-0.125333
-2.44929e-16
0.125333
0.24869
0.368125
0.481754
0.587785
0.684547
0.770513
0.844328
0.904827
0.951057
0.982287
0.998027
0.998027
0.982287
0.951057
0.904827
0.844328
0.770513
0.684547
0.587785
0.481754
0.368125
0.24869
0.125333
3.67394e-16
-0.125333
-0.24869
-0.368125
-0.481754
-0.587785
-0.684547
-0.770513
-0.844328
-0.904827
-0.951057
-0.982287
-0.998027
-0.998027
-0.982287
-0.951057
-0.904827
-0.844328
-0.770513
-0.684547
-0.587785
-0.481754
-0.368125
-0.24869
-0.125333
6.12323e-16
-0.125333
-0.24869
-0.368125
-0.481754
-0.587785
-0.684547
-0.770513
-0.844328
-0.904827
-0.951057
-0.982287
-0.998027
-0.998027
-0.982287
-0.951057
-0.904827
-0.844328
-0.770513
-0.684547
-0.587785
-0.481754
-0.368125
-0.24869
-0.125333
-7.34788e-16
0.125333
0.24869
0.368125
0.481754
0.587785
0.684547
0.770513
0.844328
0.904827
0.951057
0.982287
0.998027
0.998027
0.982287
0.951057
0.904827
0.844328
0.770513
0.684547
0.587785
0.481754
0.368125
0.24869
0.125333
8.57253e-16
-0.125333
-0.24869
-0.368125
-0.481754
-0.587785
-0.684547
-0.770513
-0.844328
-0.904827
-0.951057
-0.982287
-0.998027
-0.998027
-0.982287
-0.951057
-0.904827
-0.844328
-0.770513
-0.684547
-0.587785
-0.481754
-0.368125
-0.24869
-0.125333
-9.79717e-16
0.125333
0.24869
0.368125
0.481754
0.587785
0.684547
0.770513
0.844328
0.904827
0.951057
0.982287
0.998027
0.998027
0.982287
0.951057
0.904827
0.844328
0.770513
0.684547
0.587785
0.481754
0.368125
0.24869
0.125333
-9.79717e-16
0.125333
0.24869
0.368125
0.481754
0.587785
0.684547
0.770513
0.844328
0.904827
0.951057
0.982287
0.998027
0.998027
0.982287
0.951057
0.904827
0.844328
0.770513
0.684547
0.587785
0.481754
0.368125
0.24869
0.125333
1.10218e-15
-0.125333
-0.24869
-0.368125
-0.481754
-0.587785
-0.684547
-0.770513
-0.844328
-0.904827
-0.951057
-0.982287
-0.998027
-0.998027
-0.982287
-0.951057
-0.904827
-0.844328
-0.770513
-0.684547
-0.587785
-0.481754
-0.368125
-0.24869
-0.125333
-1.22465e-15
0.125333
0.24869
0.368125
0.481754
0.587785
0.684547
0.770513
0.844328
0.904827
0.951057
0.982287
0.998027
0.998027
0.982287
0.951057
0.904827
0.844328
0.770513
0.684547
0.587785
0.481754
0.368125
0.24869
0.125333
4.89983e-15
-0.125333
-0.24869
-0.368125
-0.481754
-0.587785
-0.684547
-0.770513
-0.844328
-0.904827
-0.951057
-0.982287
-0.998027
-0.998027
-0.982287
-0.951057
-0.904827
-0.844328
-0.770513
-0.684547
-0.587785
-0.481754
-0.368125
-0.24869
-0.125333
-1.46958e-15
0.125333
0.24869
0.368125
0.481754
0.587785
0.684547
0.770513
0.844328
0.904827
0.951057
0.982287
0.998027
0.998027
0.982287
0.951057
0.904827
0.844328
0.770513
0.684547
0.587785
0.481754
0.368125
0.24869
0.125333
-1.96067e-15
-0.125333
-0.24869
-0.368125
-0.481754
-0.587785
-0.684547
-0.770513
-0.844328
-0.904827
-0.951057
-0.982287
-0.998027
-0.998027
-0.982287
-0.951057
-0.904827
-0.844328
-0.770513
-0.684547
-0.587785
-0.481754
-0.368125
-0.24869
-0.125333
-1.71451e-15
0.125333
0.24869
0.368125
0.481754
0.587785
0.684547
0.770513
0.844328
0.904827
0.951057
0.982287
0.998027
0.998027
0.982287
0.951057
0.904827
0.844328
0.770513
0.684547
0.587785
0.481754
0.368125
0.24869
0.125333
5.38968e-15
-0.125333
-0.24869
-0.368125
-0.481754
-0.587785
-0.684547
-0.770513
-0.844328
-0.904827
-0.951057
-0.982287
-0.998027
-0.998027
-0.982287
-0.951057
-0.904827
-0.844328
-0.770513
-0.684547
-0.587785
-0.481754
-0.368125
-0.24869
-0.125333
-1.95943e-15
0.125333
0.24869
0.368125
0.481754
0.587785
0.684547
0.770513
0.844328
0.904827
0.951057
0.982287
0.998027
0.998027
0.982287
0.951057
0.904827
0.844328
0.770513
0.684547
0.587785
0.481754
0.368125
0.24869
0.125333
-1.47081e-15
-0.125333
-0.24869
-0.368125
-0.481754
-0.587785
-0.684547
-0.770513
-0.844328
-0.904827
-0.951057
-0.982287
-0.998027
-0.998027
-0.982287
-0.951057
-0.904827
-0.844328
-0.770513
-0.684547
-0.587785
-0.481754
-0.368125
-0.24869
-0.125333
-2.20436e-15
0.125333
0.24869
0.368125
0.481754
0.587785
0.684547
0.770513
0.844328
0.904827
0.951057
0.982287
0.998027
0.998027
0.982287
0.951057
0.904827
0.844328
0.770513
0.684547
0.587785
0.481754
0.368125
0.24869
0.125333
5.87954e-15
-0.125333
-0.24869
-0.368125
-0.481754
-0.587785
-0.684547
-0.770513
-0.844328
-0.904827
-0.951057
-0.982287
-0.998027
-0.998027
-0.982287
-0.951057
-0.904827
-0.844328
-0.770513
-0.684547
-0.587785
-0.481754
-0.368125
-0.24869
-0.125333
-2.44929e-15
0.125333
0.24869
0.368125
0.481754
0.587785
0.684547
0.770513
0.844328
0.904827
0.951057
0.982287
0.998027
0.998027
0.982287
0.951057
0.904827
0.844328
0.770513
0.684547
0.587785
0.481754
0.368125
0.24869
0.125333
-9.80955e-16
-0.125333
-0.24869
-0.368125
-0.481754
-0.587785
-0.684547
-0.770513
-0.844328
-0.904827
-0.951057
-0.982287
-0.998027
-0.998027
-0.982287
-0.951057
-0.904827
-0.844328
-0.770513
-0.684547
-0.587785
-0.481754
-0.368125
-0.24869
-0.125333
-9.79965e-15
0.125333
0.24869
0.368125
0.481754
0.587785
0.684547
0.770513
0.844328
0.904827
0.951057
0.982287
0.998027
0.998027
0.982287
0.951057
0.904827
0.844328
0.770513
0.684547
0.587785
0.481754
0.368125
0.24869
0.125333
6.3694e-15
-0.125333
-0.24869
-0.368125
-0.481754
-0.587785
-0.684547
-0.770513
-0.844328
-0.904827
-0.951057
-0.982287
-0.998027
-0.998027
-0.982287
-0.951057
-0.904827
-0.844328
-0.770513
-0.684547
-0.587785
-0.481754
-0.368125
-0.24869
-0.125333
-2.93915e-15
0.125333
0.24869
0.368125
0.481754
0.587785
0.684547
0.770513
0.844328
0.904827
0.951057
0.982287
0.998027
0.998027
0.982287
0.951057
0.904827
0.844328
0.770513
0.684547
0.587785
0.481754
0.368125
0.24869
0.125333
-4.91097e-16
-0.125333
-0.24869
-0.368125
-0.481754
-0.587785
-0.684547
-0.770513
-0.844328
-0.904827
-0.951057
-0.982287
-0.998027
-0.998027
-0.982287
-0.951057
-0.904827
-0.844328
-0.770513
-0.684547
-0.587785
-0.481754
-0.368125
-0.24869
-0.125333
3.92135e-15
0.125333
0.24869
0.368125
0.481754
0.587785
0.684547
0.770513
0.844328
0.904827
0.951057
0.982287
0.998027
0.998027
0.982287
0.951057
0.904827
0.844328
0.770513
0.684547
0.587785
0.481754
0.368125
0.24869
0.125333
6.85926e-15
-0.125333
-0.24869
-0.368125
-0.481754
-0.587785
-0.684547
-0.770513
-0.844328
-0.904827
-0.951057
-0.982287
-0.998027
-0.998027
-0.982287
-0.951057
-0.904827
-0.844328
-0.770513
-0.684547
-0.587785
-0.481754
-0.368125
-0.24869
-0.125333
-1.23796e-18
-0.125333
-0.24869
-0.368125
-0.481754
-0.587785
-0.684547
-0.770513
-0.844328
-0.904827
-0.951057
-0.982287
-0.998027
-0.998027
-0.982287
-0.951057
-0.904827
-0.844328
-0.770513
-0.684547
-0.587785
-0.481754
-0.368125
-0.24869
-0.125333
3.43149e-15
0.125333
0.24869
0.368125
0.481754
0.587785
0.684547
0.770513
0.844328
0.904827
0.951057
0.982287
0.998027
0.998027
0.982287
0.951057
0.904827
0.844328
0.770513
0.684547
0.587785
0.481754
0.368125
0.24869
0.125333
7.34912e-15
-0.125333
-0.24869
-0.368125
-0.481754
-0.587785
-0.684547
-0.770513
-0.844328
-0.904827
-0.951057
-0.982287
-0.998027
-0.998027
-0.982287
-0.951057
-0.904827
-0.844328
-0.770513
-0.684547
-0.587785
-0.481754
-0.368125
-0.24869
-0.125333
-3.91887e-15
0.125333
0.24869
0.368125
0.481754
0.587785
0.684547
0.770513
0.844328
0.904827
0.951057
0.982287
0.998027
0.998027
0.982287
0.951057
0.904827
0.844328
0.770513
0.684547
0.587785
0.481754
0.368125
0.24869
0.125333
-3.91887e-15
0.125333
0.24869
0.368125
0.481754
0.587785
0.684547
0.770513
0.844328
0.904827
0.951057
0.982287
0.998027
0.998027
0.982287
0.951057
0.904827
0.844328
0.770513
0.684547
0.587785
0.481754
0.368125
0.24869
0.125333
4.88621e-16
-0.125333
-0.24869
-0.368125
-0.481754
-0.587785
-0.684547
-0.770513
-0.844328
-0.904827
-0.951057
-0.982287
-0.998027
-0.998027
-0.982287
-0.951057
-0.904827
-0.844328
-0.770513
-0.684547
-0.587785
-0.481754
-0.368125
-0.24869
-0.125333
2.94163e-15
0.125333
0.24869
0.368125
0.481754
0.587785
0.684547
0.770513
0.844328
0.904827
0.951057
0.982287
0.998027
0.998027
0.982287
0.951057
0.904827
0.844328
0.770513
0.684547
0.587785
0.481754
0.368125
0.24869
0.125333
7.83898e-15
-0.125333
-0.24869
-0.368125
-0.481754
-0.587785
-0.684547
-0.770513
-0.844328
-0.904827
-0.951057
-0.982287
-0.998027
-0.998027
-0.982287
-0.951057
-0.904827
-0.844328
-0.770513
-0.684547
-0.587785
-0.481754
-0.368125
-0.24869
-0.125333
9.78479e-16
-0.125333
-0.24869
-0.368125
-0.481754
-0.587785
-0.684547
-0.770513
-0.844328
-0.904827
-0.951057
-0.982287
-0.998027
-0.998027
-0.982287
-0.951057
-0.904827
-0.844328
-0.770513
-0.684547
-0.587785
-0.481754
-0.368125
-0.24869
-0.125333
2.45177e-15
0.125333
0.24869
0.368125
0.481754
0.587785
0.684547
0.770513
0.844328
0.904827
0.951057
0.982287
0.998027
0.998027
0.982287
0.951057
0.904827
0.844328
0.770513
0.684547
0.587785
0.481754
0.368125
0.24869
0.125333
8.32884e-15
-0.125333
-0.24869
-0.368125
-0.481754
-0.587785
-0.684547
-0.770513
-0.844328
-0.904827
-0.951057
-0.982287
-0.998027
-0.998027
-0.982287
-0.951057
-0.904827
-0.844328
-0.770513
-0.684547
-0.587785
-0.481754
-0.368125
-0.24869
-0.125333
-4.89859e-15
0.125333
0.24869
0.368125
0.481754
0.587785
0.684547
0.770513
0.844328
0.904827
0.951057
0.982287
0.998027
0.998027
0.982287
0.951057
0.904827
0.844328
0.770513
0.684547
0.587785
0.481754
0.368125
0.24869
0.125333
